1 100 100 2
5 2 10 7 6 9 8 8 2 8 1 2 3 9 6 1 8 3 1 6 6 3 3 9 8 9 10 3 4 5 6 7 10 6 7 3 10 6 4 2 4 6 3 3 7 5 4 7 3 5 7 3 1 8 8 1 9 1 6 3 8 9 5 3 3 3 10 7 2 4 4 6 2 7 1 6 4 1 4 10 7 7 8 10 7 5 10 8 5 6 10 1 1 1 7 5 10 6 3 4
0.59 98 2 5 13 8 57 82 94 29 58 56 64 78 33 63 89 15 68 26 74 51 49 37 54 47 96 3 66 92 17 87 60 79 41 1 46 10 14 76 61 50 43
0.12 48 60 47 73 27 24 50 19 81 62 51 15 56 77 74 0 49 21 46 34 41 88 5 76 63 87 90 95 57 64 45 35 1 58 99 22 55 69 11 70 18 9 61 96 43 98 53 52 92 42 59 82 33
0.08 68 13 25 50 75 89 24 19 71 69 66 9 65 63 43 17 34 57 61 58 37 16 27 31 72 62 12 46 5 7 87 93 78 52 51 21 95 41 67 84 26 73 29 44 60 2 85 8 96 33
0.11 41 24 44 28 77 95 46 89 74 87 73 22 5 37 78 4 43 25 58 69 12 20 57 85 30 13 55 27 92 23 53 60 3 50 91 86 8 98 72 19 6 31 67 79 90 88 76 75 68 59 17 62 83 21 56 29 14 32 9 47 16 84 2 81 65 96 66 33 61 40 10 49 11 34 45 51 80 97 52 63 54 39 70 48 26 7
0.24 62 42 24 53 95 57 99 64 40 81 88 54 78 29 79 51 43 47 33 39 55 61 45 38 41 4 94 73 11 30 0 17 26 85 21 22 34 96 48 92 86 32 63 90 66 83 80 27 15
0.86 89 47 33 55 25 56 10 31 4 96 36 52 78 2 54 38 71 65 46 75 62 42 73 14 45 18 82 0 53 48 85 24 68 6 13 49 17 7 16 80 77 97 76 44
0.14 97 43 21 22 47 16 31 70 83 76 6 73 23 15 0 71 58 96 4 42 44 79 29 90 5 3 30 84 14 10 45 24 41 34 82 88 32 64 69 53 25 98 7 81 9 28 94 95 59 20 26 1 62 19 60 78 49 57 99 74 52 33 89 87 80 35 66 68 48 65 54
0.62 79 66 37 69 28 1 81 44 78 67 70 4 16 65 88 57 0 86 39 11 24 55 6 97 14 47 36 38 42 77 32 61 25 93 56 76 58 98 99 23 22 89 8 92 87 52 72 13 43 49 62 91 17 63 74 15 20 35 10 12 83 5 33 18 80 85 29 53 27 95 45 64 82 94 2 75
0.30 56 33 25 2 43 65 45 37 0 52 74 92 98 30 82 42 9 21 4 47 54 15 83 63 90 94 72 35 77 53 93 34 60 58 67 49 51 6 5 70 96 39 8 44 64 22 80 50 31 14 19
0.59 7 15 93 80 33 23 64 73 84 4 90 32 89 10 82 76 95 75 86 16 40 53 65 78 28 96 36 55 12 63 17 26
1.00 73 67 44 94 64 13 86 47 35 19 53 41 5 91 23 97 92 28 75 50 9 31 14 16 24 11 63 20 15 36 18 58 4 42 83 98 89 76 45 87 66 34 33 48 71 60 69 26 54 74 2 82 57 90 62 46 59 96 29 95 88 43 49 17 12 65 37 7 1 3 81 56 25 78 6 77 55 79 51 80 0 22 52 21 99 27 40 72 93
0.67 62 8 89 51 43 17 86 61 46 56 5 55 12 47 65 14 59 25 53 33 19 97 52 91 84 21 75 72 15 3 45 70 88 74 94 80 49 57 48 99 98 60 76 7 82 77 58 64
0.77 64 66 74 88 37 40 9 44 97 70 50 10 95 43 77 8 76 59 14 36 91 22 39 90 29 89 23 62 58 38 35 86 3 28 55 15 94 80
0.79 49 90 69 31
0.51 2 86 7 36 70 51 49 44 17 29 92 35 75 33 5 71 96 97 48 6 31 9 66 28 22 34 45 19 46 87 65 4 80 64 37 79 95 55 60 26 77 20 62 67 52 30 11 82 57 25 47 15 85 76 63 0 42 24 73 91 40 50 72 99 13 83 93 84 10 14 1 61 16 32 18 59 81 53 54 88 43 58 56 8 23
0.26 5 7 83 85 34 69 3 40 25 88 95 47 14 58 22 52 28 54 80 59 10 65 63 55 32 41 9 77 94 92 99 0 97 75 18 11 20 45 78 90 67 60 1 87 31 96 46 12 57 37 79 91 35 68 44 70 51 43 17 33 50 42 48 53 8 19 98 6 72 39 26 89 62 73 24 76 15 36 30 4 27 29 74 66 13 84 71 82 21 16 49 23 2 61 86 38 81
0.30 1 97 17 48 88 29 87 20 42 64 43 83 16 72 8 31 51 27 39 65 59 15 44 66
0.50 40 72 66 14 3 25 98 81 80 89 41 7 60 44 26 11 69 4 27 88 35 43 78 48 68 73 47 62 63 84 57 37 82 42 1 8 0 31 32 21 55 91 54 75 24 22 19 53 29 5 34 93 70 56
0.03 73 63 68 96 1 22 3 72 34 64 53 75 37 89 30 85 17 84 33 62 55 26 23 77 74 83 13 36 67 52 49 47 11 71 56 20 90 58 80 45 69 94 27 60 2 9 28 99 54 6
0.54 75 60 84 15 55 9 90 24 88 83 46 31 49 92 12 0 95 33 23 87 47 14 48 93 50 52 81 56 89 53 63 27 10 36 71 26 86 8 30 11 76 73 29 16 91 5 21 42 41 17 25 61 4 51 77 68 78 13 97 7 70 64 19 69 79 94 66 43 82 38 96 40
0.00 36 77 85 17 35 48 22 94 61 55 47 34 30 25 0 84 21 37 15 92 68 63 59 33 23 56 9 79 13 54 58 60 45 1 64 70 4 19 51 11 49 10 82 31 66 53 6 50 72 44 71 14 8
0.13 78 40 68 4 20 50 63 96 87 0 89 71 98 82 18 84 5 70 12 9 27 30 66 21 28 86 54 1 2 88 38 25 44 77 56 51 41 6 10 35 47 49 72 37 69 81 53 60 83 23 73 55 48 11 33 17 24 79 42 52 85 80 65 32 22 92 15 61 62 8 76 58 19 74 75 57 90 97 45 91 59 36 67 29 99 31 43 34 26
0.14 8 59 73 41 65 69 34 20 45 58 99 75 24 46 31 90 17 51 26 80 25 88 52 4 67 96 61 36 44 38 55 33 40 74 0 95 98 29 35 86 63 43 15 82 10 1 56 57 94 97 68 62 53 5 66 79 92 18 39 50 7 19 2 9 54 72 37 76 81 84 87 89 28 64 47 23 48 71 27 49 13 78
0.86 56 14 30 51 9 61 91 54 5 24 33 63 89 2 95 0 21
0.65 52 67 70 93 61 58 29 62 7 1 19 39 12 41 64 60 42 59 21 37 4 90 17 10 0 48 98 24 74 28 27 97
0.36 66 80 39 56 52 17 64 27 41 68 91 33 67 31 32 7 51 95 54 94 9 50 34 97 16 18 57 53 14 28 5
0.19 53 21 46 25 98 58 93 38 82 32 14 83 60 33 95 18 45 7 17 69 76 50 39 86 55 79 57 10
0.30 31 70 97 90 95 60 37 69 4 21 18 86 6 43 35 62 74 50 24 98 81 14 7 11 51 28 73 72 33 78 46 30 19 58 10 89 1 22 12 53 75 82 96 40 13 38 5 87 57 16
0.43 11 3 89 63 67 90 65 31 79 57 0 4 19 9 37 83 70 8 48 2 21 39 85 23 13 41 94 5 53 95 7 59 47 82 62 15 91 58 10 12 27 97 1 64 29 40 45 99 92 16 44 55 52 42 26 20 96 60 81 68 78 66 32 34 6 87 84 36 93 72 69 30 54 73 24 76 14 71 18 80 88 56
0.46 36 6 39 23 46 0 97 14 76 16 37 65 22 66 80 38 88 95 54 20 17 90 74 50 78 34 71 29 72 18 59 70 75 28 25 87
0.09 53 83 75 16 41 95 21 48 9 52 23 14 56 17 73 61 98 51 15 69 44 49 12 24 84 97 92 67 55 20 36 47 7 70 18 94 89 78 29 33 96 6 4 54 11 88 60 2 77 86 65 87 76 63 58 85 31 22 5 66 68
0.94 65 30 99 13 25 49 86 62 55 51 68 10 48 41 78 42 36 22 76 26 60 81 91 31 7 27 72 79 2 90 37 23 52 89 70 35 61 54 74 1 34 6 57 73 71 38 45 95 94 44 16 29 20 58 19 59 8 87 85 63 24 67 47 33 28 69 46 93 82 56 43 84 66 18 96 14 4 3 5
0.20 87 56 53 3 76 94 41 31 32 59 20 71 61 63 70 6 45 33 13
0.86 5 60 12 6 8 38 74 95 59 32 47 73 40 21 84 88 90 15 51 17 85 64 57 55 50 49 26 66 23 48 69 52 39 86 75 97 18 70 16 79 46 24 22 62 58 67 81 87 28 82 98 20 72 91 2 3 42 65 80 45 36 71 9 93 78 33 35 94 68 89 7 31 83 34 41 10 61 56 29 76
0.38 42 61 29 53 0 6 91 31 12 34 36 59 18 87 94 77 96 95 72 20 73 52 51 74 86 10 44 69 54 46 63 1 88 23 98 50 19 82 55 66 58 11 37 2 80 97
0.75 18 49 53 62 83 77 82 81 44 73 20 57 95 37 30 91 65 71 88 98 32 25 7 39 96 13 64 89 40 85 23 19 22 27 55 67 29 9 4 63 60 75 14 97 76 43 12 51 52 10 84 45 69 94 16 0 15 48 70 6 86 26 58 92 66 50 36 5 28 68 90 93 34 21 78 99 38 72 31 74 8 24 33 87 56 59 17 3 80 79 1 46 2 35 61
0.88 71 11 8 32 23 92 36 87 43 83 94 7 18 39 24 93 37 74 77 29 12 67 91 61 46 48 9 81 98 25 65 84 55 97 66 41 49 47 96 85 80 51 14 44 58 38 5 2 60 63 68 22 70 6 1 45 90 28 86 31
0.82 28 58 22 92 67 16 31 78 6 65 46 57 33 49 60 84 44 41 0 47 66 51 85 20 95 79 2 56 17 91 59 72 36 97 50 90
0.64 0 21 59 80 88 17 61 51 39 64 96 74 84 55 35 43 18 65 78 91 2 8 58 22 70 60 40 50 85 83 71 6 14 15 48 47 79 93 66 41 81 4 98 77 69 67 68 54 9 89 12 3 25 75 52 73 90 19 5 36 38 30 95 13 42 7 99 53 97 82 20 37 57 23 1 32 24 87 44 49 11 62 10
0.23 43 19 10 92 25 71 56 7 24 36 32 95 4 98 84 78 91 68 96 62 99 15 1 72 66 20 61 83 64 11 81 42 5 44 54 73 37 90 28 97 74 14 12 26 53 39 79
0.87 97 54 2 76 43 60 70 65 5 85 78 27 16 94 42 20 19 74 49 81 51 63 79 9 68 28 11 45 12 61 10 86 0 53 98
0.36 7 26
0.49 76 92 61 9 33 47 44 1 38 41 4
0.84 94 26 96 79 48 66 69 74 70 4 25 12 99 61 16 15 64
0.18 88 60 32 23 21 75 42 7 40 20 80 49 89 62 33 4 94 76 13 98 99 58 3 51 37 63 97 11 68 17 85 27 86 95 71 30 48 14 10 59 61 0 44 65 55 52 78 8 91 72 34 36 53 79 25 16 92 5 45 41 1 18 70 84 69 50 82 73 43 35
0.79 95 25 7 30 5 87 36 86 77 20 13 90 51 67 72 33 46 18 64 53 80 89 6 37 3 32 22 63 83 0 71 47 57 81 8 4 99 26
0.33 36 11 93 80 87 47 99 2 74 24 86 72 76 59 48 98 56 12 17 30 3 1 61 20 35 44
0.36 6 25 20 92 8 12 11 53 50 59 22 60 0 99 95 23 81 34 82 21 54 70 67 85 64 77 58 27 48 42 90 24 1 4 46 62 98 97 87 78 3 73 65 26 93 43 2 76 66 31 83 38 18 15 14 29 5 68 56 75 61 88 44 40 19 94 39 55 57 9 86 52 13 37 35 41 36 17 47 63 28 84 71 80 69 33 89 96 16 72 32 91 49
0.35 36 45 57 4 96 44 65 24 25 98 11 39 72 50 1 89 0 73 58 62 66 59 15 10 52 88 56 77 43 19 14 35 93 75 90 69 8 23 94 37 29 53 55 54 99 74 95 60 81 97 80 63 83 13 84 28 16 85 46 82 3 47 67 27 48 51 92 41 31 49 32 79 71 33 76
0.67 15 56 86 49 80 79 95 75 63 29 71 44 62 77 28 4 54 36 83 81 78 11 47 84 2 26 1 60 13 27 34 53 82 88 24 9 92 97 57 31 65 35 33 93 40 12 22 61 38 10 37 51 20 94 69 70 32 48 67 72 17 55 73 74 18 90 52 96 89 42 30 7 91 85 16 14 41 0 19 46 68 87 23 66 98 50 58 21 76 99 45 43 59 25 6
0.85 20 24 33 70 44 51 31 77 12 25 42 50 22 91 76 93 2 3 80 36 19 82 39 73 53 4 96 32 99 1 13 68 90 35 28 74 94 49 43 81 60 56 48 26 85 63 61 66 29 54 45 58 10 46 57 30 37 69 89 23 7 88 64 87 65 52 75 14 62 18 59 5 17 38 55 34 27 84 6 86 72 78 15 16
0.59 77 20 39 55 99 32 36 22 40 9 54 93 51 91 11 59 27 84 65 68 87 31 62 30 85 94 43 63 47 95 23 49 52 82 8 5 73 70 76 66 0 17 29 7 15 90 44 45 96 35 3 38 74 69 12 56 80 71 92 57 6 25 10 97 33 14 64 89 79 18 83 28 34 86 21 4 19 16 42 26 61 13 88 48 98 2 72 50 78 41 46 24
0.53 32 38 42 45 2 40 31 11 30 73 22 3 47 27 58 20 68 5 10 89 93 0 71 96 29 82 52 55 66 7 70 78 18 1 60 61 57 91 12 88 90 87 84 13 80 4 69 99 62 53 41 28 37 51 15 92 65 94 34 48 63 95 23 64 19 56 25 59 24 76 67 26 46 8 97 17 81 54 85 39 86 43
0.19 41 77 3 15 5 66 95 10 78 49 40 1 65 33 87 28 83 73 7 44 90 36 60 74 18 4 92 81 37 70 98 51 53 2 50 32 89 13 86 23 94 71 9 39 85 96 35 34 64 30 68 57 54 12 26 22 11 67 72 31 62 59 79 52 45 19 93 58 42 20 21 38 80 75 16 6 84 14
0.04 86 9 55 99 72 64 83 23 98 7 78 75 58 79 62 84
0.43 94 15 80 29 54 40 81 68 49 32 55 73 90 19 46 60
0.80 83 92 79 82 27 21 67 9 10 93 63 52 88 56 71 28 41
0.96 17 9 70 74 76 20 26 90 96 75 71 89 18 86 51 57 25 99 82 50 38 1 29 37 36 6 49 72 48 28 63 8 5 27 21 97 47
0.86 24 39 66 89 27 2
0.69 30 36 44 55 7 92 32 41 89 53
0.47 66 65 6 71 33 12 9 19 50 61 7 24 37 58 97 35 31 94 88 91 34 52 0 83 21 39 29 80 38 75
0.10 34 32 44 82 4 3 65 97 77 51 37 9 87 72 22 15 92 11 54 45 73 57 75 40 26 48 85 49 39 19 52 83 25 59 20 47 21 86 28 79 95 36 98 5
0.20 19 44 99 67 4 8 81 40 59 51 6 38 35 20 92 82 63 86 53 10 61 27 72 17 41 96 71 65 29 0 64 43 39 69 89 78 14 70 47 58 18 42 77 46
0.68 59 30 85 84 54 77 37 7 55 95 64 71 8 9 67 96 39 24 28 50 4 3 56 41 1 99 5 66 74 57 15 92 0 82 93 45 75 98 90 34 60 53 88 86 80 58 89 19 42 81 79 91 52 16 49 13 11 73 69 65 38 23 17 46 62 47 6 25 83 68 18 14 48 61 87 40 36 2 26 78 94 43
0.74 87 48 41 35 39 15 89 45 56 86 10 59 84 70 65 27 9 4 25 73 71 83 0 99 21 75 68 80 64 37 36 82 31 6 50 67 28 32 79 63 19 91 5 51 47 60 20 12 23 98 88 78 93 58 2 3 18 55 26 24
0.52 95 28 91 33 49 67 53 59 68 22 18 48 83 98 94 12 3 17 36 20 76 32 96 26 4 52 38 41 80 55 7 19 71 43 99 72 1 2 65 14 97 29 86 88 57 8 11 62 75 79 73 39 34 77 16 85 50 74 92 15 23 44 54 30 87 90 81 13 40 25 46 60 56 6 70 9 31 61
0.43 76 80 47 91 98 93 49 56 58 30 33 5 36 95 29 41 78 64 25 92 1 42 10 53 52 59 66 14 85 54 71
0.04 11 36 1 92 61 45 81 76 10 39 16 96 63 35 4 24 34 85 52 22 65 53 41 25 46 17 19 69 62 38 27 67 20 9 89 90 64 30 57 32 6 12 31 75 91 83 98 86 49
0.13 29 72 75 57 69 33 71 65 35 97 30 56 12 93
0.94 34 54 79 99 31 28 15 86 48 3 56 29 43 40 59 9 66 96 38 23 19 37 65 94 51 22 16 18 92 33 53 42 85 44 71 90 80 64 89 25 69 21 5 57 87 39 6 10 83 81 35 73 93 4 17 8 20 91 11 12
0.26 67 31 39 66 11 94 78 48 27 9 37 97 28 42 6 14 21 51 20 61 40 92 25 73 5 58 26 10 95 49 85 17 70 69 15 68 71 44 36 53 4 62 84 30 82 22 63 54 16 50 32 19 91 18 46 76 55 90 43 93 13 7
0.74 93 29 79 13 86 77 23 78 31 72 16 0 35 8 56 40 7 55 82 17 25 51 41 33 4 83 73 91 5 15 47 48 75 9 85 11 66 28 19 63 58 90 98 76 10 37 97 39 92 14 94 2 20 21 12 46 68 53 6 88 70 26 27 99 59 67 71 52
0.03 15 35 52 4 1 51 82 65 60 67 41 85 64 26 86 0 27 96 17 77 92 99
0.87 85 49 95 69 74 40 70 14 98 50 89 37 39 7 23 47 90 94 33 59 57 66 44 97 15 4 24 35 29 10 72 42 38 71 54 41 51 30 73 1 91 32 84 45
0.97 76 15 82 98 78 74 46 58 24 38 85 99 60 88 63 94 27 1 89 34 28 3 22 19 35 84 65 81 41 61 4 55 25 13 23 80
0.80 18 60 86 84 87 21 93 95 29 23 46 30 48 37 44 39 80 75 47 56 69 1 94 45 51 59 4 64 61 88 38 96 32 78 79 0 15 52 27 85 19 12 83 58 9 33 89 76 92 5 74 35 6 8 70 36 40 2 26 11 90 91 16 31 43 66 97 50 7 34 54 41 62 3 13
0.95 48 87 60 96 32 58 91 4 36 62 10 27 77 79 92 38 83 88 19 97 64 70 40 45 65 90 25 82 0 37 59 23 95 98 73 72 57 81 46 78 9 51 89 29 71 41 56 52 99 17 21 20 26 11 31 3
0.66 28 62 4 56 61 20 93 26 50 34 82 63 45 21 40 22
0.20 75 20 13 4 3 15 95 80 41 79 67 26 82 92 45 27 97 35 64 10 6 17 58 56 0 12 19 54 1 66 22 63 68 52 57 86 7 32 23 38 28 78 21 46 49 5 25 61 87 24 90 30 70 9 98 34 42 2 47 99 48 88 39 50 60 77 37 96 72 18 33
0.97 31 94 3 49 72 50 34 20 81 15 60 89 48 10 32 65 12 39 91 77 26 47 84 87 17 43 59 57 98 93 8 5 11
0.15 35 33 50 48 43 34 55 62 76 40 86 20 51 68 44 13 59 27 30 98 36 52 93 38 57 70 88 0 87
0.02 45 53 44 47 70 86 54 98 75 7 95 52 40 29 58 71 4
0.70 78 23 81 52 41 67 31 27 7 58 96 74 26 47 39 60 25 17 4 37 83 55 97 38 2 35 61 89 85 50 0 86 92 79 69 94 36
0.30 33 0 34 21 5 27 87 98 94 31 71 66 32 25 92 80 61 97 74 47 38 1 96 78 63 42 29 43 82 49 53 4 64 26 2 37 55 45 48 14 70 19 90 7 81 30 6 44 10 36 3 56 99 58 76 8 89 84 68 39 88 79 52 73 11 13 18 20 24 50 51 41 15 67 35
0.62 20 52 13 8 28 99 90 4 3 18 84 41 89 79 12 26 59 96 66 34 91 60 16 24 74 42 5 32 14 22 63 39 45 10 94 56 30 87 19 49 81 21 54 82 93 72 53 83 67 17 47 27 38 58 7 65 35 46 33 68 77 40 43 23 11 73 31 70 50 98 88 62 25 29 75 64 48 15 71 61 92 2 37 36 76 78 69 80 86 0 85 95
0.45 30 12 39 6 40 57 43 15 50 60 97 69 84 78 66 75 53 81 52 28 10 72 95 83 56 24 33 73 65 82 67 14 8 70 37 80 22 74 26 3 20 5 31 62 19 46 98 23 35 94 51 87 38 25 0 1 86 36 4 18 21 79 34 55 89 90 92 41 47 45 44 11
0.52 97 91 45 75 40 74 19 80 53 69 47 64 5 43 0
0.21 12 43 79 91 38 9 84 82 71 95 41 25 19 22 8 36 78 98 70 64 57 6 66 94 75 4 39 67 7 59 87 65 15 27 28 51 35 0 24 85 77 33 14 90 81 83 96 30 1 89 55 46 40 93 16 23 20 58 86 49 26 88 42 21 99 63 18 61 37 48 54 53 5 74 32 47 2 50 97 52 17 73 34 80 31 68 92 56 62
0.98 42 7 64 58 38 16 37 1 59 83 61 92 13 35 5 25 32 4 67 51 33 93 17 69 50 65 10 15 24 26 73 9 41 29 81 74 28
0.72 97 10 61 26 84 96 86 32 74 41 58 3 88 54 75 2 7 72 11 46 73 89 77 8 33 93 65 34 99 35 39 50 63 5 91 24 43 18 87 36 90 56 85 6 15 13 78 23 40 83 28 31 12 94 45 25 19
0.66 59 12 27 84 7 51 99 39 17 86 87 26 90 38 25 46 31 47 58 3 93 95 9 6 34 24 67 43 60 2 40 1 54 63 91 16 10 76 64 22 33 74 79 82 80 66 49 89 29 15 94 97 30 28 13 81 77 83 78 71 55 42 44 32 65 52 35 21 85 36 50 72 37 57 23 88 98 73 69 56 70 96
1.00 8 30 54 13 61 14 23 93 26 75 91 72 83 38 97 63 66 89 3 60 65 21 2 35 71 95 40 80 55 6 39 0 24 19 82 50 84 67 96 92 64 73 1 41 44 34 98 10 58 12 5 70 85 53 99 47 59 20 79 49 32 28 17 4 45 37 74 78 33 22 68 76 81 62 52 88 86 46 94 43 57 18 27 48 16 29
0.79 6 61 7 22 85 90 87 72
0.02 25 89 35 53 81 95 9
0.37 31 41 69 42 62 23 10 71 30 21 33 81 58 83 1 25 61 96 60 38 77 84 99 98 22 44 45 76 64 26 74 7 72 2 16 4 29 78 50 28 57 46 97 48 43 18 32 47 86 20 68 36 82 55 3 39 13 0 40 94 27 65 79 34 90 37 75 89 35 67 93 12 5 59 70 91
0.56 34 71 0 56 36 68 97 40 38 89 42 92 74 81 4 76 91 8 39 79 47 35 18 41 66 51 30 15 62 6 23 25 82 44 59 43 88 87
0.51 69 45 86 64 34 47 18 20 31 88 14 15 7 9 6 87 90 61 50 67 22 95 23 53 21 52 58 44 8 92 32 11 97 65 39 5 62 71 93 38 0 57 3 81 13 37 77 29 63 85 94 91 2 74 80 99 49 51 40 83 96 72 76 66 10 24 60 70 79 43 30 41 36 16 82 35 68 4 33 73 78 27 48 55 54 1 42 89 46 25 19 12 98 56 28 17 26
0.53 96 70 26
0.17 18
0.33 98 72 89 84 9 99 93 27 17 69 31 6 19 67 74 97 10 38
