1 100 60 0
10 4 10 7 2 1 4 2 8 10 5 3 5 10 3 4 4 4 6 9 8 4 5 9 4 4 7 2 6 3 7 6 1 8 10 4 9 7 10 9 4 2 6 10 10 9 4 2 10 3 6 1 5 1 8 10 5 6 6 2 1 9 8 7 9 10 4 2 7 6 2 1 1 3 6 3 8 8 2 8 8 10 3 2 10 7 4 10 2 8 2 4 9 5 4 3 2 5 1 6
0.74 32 29 6 62 38 60 34 64 73 57 44
0.36 49 8 10 31 74 87 32 96 69 62 2 90 73 38 27 0 76 47 4 92 60 80 61 26 84 9 77 91 7 35 94 44 43 99
0.85 27 80 37 40 79 33 88 18 21 51 81 6 36 41 29 62 56 71 99 25 58 73 97 77 70 83 24 8 93 15 75 60 54 2 23 74 67 52 38 68 76 96 7 91 57 13 5 90 10 45 9 22 43 98 20 0 64 55 78 63 69 86 1 53 84 50
0.12 50 40 66 41 37 33 91 79 29 30 84 94 58 96 5 67 38 62 69 13 28 72 88 10 99 2 48 36 92 81 18 77 6 22 32 43 51 46 19 25 65 60 82 87 11 59 75 63 4 98 16 34 12 20 49 83 76 45 86 0 3 78 57 61 1 26 35 95 71 90 9 24 7 56 44 31 53 74 27 15 54 42 52 14 68 73 47 80 85 70 23 21 97 8
0.38 44 36 75 68 48 2 27 10 4 87 72 3 69 79 71 6 78 14 61 90 39 96 29 19 45 63 12 30 94 31 8 18 81 50 49 32 58 33 28 84 1 43 70 98 65 40 37 23 51
0.58 85 58 68 97 35 13 88 66 80 62 47 95 22 53 65 84 30 42 81 10 91 93 98 43 67 74 82 8 37 59 61 26 39 96 9 89 31 34 18 79 1 6 52 24 71 12 90 63 87 21 28 4 86 99 70 72 0 55 44 48 51 83 3 54 11 19 32 20 64 76 56 33 17 50 29 92 69 46 77 5 25 57 38
0.19 55 97 31 75 47 51 88 73 83 10 89 39 65 42 43 62 41 1 61 23 20 46 82 28
0.07 89 46 13 34 64 55 77 83 52 94 82 21 60 92 5 37 76 16 31 95 56 27 66 18 30 9 2 3 59 8 57 93 29 81 51 39 69 85 91 79 53 68 26 73 35 4 80 96 7 40 63 58 28 6 90 48 36 44 50 41 42 67 99 84 97 86 61 10 11 72
0.89 33 93 76 97 83 7 8 38 70 22 96 40 48 81 42 27 43 24 12 14 89 82 19 51 20 30 49 74 67 17 94 77 32 47 52 73 72 79 25 29 2 46 5 60 41 1 64 34 39 75 90 28 9 91 98 16 53 13 87 86 55 44 45 78 62 61 95 92 23 65 31 54 18
0.17 53 58 66 45 13 8 12 90 61 57 75 15 36 88 87 84 80 14 1 3 82 40 60 16 78
0.04 94 81 24 3 4 99 70 61 76 42 84 65 83 93 12 64 8 7 35 45 74 98 96 82 54 28 78 16 38 56 5 10 30 0 33 55 66 31 51 34 44 14 20 77 52 71 86 13 75 69 43 9 59 85 1 2 63 95 15 37 18 62 32 21 40 46 57 88 41 53 26 17 50 97 89 6 67 73 90
0.23 92 19 28 30 26 60 9 45 48 59 90 69 91 31 95 64 11 50 44 32 3 77 18 14 8 15 16 63 34 25 24 79 36 89 0 22 86 70 4 42 7 49 38 47 57 87 27 81 82 6 37 73 76 66 85 39 29 1 52 68 80 54 75 98 56 55 17 65 23 10
0.32 44 31 66 72 22 27 70 91 64 56 34 42 52 63 65 62 46 9 4 71 98 68 85 95 18 55 99 89 47 92 41 28 30 90 50 94 78 2 67 19
0.80 94 77 33 3 59 87 69 11 50 67 71 95 64 24 44 4 6 9 83 86 0 75 68 18 17 62 14 22 31 82 80 27 10 51 2 72 29 58 15 61 43 13
0.97 63 92 45 46 41 34 72 0 35 29 98 97 19 85 86 2 80 37 39 53 67 9
0.87 35 91 74 63 68 33 8 17 71 75 23 72 42 18 53 25 13 98 87 15 56 59 21 6 29 19 54 32 81 77 24 99 95 92 78 90 9 79 61 57 45 84 66 40 27 34 94 64 49 16 55 12 73 14 82 80 88 93 1 83 38 7 89 96 41 3 2 65 85 43 97 67 39 86 62 60 58 70 47 48 44 31 26 69 4 0 51 10 52 30 28 36 20 5
0.96 54 65 18 56 77 83 93 84 22 6 36 67 71 21 26 28 35 64 95 85 38 37 70 39 57 1 53 82 88 61 33 23 69 73 78 90 31 19 43 63
0.17 74 19 95 4 16 63 53 48 90 97 64 43 66 54 62 89 78 47 56 23 55 58 9 14 81 35
0.52 95 73 79 22 31 15 9 55 60 32 91 99 27 36 8 21 86 87 10 62 29 85 28 24 76 20 40 33 13 16 44 5 92 75 3 81 7 34 96 89 88 72 35 93 30 84 11 17 78 90 46 53 74 12 61 94 56 80 50 39 18 1 70 98 49 67 71
0.97 44 0 88 92 16 97 34 70 2 85 14 89 58 60 32 26 37 38 55 18 75 90 27 68 63 11 86 94 25 9 98 64 40 53 45 17 57 96 50 52 79 56 93 83 46 12 54 19 35 67 5 71 7 30 10 82 28
0.01 6 96 27 57 40 20 86 91 21 30 24 18 63 43 77 94 50 97 85 9 47 16 66 42 56 10 41 69 55 33 26 45 79 80 93 1 71 54 98 34 62 39 92 74 28 58 46 22 14 35 81 12 70 59 95 75 61 48 67 84 15
0.49 4 62 79 5 29 63
0.37 85 73 54 72 67 62 81 80 4 11 3 58 87 17 7 25 59 66 60 22 14 95 9 30 42 76 13 74 24 71 33 44 86 68 38 88 99 39
0.43 55 95 51 42 93 91 15 67 20 45 66 46 35 22 4 12 82 73 29 87 13 61 38 19 2 10 92 79 24 26 1 59 39 63 88 0 31 72 86 40 96 5 81 14 68 37 62 94 71 41 18 9 57 17 76 27 64 8 84 50 7 28 75 54
0.47 5 30 50 10 11 71 46 16 36 41 90 8 53 28 77 38 54 67 23 62 63 94 1 3 0 52 93 78 19 57 56 66 18 76 47
0.66 47 61 76 32 54 69 42 37 3 35 88 4 48 2 39 1 81 94 10 62 93 68 23 13 58 91 7 96 98 75 64 15 18 5 50 67 20 33 56 45 0 41 6 79 90 84 83 86
0.87 42
0.89 61 68 49 46 11 37 17 89 97 22 79 59 95 25 27 6 15 23 71 28 39 3 72 76 56 26 29 33 7 24 96 34 40 91 14 18 60 44 94 99 83 70 45 13 35 82 21 77 73 58 8 53 36 38 85 64 63 32 67 50 93 4 1 52 51 31 9 19 16 42 30 84 66 69 55 75 90 41 43 87 2 62 86 57 54
0.03 8 34 20 95 60 17 68 13 28 67 36 78 23 1 65 94 35
0.27 93 37 63 14 7 49 16 41 97 52 23 20 75 99 88 69 86 79 34 18 65 51 33 66 47 0 82 58 54 71 81 31 9 74 95 64 59 30 77 1 72 32 6 29 76 11 56 61 26 10 19 8 60 35 80 40 92
0.55 81 23 57 59 12 26 10 64 5 37 52 96 39 63 92 20 88 9 24 13 94 93 58 85 53 1 27 74 62 6 35 11 97 42 98 78 61 30 82 83 4 32 86 8 38 76 56 91 60 45 71 21 65 80 68 77 47 15 87 7 69 40 18 50 79 72 14 84 54 95 75 33 66 22 34 19 43 73 55
0.39 77 50 42 28 92 99 33 65 46 49 32 7 8 79
0.48 16 55 90 95 72 41 32 45 77 83 48 81 17 65 56 24 18 22 59 8 5 79 88 74 89 92 19 64 23 0 94 25 12 96 86 60 66 13 35 15 42 98 87 37 46 70 14 63 51 28 58 50 54 27 34 75 80 76 53 61 38 97 9 57 30 2 3 91 47 20 29 93 11 10 26 1 36 21 67 40 39 7 84 49
0.13 40 12 22 84 19 74 96 18 43 41 33 30 76 23 42 54 55 81 38 82 48 16 6 47 3 86 4
0.38 22 7 92 30 48 80 35 29 13 73 72 41 5 61 36 3 46 14 70 77 21 81 28 71 69 38 78 89 34 43 24 39 47 87 91 86 37 98 27 17 62 0 83 88 44 1 59 90 58 60 85 23 50 75 4 55 57 67 94 97 95 82 79 99 11 18 20 49 66 65 16 15 42 51 6 8 63 2 74 32 93 53 84 19 33
0.32 88 6 33 2 20 36 46 14 40 96 17 54 95 32 18 94 27 4 26 93 58 92 75 66 78
0.11 42 20 97 52 82 38 31 58 87 0 27 76 28 47 69 66 32 78 92 3 59 21 67 77 15 50 41 84 6 51 43 17 73 24 89 64 29 98 37 57 16 85 1 55 46 26 99 36 22 4 7 65 74 49 23 14 88 13 62 54 68 61 8 86 30 18 45 53 63 12 44 48
0.98 66 12 6 21 29 78 51 79 41 73 17 93 27 47 48 83 8 40
0.56 57 98 89 58 26 15 37 86 96 65 47 99 75 90 49 62 50 14 35 76 6 64 91 61 9 20 70 55 38
0.24 30 98 99 35 70 60 66 91 85 55 51 45 58 62 49 80 22 27 16 26 64 44 82 71 73 18 33 10 92 83 11 8 84 75
0.39 38 91 84 47 7 67 65 81 17 76 69 36 97 20 34 2 71 95 13 82 25 61 53 32 48 50 80 57 28 77 74 89 94 46 35 51 54 23 63 83 37 90 75 96 31 3 4 40 24 0 15 70 18 22 86 52 62 78 1 19 88 33 16 30
0.99 48 15 88 36 79 45 27 47 52 68 81 43 21 24 53 90 32 62 58 1 35 22 0 75 33 99 93 37 46 11 86 14 82 41 9 3 2 80 42 92 18 5
0.51 96 52 86 38 25 4 81 11 71 56 90 70 82 89 12 13 72 68 99 8 51 35 21 9 27 7 31 59 64 60 58 45 94 24 95 79 73 87 55 46 39 91 49 40 22 77 2 69 5 84 63 74 23 54 53 48 97 0 98 34 43 88 61 30 62 75 33 10 41 65 42 16 47 50 1 85 14 80 3 37 66 92 32 78 93 15 44 76 57
0.69 50 15 85 34 13 88 37 65 82 40 32 36 93 74 54 83 76 69 22 52 28 80 39 53 55 90 97 12 38 70 91 71 99 77 47 62 78 57 14 72 98 35 5 56 42 68 87 7 9 81 75 86 94 48 44 31 89 25 20 43 4 45 24 60 33 79 92 66 11 84 8 41 61 21 17 59 2 23 63 51 49 95 27 10 30 19 29 67 64 16 6 3 58 26 73 1
0.98 77 49 58 83 66 95 24 2 6 16 19 48 72 91 89 20 23 44 18 98 86 53 54 52 3 45 71 61
0.28 29 83 78 52 11 61 31 40 82 30 74 49 7 81 20 87 0 68 13 45 46 96 99 15 44 69 55 32 63 59 8 37 94 91 95 71 19 23 47 9 1 41 58 16 2 57 92 76 60 67 50 84 42 79 12 18 89 70
0.17 73 11 48 27 96 1 3 65 66 76 93 58 34 95 54 39 25 31 67 0 94 28 19 61 89
0.99 49 26 63 16 81 52 47 67 9 83 91
0.86 84 20 80 47 69 22 7 59 31 93 92 0 28 24 76 64 96 18 3 61 67 27 8 4 34 26 35 16 33 62 14 53 48 57 56 91 36 1 23 98 19 87 10 51 11 73 21
0.35 56 80
0.25 49 12 57 11 36 4 41 20 98 63 44 9 89 17 72 59 77 76 94 69 95 47 43 50 23 19 88 39 68 42 55 53 45 83 22 0 10 34 66 62 80 27 38 54 1 79 37 16 24 52 29 15 91 14 70 92 85 82 73 18 28 5 40 90 31 86 96 7 30 97 56 99 74 84 3 65 51 58 60 26 2 75 6 35 13 33 48 61 78 64 93 71 46 67 32
0.44 21 52 15 53 50 90 45 46 75 70 40 71 55 41 56 69 91 62 35 18 36 67 9 64 99 38 26 96 87 79 68 82 95 12 81 57 0 51 98 11 66 24 25 58 86 43 73 5 8 37 49 83 47 23 27 89 1 39 59 80 84 60 78 28 2 63 85 14 65 30 92 17 88 16 19 13 7 48 54 29 76 31
0.95 10 59 73 36 60 14 38 56 81 64 20 69 66 46 16 97 40 13 9 39 24 77 98 21 80 27 72 47 82 43 76 12 25 6 3 5 55 42 0 51 4 71 29
0.25 26 55 39 76 96 0 2 68 23 89 29 84 71 27 73 94 1 86 75 87 10 52 66 64 36 22 63 42 13 83 61 9 34 80 49 19 92 88 53 56 38 4 58 47 62 59 21 85 6 48 78 81 79 16 60 3 35 95 72 30 32 82 77 99 45 20 11 40 24 57 91 25 7 50 37 65
0.13 30 26 19 74 65 63 78 17 28 93 43 21 95 33 34 14 91 46 6 96 23 20 75 49 37 16 27 92 50 7 13 52 94 83 45 87 24 35 11 42 54 85 70 62 59 0 51 90 58 29 5 12 40 79 22 31 4 67 57 10 53 39 86 48 3 55 88 99 72 66
0.85 93 23 4 40 43 67 71 96 57 34 15 77 17 50 21 78 54 20 18 46 89 6 35 12 63 86 8 66 25 30 48 92 42 26 37 84 88 61 94 16 7 62 99 51 5 75 70 58 2 24 91 31 64 52 29 45 53
0.22 42 93 15 94 79 56 8 45 16 23 26 22 32 76 30 6 52 88 97 29 98 18 46 24 5 72 14 13 82 86 39 9 17 90 96 36 65 33 43 50 84 58 83 60 48 28 21 74 73 25 12 38 80 75 67 31 68 4 54 51
0.05 15 86 20 6 65 33 47 43 24 81 75 0 35 84 60 10 71 93 87 88 76 42 67 50 80 30 78 7 25 38 36 72 48 9 23 96 91 29 4 63 37 11 64 55 82 39 22 97 27 85 2 18 1 51 17 74 40 61 70 77 99 32 94 56 62 73 31 58 12 57 8 66 21 59 52 95 3 19 16 98 54 13 41 53 83 69 46 68 14 89 34 44 92 45 26 28 49
0.04 86 78 43 20 89 91 41 69 63 15 80 95 35 1 46 60 6 12 22 50 23 67 85 49 68 34 39 44 37 3 76 70 92 33 75 40 11 96 42 52 45 62 74 2 13 18 64 90 48 53 87 54 16 83 30 98 61 24 10 25 88 93 8 4 97 28 81 65 56 82 7 19 17 59 57 14 27 71 66 58 0 32 72 31 51 94 99 38 21 5 84
0.61 56 83 35 37 80 3 2 77 10 79 52 0 63 11 16 1 14 8 85 88 95 51 99 72 25 89 70 45 53 34 6 81 13 49 71 18 23 97 26 67 65 90 61 60 31 48 73 55 59 92 68 86 19 78 7 91 21 41 44 82 17 12 4 36 50 24 33 96 75 57 27 42 74 39 47 9 84 94 54 62 29 40 28 58 46 43 93 69 98
