1 100 140 1 35628.75
10 6 5 8 7 8 10 9 5 7 2 6 6 2 4 9 5 7 3 5 1 5 8 1 6 4 8 6 6 4 1 8 8 3 9 4 2 8 1 3 6 6 2 5 3 2 10 10 9 10 5 2 5 9 3 10 10 9 6 4 1 8 1 4 10 8 5 10 4 8 1 5 10 10 9 10 6 9 10 9 6 4 7 9 2 5 4 1 9 4 8 7 5 2 9 3 7 8 4 2
0.42 36 88 43 67 96 40 78 45 3 87 29 18 64 84 28 39 94 20 7 83 80 8
0.42 49 25 44 0 5 11 13 79 1 71 81 52 62 58 76 43 36 4 84 48 15 3 45 83 74 85 27 40 99 23 73 82 59 31 75 60 6 37 54 17 12 94 30 56 89 53 9 92 90 47 78 41 65 32 24 20 57 96 10 34 46 19 22 21 87 93 7 88 35 98 38 28
0.06 42 49 55 58 21 45 51 81 50 98 57 3 88 33 10 61 6 1 34 84 76 95 56 64 20 13 9 36 83 99 15 85 87 53 91 62 77 75 44 23 78 43 31 97 70 2 26 59 82 27 41 67 65
0.73 87 31 78 40 82 70 14 7 74 83 99 26 92 60 45 10 19 47 36 56 33 53 9 17 77 98 37 22 58 96 35 38 90 57 2 15 41 0 3 4 67 75 21 8 94 32 50 24 39 1 65 20 55 18 62 66 23 76 42 5 81 49 13 79 71 80 64 63 48 97 30 68 6 34 54 73 46 85 69 84 11 72 61 27 29 44
0.29 72 83 47 37 79 87 75 89 84 45 64 55 56 92 39 19 69 16 13 74 21 41 20 91 32 11 93 63 23 67 95 3
0.28 55 81 86 85 43 23 91 8 69 36 44 62 79 1 18 80 17 83 54 5 87 37 0 71 28 19 57 47 64 63 99 33 11 67 74 73 95 51 78 7 25 89 31 90 72 34 22 60 82 32 20 38 24 29 70 68 45 3 21 15 75 92 48 98 53 14 65 2 58 12 16 94 4 96 52 97
0.75 72 81 65 93 68 92 54 7 43 32 19 50 58 26 30 87 23 51 97 98 83 90 85 62 48 67 31 79 99 39 18 25 74 28 86 89 8 82 0 52 95 78 24 88 64 56 21 94 69 59 70 10 55 14 76 84 12 66 46 13 36 73
0.34 85 38 4 19 51 91 75 57 6 13 41 90 54 81 99 68 49 22 65 43 20 53 3 39 10 42
0.83 46 1 92 7 33 91 29 61 50 5 14 80 11 74 73 26 95 88 35
0.34 50 84 53 16 61 67 22 86 5 9 91 15 97 28 59 10 83 48 93 7 39 72 3 71 49 64 69 11 46 80 40 24 44 1 14 70 43 77 66 37 54 30 87 60 99 52 82 27 98 6 13 20 4 94 29 12 56 89 75 26 88 32 78 63 68
0.04 79 31 41 28 32 6 47 19 85 57 73 43 75 20 87 13 27 48 91 65 42 23 82 1 39 9 49 18 54 95 34 5 62 46 84 80 97 17 11 22 77 4 14 64
0.22 26 82 10 31 78 63 85 62 37 30 2 83 88 13 54 14 41 5 92 67 93 94 23 57
0.22 44 18 30 72 14 9 77 60 76 82 51 52 28 83 71 24 57 54 42 19 15 58 45 10 41 33 3 50 67 98 78 87 55 68 79 49 80 92 6 27 31 62 2 48 25 26 65 86 21 96 63 74 17 53 85 95 43 13 84 40 12 32 94 7 66 91 81 64 16 23 75 99 5 22 88 56
0.76 83 67 20 32 45 80 86 27 50 79 99 49 53 10 46 97 6 56 40 31 13 5 17 92 29 4 25 68 7 95 38 65 78 54 21 74 73 14 9
0.54 74 55 99 49 2 1 65 38 11 83 88 77 85 41 57 5 73 69 87 16 9 33 25 54 76 79
0.17 23 36 95 60 0 8 7 58 5 76 73 35 99 15 86 43 16 49 98 84 72 88 22 94 70 41 83 77 62 74 75 38 89 24 71 78 50 80 93 37 21 18 92 6 45 68 29 79 90 40 14 9 26 61 19 53
0.16 3 43 18 7 27 23 2 73
0.49 57 35 80 22 69 63 86 97 14 72 51 93 66 99 79 13 68 44 94 64 0 27 43 12 59 33 91 98 53 30 34 77 29 52 36 62 24 50 18 83 20 9 48 10 16 95 21 42 82 6 11 73 84 49 40 2 89 61 75 70 38 46 3 28 67 56 39 26 78 1 92 71 87 55 47 37 41 25 4 65 19 8
0.37 55 36 12 83 70 30 90 43 62 58 97 63 1 69 65 18 47 19 23 51 27 0 33 29 53 99 76 16 37 46 88 72 38 20 17 14 67 96 45 82 10 34 74 93 59 54 6 4 68 77 86 49 22 7 92 75 31 66 35 9 52 73 39 26 24 8 57 44 89 79 60 71 40 3 98 87 95 85 2 25 81 15 32 91 61 80 28 94 41 5 42 13 11 50 84 64 78 56
0.04 2 82 19 88 94 75 67 61 62 89 22 85 72 18 5 99 6 79 71 7 86 58 78 76 83 17 49 48 3 46
0.66 69 61 3 2 66 12 9 52 88 90 64 0 54 79 41 8 47 48 15 25 73 65 75 94 40 4 38 83 46 19 86 63 16 28 18 33 85 24 20 71 96 22 32 67 1 93 17 49 77 80 43 87 26 70 13 31 78 55 58 74 5 11 6 62 81 98 56 53 97 42 50 21 92 29 30 39 99 35 51 72 60 10 7 59
0.17 34 18 44 10 33 69 78 93 99 27 17 48 9 84 63 81 77 94 14 60 38 75 39 71 43 95 30 26 29 98 67 65 76 15 8 11 12 66 56 35 59 96 31 21 37 16 80 53 58 36 42 54 25 1 91 49 45 46 64 82
0.27 90 36 80 79 5 7 47 54 45 58 72 25 46 66 70 59 50 0 10 57 67 39 20 24 19 13 6 8 75 35 56 52 4 93 98 11 12 49 87 97 81 48 69 18 76 27 31 43 32 55 94 16 40 17 74 92 60 51 15 78 38 64 65 1 84 85 63 2 86 23 3
0.97 16 6 65 14 61 35 62 51 53 29 95 63 75 23 83 76 44 59 84 82 4 68 97 0 20 26 57 94 2 5 12 41 66 89 1 40 79 31 11 70 78 38 33 28 36 9 22 15 92 86 7 90 77 85 81 18 64 60 99 37 43 30 34 25 10 52 74 56 13 3 32 24 46 54 8 87 73 93 88 39 58
0.68 89 39 69 92 32 84 36 59 63 98 72 56 86 73 34 48 8 79 88 26 67 91 80 60 30 40 49 28 44 93 16 78 62 22 81 15 45 9 90 27 50 31 95 47 85 24 1 35 54 87 14 21 42 41 18 2 11 57 61
0.20 63 96 1 79 99 81 95 56 54 14 44 94 84 46 90 61 29 85 38 28 33 92 48
0.36 43 49 86 28 45 99 19 57 11 63 90 6 56 10 73 89 87 52 71 88 81 68 0 53 15 46 85 61 37 44 79 51 2 20 59 4 30 42 70 13 74 47 38 39 17 40 36 55 41 80 48 22 84 78 92 26 29 25 27 97 93 54 77 16 21 96 33 32
0.33 70 47 51 96 39 5 24 55 29 27 75 14 67 78 97 17 33 22 19 3 1 20 13 36 69 18
0.74 54 58 65 55 13 69 96 78 85 50 66 87 98 73 12 71 38 94 6 53 68 29 74 19 17 91 95 8 75 9 16 3 72 67 90 31 64 28 36 7 46 92 43 14 86 35 99 10 77 20 51 88 52 23 27 2 44 93 5 37 60 26 83 18 4
0.37 42 67 20 68 47 51 0 29 80 13 65 45 79 26 85 46 38 50 35 71 21 91 48 98 81 57 83 54 34 6 90 89 66 36 88 87 14 55 92 99
0.23 78 31 66 36 97 44 58 91 72 65 71 0 50 89 3 37 73 51 96 98 19 69 33 57 24 47 81 84 67 62 92 64 23 21 7 8 80 13 11 43 34 63 15 29 28 16 45 61 38 25 83 49 5 32 60 18 93 40 46 74 20 4 88 14 68 76 9 1 70 30 53 6 94 2 17 54 95
0.01 3 67 1 10 26 36 40 73 8 29 88 52 48 18 35 21 30 44 85 58 54 38 49 68 9 13
0.51 14 6 77 79 44 46 43 42 78 71 72 74 33 51 82 60 83 96 15 80 88 90 91 53 45 19 69 57 1 89 81 37 29 55 86 0 3 97 59 11 67 64 13 20 62
0.50 49 50 21 29 95 84 13 96 47 0 99 28 30 25 98 89 51 97 40 33 19 68 14 77 10 31 80 26 75 42 7 44 71 24 22 82 73 15 1 90 6 3 43 93 39 57 74 70 9 18 45 27 32 85 81 86 35 12 67 2 56 72 23 69 88 92 76 78 36 20 60 48 52 34 91 62 65 41 54 53 61 5 64 17 58 37 8
0.50 39 83 60 62 43 7 1 19 29 21 64 50 57 78 52 79 66 71 76 95 91 23 0 22 48 16 32 37 96 75 73 28 34 81 74 70 59 15 68 53 69 80 51 5 46 87 11 25 2 45 12 27 14 4 17 8 90 89 92 61 86 26 94 88 77 63 42 36 20 9 93 65 55 31 10 6 44 67 72 58 33 38 30 47 18 56 24 82 54
0.42 72 19 36 17 23 48 92 64 63 2 43 6 61 45 46 31 18 13 82 75 53 40 76 89 29 62 81 9 55 71 26 79 96 38 11 28 34 39 78 95 25 0 14 35 77 65 87 42 70 83 27 30 16 41 24 50 12 3 57 94 33 99 98 32 44 4 73 74 37 5 20 66 84 1 10 69 58 54 56 60 47 97
0.35 44 87 53 21 89 88 29 12
0.87 73 96 2 60 71 17 94 75 41 27 15 87
0.32 39 32 36
0.87 7 36 18 89 92 48 54 97 90 27 66 13 24 87 86 35 51 44 81 19 99 67 68 62 26 10 76 0 94 6 40 34 43 45 82 47 80 3 55 83 65 59 11 84 91 20 4 75 21 23 12 78 17 74 9 71 96 16 2 32 64 15 29 79 58 73 8 41 30 5 52 50 88 14 85 39 25 61 93 46 38 98 42 49 37 95 31 60 72 77 57
0.82 15 60 69 58 59 7 13 45 82 81 84 6 32 18 27 24 8 40 53 57 62 38 66 39 98 3 34 11 77 55 75 99 90 23 29 78 33 21 35 20 70 79 22 51 14 36 88 72
0.70 61 0 89 48 94 38 51 91 64 96 81 22 35 32 12 71 43 33 27 2 52 13 59 8 63 10 34 70 45 80 55 88 50 76
0.21 19 4 98 24 97 78 3 57 92 95 48 8 23 2 58 91 85 22 82 43 61 21 39 0 74 50 54 60 26 88 80 7 15 6 12 62 99 56 59 66 55 63 5 13 69 79 84 30 32 27 75 45 51 11 38 68 72 53 90 31 29 77 20 65 87 94 17 1 42 41 49 83 89 36 34
0.47 28 17 6 56 87 12 97 79 78 64 59
0.33 61 96 78 56 43 94 88 98 41 40 1 10 64 3 24 4 9 16 46
0.91 37 94 84 11 95 87 96 55 40 63 9 72 97 42 53 93 44 70 20 10 48 3 34 5
0.69 16 49 41 81 31 91 85 57 92 67 11 42 96 8 93 58 19 28 36 17 29 54 99 46 1 34 60 24 40 14 52 87 9 53 35 94 80 65 21 50 86 72 25 20 74 63 88 43 61 45 0 27 3 4 37 83 71 79 10 66 95 90 84 33 64 56 97 38 12 13 51 22 15 18 78 82 2 32 89 62
0.56 80 97 6 18 65 16 84 70 95 55 73 82 3 47 50 20 69 42 67 88 10 15 90 96 26 64 22 11 85 81 39 71 52 30 44 43 59 25 31 4 83 17 61 92 40 63 51 27 75 68 36 7 94 33 12 2 32 48 54 93 34 72 62 1 91 74 35 99 0 45 29 19 38 14 77 9 8 58 87 49 46 86 89 56 66 79 37 57 41 24 53 98 23 76
0.78 25 24 14 92 81 82 39 73 72 57 22 26 84 61 47 45 91 50 44 40 41 93 62 16 71 58 64 94 56
0.54 87 77 31 23 29 69 13 65 85 47 90 36 55 53 2
0.42 77 75 91 99 13 17 30 5 67 44 42 63 39 20 24 57 28 58 80 4 79 89 34 61 26 18 93 97 48 15 74 96 56 32 64 45 85 55 92 29 31 23 1 81 27 25 21 16 66 59 72 51 33 54 41 82 53 6 35 40 84 90 49 68 19 46 76 43 14 98 38 71 11 88 78 69 7 0 86 65 36 22 9 12 47 50 60 2 52 83
0.95 71 57 88 44 53 35 39 81 16 95 92 64 41 52 73 19 26 67 32 23 77 18 1 87 5 6 55 75 76 24 9 90 12 80 69 42 45 2 54 7 28 10 78 89 46 47 43 17 49 63 36 0 8 91 37 25 15 48 4 72 21
0.44 61 66 4 40 42 31 69 36 28 73 23 82 18 6 86 84 24 51 95 59
0.83 80 72 83 38 93 61 40 77 73 50 37 78 45 82 58 53 90 57 3 99 26 89 4 88 54 41 21 0 43 52 85 97 39 59 69 49 75 92 66 24 19 44 8 7 94 31 25 79 56 47 23 10 64 9 11 71 35 84 42 32 29 70 28 67 36 2 60 48 96 87 22 27 51 62 6 34 18 5 30 65 15 86 1 98 76 95 81 46 17 74 13 33 12 91 20 16
0.16 10 97 40 46 30 45 27 44 76 79 9 34 1 29 75 99 63 50 7 52 61
0.71 50 95 79 98 14 7 44 71 76 53 15 26 25 46 68 84 0 19 55 20 58 59 38 73 11 82 88 4 99 18 31 33
0.58 33 22 66 91 39 47 50 51 99 49 24 58 88 29 76 97 9 12 19 41 1 4 6 30 11 8 89 16 25 14 86 84 64 21 52 78 61 65 10 68 18 73 37 63 7 77 57 90 48 79 87 35 15 17 23 94 34 82 81 67 53 54 31 72 69 26 2 56 62
0.56 71 45
0.40 11 98 89 33 85 56 23 92 1 28 64 69 47 45 73 26 34 97 10 51 16 76 99 8 60 3 62 66 13 49 88 0 72 63 79 4 93 65 44 37 12
0.65 57 90 77 98 43 74 22 30 86 85 64 87 94 83 73 53 33 96 10 5 95 13 31 47 48 25 76 93 7 51 49 82 21 4 11 99 28 92 19 78 67 91 72 54 39 97
0.25 50 91 87 71 52 47 16 78 14 58 38 76 29 63 5 6 3 80 48 12
0.48 58 62 43 12 52 91 10 19 31 14 97 59 45 96 48 88 15 35 92 27 7 1 26 93 46 99
0.81 14 35 46 98 83 50 89 94 65 25 96 31 12 23 29 85 28
0.76 54 27 12 72 64 70 34 28 88 29 0 73 59 83 86 69 8 93 76 22 7 13 92 5 97 52 68 40 49 94 35 98 6 33 25 84 14 81 9 15 19 32 96 48 43 16 47 55
0.29 40 15 41 28 57 71 65 97 83 20 44 36 34 85 4 26 38 9 56 1 35 84 33 17 10 74 90 79 7 62 51 13 99
0.62 22 91 60 90 5 86 34 72 71 28 11 12 35 52 40 38 53 33 96 63 2 70 19 67 82 41 92 15 39 57 94 13 79 24 8 48 69 36 9 87 95 56 84 88 64 68 66 73 77 58 37 93 31 30 59 76
0.40 78 76 52 96 38 6 66 35 99 81 25 3 30 9 36 47 87 45 85 32 4 95 20 57 79 51 71 83 53 23 56 50 11 39 80 73 41 64 62 55 33 59 27 15 91 34 10 77 54 86 98 2 65 17 16 37 82 70 18 22 1 46 69 26 60 63 94 7 0 5 61 48 44 92 42 90 68 8 13 67 89 93 84 72 28
0.95 44 70 92 74 19 28 62 38 3 16 80 24 46 14 66 25 1 7 68 29 8 83 64 91 4 96 33 18 79 22 35 11 58 40 86 17
0.41 85 61 79 98 64 14 31 92 67 60 95 89 50 30 57 37 10 56 5 4 38 58 74 88 66 33 22 73 65 51 24 59 87 62 83 18 53 49 17 11 84 35 97 48 7 40 27 75 29 77 82 63 42 9 39 15 94 13 21 20 2 41 28 80 3 44 81 6 8 34 71 46 54 76 90 86 25 16 91 47 68 55 45 99 26 43 32 96 19 1 72 69 93 78 70 52
0.34 72 99 25 11 60
0.28 59 85 97 81 9 58
0.75 69 85
0.60 31 46 13 12 50 69 35 59 33 73 91 68 0 8 93 58 29 76 67 49 18 22 92 94 2 89 51 54 42 86 72 97 48 66 27
0.21 67 7 53 54 96 93 80 90 5 22 9 12 43 77 18 42 20 87 15 50 13 27 89 91 94 59 60 11 97 0 52 85 30 44 69 49 24 81 10 63 4 95 38 17 68 78 71 33 48 88 86
0.89 40 31
0.66 15 20 75 45 36 76 80 84 53 42 52 49 10 60 30 90 98 17 66 25 85 47 99 33 68 57 56 55 48 62 81 29 79 40 41 9 19 37 63 70 97 21 51 96 27 6 18 91 8 3 4 50 28 39 16 43 67 5 32 92 86 22 12 93 71 34 38 54 94 77 87 82 83 2 1 64 88 46 74
0.63 27 72 35 90 86 0 79 70 56 24 69 37 39 28 29 43 34 85 46 54 89
0.30 25 49 61 60 29 44 8 31 98 88 78 6 43 83 58 5 26 50 28 37 51 1 39 96 86 62 54 69 77 27 59 15 57 97 79 56 10 66 87 42 76 80 18 99 4 72 7 0 63 74 11 71 19 20 90 68 92 38 46 16 40 84 73 94 91 34 52 41 47 82 30 2 48 93 65 89 32 23 3 14 64 67 75 12 24 13 70 22 36 95 17 53 33 81
0.36 6 36 47 8 12 27 46 72 50 71 42
0.46 70 25 83 97 53 6 31 17 77 78 24 46 11 29 93 3 90 12 81 89 28 5 56 68 92 36 99 63 39 7 27 49 66 64 48 4 67 51 23 71 2 30 8 9 43 35 86 20 73 15 40 88 37
0.99 38 83 75 58 82 65 31 80 17 4 89 21 32 67 36 51 7 61 28 64 34 40 9 69 44 6 33 66 49 37 46 87 90 43 54 86 45 79 48 24 93 8 22 1 70 18 10 71 77 81 13 60 94 63 15 11 25 19 23 57 95 72 30 3 56 53 78 2 39 5 74 42 68 14 29 76 97 96 92 59 85 27 41 47 0 16 73 55 62 84 50 91 12 35 26 52 98 88
0.46 58 78 80 35 51 27 57 18 1 45 4 84 15 65 79 61 53 7 37 68 30 72 75 71 99 60 73 59 12 43 89 41 88 87 36 22 46 0 63 74 52 26 55 48 34 19 97 9 49 47 96 77 8 67 81 95 31 86 2 10 6 98 20 62 64 32 82 11 90 39 85 40 83 25 56 44
0.48 27 1 78 23 37 93 57 86 8 49 95 58 24 97
0.78 36 0 57 68 49 76 80 58 45 44 39 42 88 12 7 99 6 65 56 11 73 5 55 95 53 2 97 64 98 74 13 48 94 89 29 78 46 26 32 24 69 15 83 41 93 31 52 3 87
0.60 2 0 75 33 65 62 42 31 71 68 13 21 38 30 74 26 14 17 87 19 29 15 91 80 3 61 25 53 52 94 36 84 28 11 27 48 89 96 35 54 41 88 12 9 45 93 99 59 64 72 76 39 8 63 49 79 69 77 40 47 43 60 98 82 97 5 4 10 22
0.12 41 96 45 9 20 46 59 56 64 44 51 19 94 62 53 36 84 34 66 15 27 67 55 33 5 26 79 38 73 48 47 70 12 16 10 7 1 35 22 17 4 0 63 60 92 80 76 58 43 24 77 97 28 11 65 42 32 93 13 52 23 40 14
0.33 36 23 73 46 39 69 42 93 8 30 82 78 53 84 31 99 24 75 50 90 60 28 29 91 79 88 9 77 80 71 55 56 81 45 72 19 1 20 83 58 33 67 85 97 74 68 0 18 14 17 4 59 52 15 70
0.38 77 54 72 80 60 51 56 85 99 5 61 44 13 1 98 32 42 89 36 46 81 79 48 34 66 17 68 23 58 87 18 22 86 25 71 74 64 0 12 47 63 31 19
0.70 79 19 39 23 91 88 1 59 61 55 33 69 70 90 18 48 22 98 56 42 11 9 78 50 36 92 10 52 4 25 74 0 93 20 87 64 77 40 46 66 89 53 67 51 15 35 44 8 29 45 75 68 32 94 7 2 86
0.21 40 77 61 3 30 67 74 37 34 52 47 96 28 64 60 18 14 98 15 59 76 54 8 39 45 11 44 53 38 80 0 4 16 89 10 69 17 57 33 63 5 1 94 87 6 24 84 82 32 31 27 36 91 19 12 2 26 58 71 23 55 56 13 9 92 7 78 97 86 73 83 79 20 88 29 70 72
0.55 19 86 25 76 45 78 89 99 33 9 79 84 75 1 98 71 87 59 93 29 92 38 20 83 44 73 49 47 51 2 31 18 17 7 35 95 13
0.43 62 63 80 27 35 68 89 78 18 66 21 50 16 77 88 28 12 92 46 64 95 34 17 14 54
0.16 7 21 36 68 5 98 77 23 19 13 8 17 48 90 28 24 26 40 87 95 42 80 3 88 11
0.81 58 83 30 31 53 97 81 71 45 11 51 92 59 50 15 60 55 86 3 91 48 39 42 32 24 46 63 73 94 41 61 49 29 1 74 54 87 66 8 56 88 25 85 72 7 0 13 98 96 12 35 79 9 67 27 18 64 43 19 95 90 62 23 76 38 93 6 80 26 16 28 57 33 75 21 47 10 69 84 65 14 77
0.53 81 12 66 67 33 27 54 74 14 78 89 8 18 64 47 25 53 93 43 51 48 26 40 70 39 58 0 36 98 9 84 76 4 24 91 69 57 37 38 16 45 96 42 55 30 19 80 79 41 23 90
0.01 62 16 49 56 23 8 77 55 94 20 12 13 45 88 5 93 81 58 64 18 95 47 72 85 66 36 98 31 59 69 86 97 67 79 15 28 73 76 57 25 2 29 99 32 34 80 87 10 7 83 91 27 21 39 33 41 22 90 46 9 50 14 65 19 51 48 82 96 0 38 75 92 68 3
0.08 61 28 29 93 45 30 25 55
0.75 16 22
0.61 41 67 23 26 97 32 35 19 50 85 78 4 46 20 25 34 88 43 16 14 6 11 75 36 52 13 81 79 27 90 98 39 2 24 29 95 47 60 73 91 9 3 28 53 65 93 10 83 74 70 33 59 17 61 77 37 30 94 62 68 1 55 42 54 57 15 69 56 82 96 40 8 66 38 76 7 31 71 45 58 84 0 63 49 22
0.52 89 41 94 50 81 61 66 38 31 6 80 0 90 3 93 72 88 35 67 56 77 18 33 83 5 71 85 82 63 30 8 76 34 49 87 17 57 59 64 32 1 98 47 60 24 45 86 78 75 10 20 51 11 2 44 46 95 79 29 55 68 25 14 36 54 97 13 70 27 39 28 19 58 37 16 91 43 99
0.56 1 3 91 11 58 44 37 15 20 79 60 17 77 19 51 93 85 70 21 13 59 73 54 34 4 53 86 33 72 78 89 49 38 10 75 46 12 45 66 24 23 2 94 7 63 16 84 98 68 87 39 47
0.33 43 85 98 55 86 89 90 49 62 77 25 91 17 21 79 99 5 10 75 15 80 71 13 70 23 66 56 42 2 31 8 45 26 50 59 51 81 97 57 18 28 39 0 52 47 32 40 48 24 11 46 34 82 44 35 67 96 3 83 63 9
0.96 99 93 65 7 83 60 12 77 8 84 57
0.91 14 59 21 25 6 64 58 43 77 66 3 61 85 26 47 4 88 12 33 48 63 27
0.32 22 33 19 67 87 32 56 81 50 57 31 71 78 27 90 30 24 43 13 10 63 1 44 49 98 79 6 95 11 4 8 0 83 72 14 99 68 85 36 2 96 25 92 7 54 82 28 66 3 58 15 37 46 76 89 39 18 61 34 86 41 75 42 9 40 62 51 17 12 73 80 21 94 20 84 77 48 65 16 88 47 64 69 97
0.67 49 65 58 79 5 89 8 32 81 1 90 97 93 47 94 24 9 87 60 54 75 80 35 55 37 83 10 52 38 92 71 98 50 15 33 86 11 39 62 76 2 45 23 72 48 57 7 61 46 95 12 21 73 16 77 42 28 26 69 14 66 96 3 99 29 84
0.86 34 65 68 82 43 36 22 14 23 91 88 26 41 11 31 90 70 12 5 2 79 69 85 95 92 72 94 29 27 18 67 0 47 93 7 77 98 32 55 28 66 62 33 35 81 19 17 40 86 9 3 97 45 50 96 53 10 74 75 38 51 84 30 60 42 58 99 63 83 25 89 39 1 48 52 4 54 57 16 56 80 73 59 20 21 46 71 15 24 13
0.73 33 30 9 63 26 4 97 80 96 10 50 31 64 60 34 6 77 83 73 56 76 59
0.71 29 48 1 95 40 13 7 94 32 96 69 11 45 49 85 24 89 99 28 38 17 10 72 86 14 25 78 81 84 9 16 98 57 51 27 79 47 70 71 26 63 42 33 43 39 93 97 34 0 74 23 80
0.08 88 33 62 73 21 44 14 58 53 16 83 49
0.32 96 68 75 23 45 85 43 89 9 15 88 44 81 66 41 86 34 54 98
0.33 22 63 36 94 17 6 7 42 26 99 61 2 21 65 88 58 54 39 25 11 74 1 69 18 23 77 92 29 96 67 68 8 89 15 16 28 83 30 76 78 4 95 13 70 51 75 50 79 0 81 44 19 46 98 37 20 34 66 24 5 10 73 31 3 9 59 38 62
0.28 0 56 15 69 7 46 43 10 79 27 53 9 86 74 2 3 55 87 50 76 77 21 61 58 92 38 57 65 37 6 49 75 8 90 73 19 4 34 12 64 18 98 54 40 45 17 42 68
0.50 62 93 87 26 56 53 2 14 60 92 55 54 97 63 94 6 51 76 17 67 42 83 11 29 23 5 82 30 96 85 18 88 24 49 20 22 34 81 91 57 10 33 7 4 12
0.69 66 32 28 94 30 49 88 69 25 18 67 48 65 3 40 64 22 12 44 34 19 6 81 76 51 57 83 21 72 70 0 2 50 41 17 87 53 59 33 98 39 5 63 61 7 75 68 54 23 45 46 55 60 15 73 79 58 11 16 13 86 85 82 99 47 52 10 91 80 95 43 8 20 77 92 35 90 42 38 4 74 96
0.46 15 56 77 69 14 0 17 43 98 92 71 41 44 99 54 30 1 72 40 2 96 10 51 88 52 45 70 37 7 46 63 28 75 86 67 73 78 91 66 95 26 74 80 36 23 68 27 61 29 11 4 39 35 22 89 62 34 81 18 9 32 49 58 33
0.74 37 88 92 97 32 64 19 57 69 91 48 63 58 80 10 3 53 42 51 60 45 27 55 87 46 34 40 85 71 95 2 4 24 90 11 62 56 8 36 41 30 35 38 18 54 33 47 79 17 25 9 70 43 20 23 39 83 22 99 12
0.79 1 33 32 90 78 60 75 64 77 99 67 59 74 68 11 97 27 71 38 19 35 62 34 49 9 95 22 65 88 8 98
0.03 78 11 61 90 22 7 36 15 12 49 47 5 34 4 9 59 30 94 50 26 75 84 66 10 95 58 55 25 48 19 69 76 24 53 6 83 65 72 51 17 33 79
0.75 18 60 36 92 12 21 15 86 19 56 98 3 22 49 14 67 72 33 50 99 25 97 59 0 45 44 16 41 39 79 47 17 37 48 9 76 8 32 46 52 93 64 27 28
0.58 95 29 72 54 52 78 23 41 61 69 12 60 63 51 74 90 98 59 26 39 68 55 9 84 45 17 49 47 4 81 88 83 57 33 92 5 79 87 10 85 24 82 46 64 65 99 66 91 38 35 1 27 11 62 34 14 13 21 73 56 30 75 67 58 44 86 0 89 53 94 22 32 76 16 19 70 97 80 20 93 36 37 28 77 6 71 18 15 40
0.87 98 95 43 21 51 99 1 49 31 42 34 5 56 90 12 28 38 69 24 19 23 88 33 75 7 29 85 22 86 10 32 3 57 13 70 63 83 82 26 93 66 60 67 55 68 80 91 45 78 64 89 16 76 17 74 36 27 18 77 81 84 2 94 6
0.14 2 37 44 68 22 95 43 42 32 12 98 6 74 5 27 92 41 9 69 21 96 14 73 94 58 8 56 40 83 19 33 66 86 53 71 0 13 7 10 84 35 81 52 55 72 16 36 34 65 51 30 48 93 20 46 82 89 75 47 61 88 3 4 80 76 64 25 99 29 15 62 26 90 50 23 85 28 49 78 31 77 18 24 39 11 97
0.60 78 69 93 46 95 59 51 68 3 8 18 5 67 9 4 47 25 72 66 94 48 20 26 56 65 10 33 21 49 13 41 70 96 83 50 88 98 40 81
0.10 41 98 58 53 85 74 7 3 16 92 24 68 56 48 77 62 15 88 5 82 19 97 46 30 87 21 42 86 28 67 20 26 37 61 8 75 43 80 32 39 70 1 34 23 47 49 64 60 22 4 55
0.94 5 26 32 42 24 71 84 25 88 27 77 75 16 19 62 86 49 72 61 55 36 43 44 40 14 29 70 68 96 6 79 39 57 98 10 30 60 52 31 15 33 2
0.77 45 83 30 27 99 68 22 34 46 70 84 12 31 21 43 37 92 56 38 44 57 75 20 91 25 11 16 4 54 95 66 82 15 62 29 64
0.32 55 46 6 81 26 69 92 41 73 93 58 36 37 96 99 88 64 14 32 66 89 86 76 77 72 80 12 44 51 21 34 20 22 68 2 15 60 4 97 62 24 47 84 70 56
0.88 30 54 8 23 62 95 84 28 2 5 21 72 78 71 52 92 99 83 73 0 36 89 80 39 31 25 76 68 11 10 29 17 15 57 7 35 41 69 24 77 3 88 44 26 81 18 97 85 49 55 65 51 13 47 32 37 98 61 79 33 43 22 19 91 40 86 1 70 12 60 58 48 66 14 82 59 16 20 50 94 90 93 38
0.23 84 78 19 26 9 65 70 79 43 87 73 40 77 72 74 8 32 21 54 29 36 14 96 22 86 5 64 7 24 28 93 31 60 63 94 98 41 99 20 47 16 42 45 34 97 81 66 10 27 71 57 61 15 85 46 48 50 53 3 2 12 89 4 75 62 82 51 25 30 69 39 58 92 38 83 13 88 95 90
0.43 81 37 34 1 39 83 38 60 88 45 62 86 96 61 65 26 91 14 82 95 7 46 32 54 43 75 52 31 89 4 58 42 12 35 22 97
0.86 76 84 77 69 60
0.20 67 25 88 3 5 65 56 17 53 22
0.38 9 12 90 97 66 55 91 63 33 83 87 78 39 73 95 94 82 98 17 47 7 24 16 21 2 51 89 74 3 4 31 36 56 38 42 20 43 15 18 79 81 68 59 23 92 60 46 65 72 54 71 70 32 22 26 88 28 75 13 61 11 77 49 41 30 48 85 0 44 6 58 27 45 93 62 86
0.33 56 29 38 16 9 34 14 76 27 42 28 66 6 64 94 87 22 13 11 55 25 90 19 89 85 7 69 26 63 40 2 45 4 46 35 23 65 0 82 3 58 43 49 32 74 47 72 37 92 54 80 88 70 48 52 33 84 8 95 10 68 73 57 53 5 98 51 81 79 93 50 17 91 97 24 20 41 60 18 86 99 31 67 59 15 62 12 1 36 77 39 44 96 71 30
0.59 10 81 72 42 93 7 89 17 67 48 80 79 51 30 92 37 86 32 90 35 47 46 25 54 83 77 69 68 87 64 71 66 99 84
0.13 56 81 3 25 98 71 77 86 76 22 88 83 48 23 5 99 50 94 0 87 78 44 91 9 75 39 52 82 1 79 28 51 15 84 58 6 92 13 10 69 89 63 17 60 67 64 57 73 21 62 20 40 27 4 53 18 95 11 32 46 90 96 29 24 14 61 16 55 97 30 19 36 47 38 33 93 8 37 65 72 80 45 7 68 74 26 43 12 49 59
0.04 16 75 85 15 19 13 47 6 82
0.15 22 57 3 37 16 46 28 61 52 96 6 58 18 64 24 5 63 19 87 10 34 86 83 50 33 11 93 55 78 1 99 21 81 48 53 51 47 90 54 49 71 7 85 12 84 31 8 80 97 23 79 72 60 9 35 67 41 13 14 29 25 59 42 94 40 26 91 17 20 92 74 73 89 68 32 43 15 65 27 44 82
0.76 4 37 23
