1 100 140 0 32497.13
10 4 5 2 2 6 5 6 3 10 6 5 8 4 4 1 9 3 10 1 7 4 10 6 2 4 10 7 1 7 1 1 3 2 5 8 1 9 4 8 8 2 8 3 8 3 3 2 4 6 3 5 4 9 2 5 10 5 5 4 6 8 5 7 1 6 7 8 2 4 4 3 2 4 10 7 4 7 4 2 10 7 10 9 7 5 1 4 9 9 6 10 8 3 10 5 4 7 3 5
0.55 43 94 83 40 12 87 35 72 81 10 98 13 53 70 32 33 59 20 2 92 96 55 11 23 31 90 28 49 6 34 75 69 78 17 91 99 21 54 27 67 29 15 8 41 24 62 79 19 82 73 95 86 76 74 26 39 30 25 84 18 60 42 46 5 89 0 50 66 14 22 85 88 77 3 44 57 47 61 36 63 93 16 56 7 4 97 45 37 52 58 80 64 68 9 51
0.85 91 31 74 92 69 37 66 28 52 17 15 34 23 80 20 51 93 26 38 45 47 73 16 0 78 54 75
0.19 2 3
0.59 39 77 35 55 15 58 92 53 34 4 78 59 94 6 72 9 62 84 10 46 91 51 12 24 79 29 47 50 33 40 64 20 22 93 17 5 16 71 88 69 44 19 67
0.66 27 15 39 89 3 57 83 47 67 0 41 45 93 75 54 49 77 66 46 29 42 98 11 12 2 21 48 31 24 25 99 8 33 10 90 72 78 79 6 80 23 1 82 36 34 53 5 19 95 22 9 62 56 52 73 40 55 28 18 32 68 88 51 85 4 87 38
0.92 30 91 80 60 49 15 40 65 78 69 61 89 4 0 97 43 72 39 8 32 11 55 86 53 99 79 26 64 13 83 93 2 85 3 41 84 23 58 77 14 19 52 18 31 27 46 33 10 29 88 7 57 17 74 48 20 42 70 62 82 28 59 21 87
0.45 65 10 33 78 19 66 71 64 83 25 1
0.16 48 43 33 57 47 79 4 41 1 26 28 0 59 74 94 99 75 17 81 2 22 27 90 73 66 21 11 63 98 45 44 35 62 24 9 3 38 42 95 13 69 10 96 54 64 46 82 32 16 39 76 60 30 8 87 65 31 36 93 67 68 78 19 6 12 84 7 55 23 71 91 25 52
0.15 30 95 78 93 19 66 3 31 92 96 44 52 36 4 34 15 6 10 83 86 82 49 38 88 54 59 8 42 1 65 12 77 98 26 11 87 73 80 81 79 53 33 16 32 84 58 39 40 61 22 9 5 47 97 85 51 70 43 28 55 29 48 13 64 69 17 91 90 46 89 45
0.59 45 91 72 17 90 70 80 46 43 8 42 75 54 84 98 22 40 92 88 58 94 41 37 33 29 96 47 39 9 85 57 13 86 34 36 49 6 2 73 99 81 66 71 62 83 89 32 25 87 64 60 38 56 18 20 7 3
0.16 43 37 36 19 48 45 4 62 57 40 28 86 34 71 61 42 85 95 9 18 5 92 32 54 97 67 53 88 44 31 22 15 74 11 63 21 76 79 75 60 90 93 91 8 46 33 47 73 55 68 72 58 41 7 64 52 81 26 80 70 14 66 30 23 96 35 94 17 2 50 83 84 29 56 38 98 82 10 25 77 24 20 39 6 1 12 49 87 3 65 27 78 51 69 16
0.43 15 84 63 1 73 75 7 62 30 46
0.27 37 53 44 54 97 49 85 38 64 76 19 12 39 93 21 4 48 51 15 3 7 32 36 72 46 50 45 89 11 73 94 69 87 5 81 31 34 43 60 78 13 66 75 74 47 28 42 80 14 30 59 98 65 41
0.73 56 63 71 31 3 37 44 8
0.02 99 46 86 37 93 74 8 39 19 14 54 61 75 28 50 55 80 69 90 36 0 41 23 56 62 89 76 7 57 17 82 16 30 97 25 24 48 2 53 33 21 96 65 77 66 10 34
0.98 41 99 4 74 55 59 65 91 85 70 12 66 31 71 25 97 69 93 10 72 37 36 3 21 96 92 7 53 75 34 17 61 56 73 51 0 22 60 15 27 54 77 6 87
0.02 23 2 42 95 91 41 76 17 14 70 61 10 28 37 0 88 89 66 51 9 68 94 84 26 47 79 32 22 98 29 30 39 78 35 45 72 6 33 4 80 15 60 12 73 50
0.71 83 28 69 62 34 90 75 11 37 71 73 1 12 63 38 43 22 81 0 54 97 25 3 57 51 61 91 32 41 50 96 78 67 7 92 85 24 44 20 55 56 13 65 87 27 48 89 4 74 72 46 30 19 16 47 15 86 52 10 31 80 17 49 9 35 26 53 33 66 45 58 14 93 21 94 99 98 6 40 95
0.99 34
0.17 52 13 71 0 24 37 83 4 92 98 21 46 55 17 89 68 79 41 66 97 63 8 76 60 39 23 72 91 81 80 30 75
0.38 73 88 76 20 25 75 79 51 65 52 15 6 22 26 69 62 9 78 97 99 31 85 28 94 3 5 92 46 30 66 18 57
0.79 93 10 88 2 18 21 45 65 50 96 94 39 49 11 70 25 62 37 24 6 77 43 44 56 9 14 98 59 35 95 48 54 89 64 36 5 42 82 58 22 7 1 73 41 67 51 81 29 80 92 46 60 23 99 90 47 15 97 87 30 79 53 3 74 71 61 26 19 13 34 83 57 63 66 76 52 38 68 91 84 69 12 32 27 40 17 0
0.53 87 10 30 94 74 28 82 79 18 88 8 20 61 39 55 15 13 40 52 36 47 92 93 23 41 73 46 67 29 83 37 62 19 97 76 84 5 51 44 2 91 90 50 32 57 56 75 77 26 43 25 3 49 53 68 66 24 7 65 78 85 1 45 86 64
0.16 2 96 8 40 11 88 6 31
0.85 18 76 53 79 94 60 72 7 19 2 66 31 44 24 67 51 65 37 35 58 59 13 80 73 12 56 69 6 61 70 29 89 83 27 98 77 30 34 3 26 55 48 81 64 41 28 88 21 95 54 10 38 74 68
0.93 59 95 63 47 74 11 15 1 84 87 45 70 41 94 56 54 9 58 65 14 8 36 31 42 83 16 90 91 0 26 85 68 92 29 34 55 96 27 22 79 30 39 32 69 76 38 2 48 35 3 51 57 7 61 10 13 86 12 75 24 18 81 6
0.91 45 23 43 38 2 51 73 12 64 20 76 79 6 84 98 31 53 13 83 56 81 97 60 15 71 19 88 40 94 17 0 87 61 36 72 24 48 49 8 3 14 32 22 57 44 70 26 80 10 66 65 7 96
0.32 29 82 98 30 42 50 13 60 95 97 79 90 73
0.57 17 58 52 55 86 22 62 20 60 80 33 42 61 54 3 70 57 11 16 45 44 41 18 64 34 1 48 65 37 69 82 32 50 75 87 19 71 72 21 98 92 63 76 88 9 97 7 74 12 56 78 85 4 73 89 40 26 51 49 30 6 68 28 39 14 24 91 99 2 94 93 46 38 66 13
0.57 63 7 74 16 48 53 66 12 50 5 3 30 94 86 89 95 81 23 98 75 20 58 4 32 39 59 37 40 51 88 73 41 11 22 67 80 57 92 43 91 45 84 36 0 47 87 71 38 31 24 62 14 52 77 76 68 99 54 21 72 6 19 26 97 27 18 83 44 34 28 82 29 69 78 85 2 70 25 55 56 35 64 96 10 8 79
0.54 4 98 21 70 59 23 90 14 26 50 69 54 0 10 2 40 55 7 77 37 17 25 72 19 99 62 87 57 76 49 36 75 74 34 65 8 88 1 89 24 86 27 45 97 11 80 51 58 94 30 91 22 32 73 33 31 92 64 61 43 44 3 95 81 85 82 13 60 78 71 18 96 35 29 6 56 63 84 83 5 38 20
0.40 81 74 78 20 37 22 60 71 11 23 67 21 92 12 6 93 44 56 72 8 70 68 95 43 47 97 3 30 99 33 7 42 10 90 61 9 79 76 86 45 0 57
0.08 72 70 40 7 35 73 41 82 95 51 83 56 91
0.37 44 32 84 8 57 81 60 42 20 45 35 17 10 86 71 49 88 37 15 56 3 82 40 64 24 54 14 99 69 92 21 47 38 95 80 46 53 36 43 2 27 16 75 98 65 0 66 51 50 29 68 55 62 6 13 22 90 19 9 76 52 4
0.03 28 37 90 65 19 64 77 88 31 75 43 52 72 94 76 83 46 41 99 62 10 66 24 23 74 3 61 70 21 8 50 78 71 18 35 42 55 98 60 32 36 12 17 27 6 15 29 79 39 89 7 84 48 96 9 49 22 13 40 45 73 2 33 81 1 92 86 63
0.76 78 40 31 47 68 2 54 58 80 13 88 22 35 84 86 49 8 91 26 64 21 79 62 41 37 72 20 57 90 53 7 38 18 12 33 46 30 87 36 42 63 27 55 9 3 48 24 16 32 56 93 66 4 99 81 67 43 44 94 83 14 11 50 70 61 25 59 39 1 76 73 51 0 74 45 71 52 75 92 34 17 28 19 23 97 10 95 98 65 82 69 60 29 5 15
0.71 59 6 39 5 42 58 95 19 51 96 45 50 8
0.20 63 85 24 35 92 51 91
0.13 47 63 82 49 4 73 31 44 14 15 95 60 71 84 0 97 77 24 29 81 76 34 41 91 38 64 23 40 56 70 78 87 88 74 54 5 32 8 68 9 48 59 11 79 69 36 98 3 85 53 10 67 26 7 37 28 33 90 55 94 17 61 30 39 86 45 58 52
0.51 35 36 67 21 90 27 5 54 96 61 76 56 64 46 12 42 45 59 3 92 57 10 47 14 88 13 58 72 63 8 1 16 98 62 18 15 70 55 41 20 60 84 97 93 48 9 40 74 52 24 77 26 17 6 86 30 32 51 68 2 79 89 37 66 83 82 44 75 50 81 19 4 11 78 69 43 7 25 29 33 23 53 99 34
0.55 44 13 78 4 64 89 62 83 87 22 11 69 54 33 56 34 10 79 97 21 16 18 19 23 55 88 28 27 85 24 26 47 43 82 32 14 53 5 92 31 36 30 71 58 9 86 96 38 2 98
0.43 11 3 9 13 36 42 90 24 27 21 10 67 68 46 92 70 91 0 74 2 30 62 72 43 76 52 77 23 15 35 33 40 14 49 50 56 17 65 41 57 59 96 22 6 69 26 34 55 83 66 7 25 44 78 37 86 82 38 4 71 94 58 97 51 87 75 93 18 79 85 98 28 12
0.88 11 51 1 43 49 9 14 36 67 12 93 47 2 79 92 50 34 33 94 56 29 63 76 45 86 0 90 38 4 20 3 39 70 77 84 30 91 98 54 46 57 75 27 23 16 17 82 25 72 41 15 73 32 65 85 6 31 37 55 52 99 24 81 42 26 95 87 60 5 61 66 59 13 68 58 71 62 44 48 35 40 83 21 80 74 89 28 7 96 8 18 53 88 19 64 78 22
0.53 77 25 53 60 6 74 99 63 58 3 98 7 59 82 70 47 17 8 57 27 38 14 28 36 34 89 42 26 31 40 64 43 32 2 68 11 81 86 56 93 22 85 12 46 73 30 61 83 75 10 92 50 69 21 0 88 44 97 9 84 55 49 29 48 5 37 95 66
0.19 59 79 44 78 84 17 52 39 76 73 32 83 88 36 24 58 5 86 99 70 27 71 20 6 11 62 35 15 65
0.69 36 7 64 20 89 28 13 53 23 47 68 55 63 15 22
0.73 12 90 70 24 56 37 71 86 84 30 13 19 15 36 58 78 33 57 40 44 14 38 31 77 49 8 45 11 79 98 5 69 52 64 0 85 87 60 81 25 1 67 10 42 34 50 41 48 6 99 93 9 29 62 39 83 53 22 74 65 95 2 92 27 47 4 3 21 63 20
0.90 63 36 78 49 81 94 23 59 2 45 64 30 9 17 93 38 56 50 16 33 54 6 77 21 88 66 61 90 51 80 82 69 25 5 44
0.98 90 58 11 99 97 84 71 8 37 4 19 65 77 15
0.89 46 96 97 17 18 3 6 29 77 42 25 33 58 83 26 91 74 4 12 24 35 36 93 9 89 76 47 13 56 57 7 64 1 73 51 63 80 44 28 41 87 39 72 8 70 50 69 65 27 55 99 45 85 15 82 61 88 54 30 38 43 84 21 10 59 23 86 52 60 31 71 48 5 40 81 20 37 22 68 78 95
0.78 76 71 5 39 27 13 65 67 47 80 98 93 51 79 28 75 33 45 86 15 41 37 62 88 7 68 21 38 36 54 87 64 99 6 32 40 58
0.24 92 72 43 47 5 66 73 58 89
0.04 45 8 64 30 96 16 68 10 17 81 0 19 35 54 33 56 25 90 70 1 6 24 87 59 52 83 94 79 7 95 84 21 48 73 78 66 75 86 65 12 3 39 15 61 60 34 62 99 51 31 93 55 53 26 40 5 4 22 13 88 44 42 36 46 97 69 63 58 20 32 57 91 67 98 23 89 29 77 38 92 2 37 14 49 27 72 82 47 71 11 18
0.57 79 24 97 21 92 1 43 18 5 98 99 64 56 63 82 13 10 94 33 85 69 20 36 8 2 30 22 53 77 17 26 49 68 59 28 88 52 14 48 80 40 23 9 57 91 86 61 6 45
0.43 70 63 52 27 37 98 31 61 69 21 11 44 29 73 17 53 24 7 55 85 23 35 82 80 88 84 60 89 43 28 81 94 56 75 79 77 30 41 71 8 13 9 78 90 20 16 57 99 64 6 40 96 18 72 83 1 95 97 86 67 74 33 39 26 65 4 2 76 19 54 36 58 5 51 45 32 47 38 87 34 46 42 12 25 68 62 48 92 91 66 22 3 59 49 0
0.04 71 6 44 98 88 33 15 89 95 7 37 84 91 16 18 78 79 80 76 38 13 68 64 2 9 52 86 30 28 70 14 90 73 41 96 97 87 12 92 36 58 48 57 0 35 59 72 4 66 99 65 39 74 8 22 10 3 42 81 82 83 20 67 61 45 77 31 21 54 53 47 32 85 5 27 1 25
0.09 27 54 74 34 37 86 75 76 1 50 16 63 91 59 3 47 0 20 69 35 92 80 30 22 9 43 72 70 14 10 13 83 60 42 88 57 19 18 64 24 58 26 2 85 25 94 89 93
0.96 75
0.88 63 98 54 26 73 66 13 30 20 35 82 10 48 86 3 72 91 6 28 44 27 83 4 88 14 62 9 95 39 57 60 0 40 53 25 93 87 84 22 18 71 45 92 7 58 80 19 96 50 16 42 11 37 55 85 99 34 21 29 81 67 90 36 97 78 79 23 68 61 56 17 69 49 41 5 76 8 1 31 51 74 12 33 75 46 64 77 52 2 24 32 89 38 70 94 59
0.50 60 11 16 64 74 41 67 49 68 92 94 22 38 85 19 71 59 69 34 40 21 80 77
0.32 30 69 24 58 75 97 67 77 79 64 0 42 34 26 32 9 5 4 55 16 70 19 78 61 49 66 88 13 50 80 87 74 18 89 65 82 91 52 51 53 86 20 29 11 98 8 46 1 2 76 17 23 48 56 59 28 41 92 68 73 36 96 44 63 7 6 15 37 94 39 81 35 40 62 60
0.47 53 56 86 8 25 0 77 79 72 81 30 90 28 1 9 34 75 71 69 19 98 13 2 51 50 11 55 85 70 46 14 89 27 31 87 99 58 26 48 20 66 39 41 40 91 47 16 24 93 35 21 54 44 7 36 52 22 74 96 67 4 32 84 95 64 92 33 18 49 17 3 97 61 78 62 82 65 94 43 60 38 59 10 12 23 6 76 83 80 57 5 73 29 68 42 37
0.74 45 14 20 21 4 80 3 89 59 9 94 50 96 70 60 10 53 98 36 85 26 13 63 66 40 51 37 11 90 16 78 32 38 23 74 82 24 46 95 18 83 12 48 22 39 19 91 62 92 97 57 52 99 76 72 7 64 77 0 75 68 17 41 42 56 54 28 47 33 49 35 2 67
0.15 69 41 19 10 21 71 65 99 3 44 54 34 13 16 30 72 88 45 11 29 15 35 77 93 17 66 2 0 40 49 20 22 7 53 97 25 61 5 18 76 74 8 73 36 24 92 68 81 39 87 9 31 75 91 33 82 42 96 4 14 85 1 23 38 84 64 59 26 27 52 12 86 98 62 60 43 6 83 48 32 28 78 70 58 47 51 95 37 90 94 50 46 56 57 63 67 55 80
0.62 1 65 3 57 40 9 66 35 56 92 39 82 94 37 58 52 78 11 32 80 72 12 62 44 18 83 31 59 73 70 17 51 50 23 30 48 99 84 26 20 25 68 8 36 53 96 21 87 71 89 27 54
0.20 32 81 63 20 65 76 80 89 87 66 6 38 79 82 30 50 55 52 69 56 27 44 29 26 13 19 48 73 75 92 7 60 62 14 15 25 8 12 46 51 37 16 93 99 96 9 64 88 39 17 97 33 4 85 43 58 28 83 94 53 2 35 59 18 78 67 21 54 42 68 10 31
0.27 61 78 91 35 6 15 60 64 22 10 68 36 55 29 33 67 76 12 49 65 9 52 53 86 74 13 62 96 2 99 23 85 92 32 70 66 48 44 90 24 77 56 82 87 47 20 1 69 7 81 71 45 41 58 43 88 28 50
0.69 8 41 78 9 66 7 87 60 97 69 24 11 51 35 44 4 82 34
0.38 72 43 75 58 11 45 2 52 46 34 25 73 60 66 9 85 56 97 62 80 79 83 30 27 44 28 88 53 22 99 17 87 71 93 92 10 68 63 65 55 84 89 57 18 19 4 54 50 70 26 5 0 24 21 76 29 82
0.63 7 76 36 71 25 46 81 73 27 79 72 53 45 74 8 16 85 32 56 28 9
0.64 89 64 50 54 56 87 52 1 51 17 39 32 40 99 8 59 97 7 83 77 9 55 29 2 23 36 30 80 88 68 84 67 18 34 73 26 70 21 61 82 4
0.52 24 42 71 48 59 17 45 9 98 80 35 18 84 97 39 90 95 62 2 87 65 43 86 54 94 7 57 19 93 6 64 28 79 23 38 34 52 29 82 47 83 68 10 88 74 53 92 27 41 78 37 96 1 58 14 16 69 76 75 26 67 70 66 0 8 25 63 55 73 3 77
0.13 6 40 70
0.92 98 12 79 55 45 50 57 56 22 80 94 76
0.21 5 90 34 59 57 52 48 30 74 28 97 78 81 44 29 31 9 8 18 95 67 85 47 80 1 37 63 91 71 7 20 25 87 33 27 35 10 65 56 66 75 77 43 15 16 89 53 13 73 45 36 17 99 26 6 19
0.43 66 58 83 8 16 72 5 43 25 80 62 21 34 73 24 78 95 52 12 26 15 0 23 54 60 36 92 94 46 40 77 37 67 96 30 93 88 84 1 61 38 50 14 97 91 41 49 18 63 76 48 45 33 13 28 3 69 86 89 4 22 11 82 17 98 42
0.32 60 35 48 1 76 58 53 31 78 19 16 14 88 36 96 52 59 29 32 9 81 10 97 41 37 92 67 65 68 61 17 86 69 94 75 66 42 49 43 3 70 85 82 18 15 87 71 56 24 28 47 8 38 79 98 90 40 55 21 74 7 2 23 95 73 83 63 4 54 45 64 27 30 5 93 11 72 22 57 25 34 26 12 77 0 51 99 13
0.18 43 69 93 57 83 87 38 79 32 44 51 53 23 42 49 48 95 31 77 84 98 92 86 26 96 3 91 45 7 74 81 76 40 19 68 85 2 20 59 11 28 94 8 27 12 62 35 18 65 17
0.19 54 17 91
0.83 81 64 59 30 3 89 50 94 41 83 65 9 96 33 0 57 45 23 51 15 31 38 4 66 84 53 28 24 32 79 69 44 13 91 40 22 46 1 39 74 49 56 67 55 90 12 71 77 27 70 73 87 16 47 76 26 43 36 92 19 18 61 68 75 37 29 72 58 21 7 98 6 52 85 80 62 54 10 88 86 60 99 48 34 20 42 8 93 95 78 97 82 11 14 25 17 35 2
0.69 97 72 5 85 59 98 18 12 60 55 7 61 47 84 3 73 81 0 87 33 9 96 57 99 6 95 74 91 20 50 46 14 93 70 37 94 75 2 76 65 8 26 56 53 42 77 21 40 67 69 62 13 27 23 10 4 58 19 78 90 17 80
0.68 6 93 44 7 31 99 90 81 66 48 32 2 73 55 74 43 10 82 12 67 47 45 40 22 34 13 27 88 30 84 77 61 19 65 23 24 69 56 72
0.39 20 35 7 88 25 78 91 11 28 33 1 77 42 32 18 53 14 15 86 24 60 61 39 21 44 49 45 5 47 58 99 3 87 48 26 74 37 13 67 98 54 12 43 66 46 84 50 10 31 90 97 72 56 6 55 29 36 16 17 27 63 92 93 79 73 4 23 22 75 64 82 80 30
0.60 99 77 55 97 4 48 98 91 93 14 59 43 27 90 45 88 11 19 3 49 42 60 6 51 46 61 16 25 84 72 44 81 18 82 40 85 15
0.04 15 5 78 74 12 56
0.98 53 46 10 71 61 17 3 4 80 85 33 13 32 47 39 73 28 48 82 38 77 1 97 67 41 90 49 26 99 76 59 79 78 56 34 12 0 25 22 96 45 84 54 95 29 52 72 94 18 11 81 58 70 75 74 42 27
0.27 95 94
0.37 33 6 67 73 74 62 66 31 30 18 99 81 72 25 83 68 41 20 40 61 52 76 4 39 26 17 84 53 9 55 11 16 8 71 60 91 32 89 38 13 65 12 59 42 70
0.69 14 66 85 50 51 57 21 49 29 38 37 72 52 39 90 54 68 74 42 13 16 44 69 80 27 75 36 46 45 55 99 33 61 7 15 12 91 53 19 97 78 59 77 58 94 63 22 82 92 30 71 32 9 6 41 23 31 88 84 0 87 79 67 62 26 1 28 48 18 83 35 56 70 3 11 95 2 60 25 47 96 4 64 5 20 73 24 93 40 86 8 89 76 10 43
0.51 55 41 39 33 13 76 44 24 62 64 87 8 9 14 11 92 66 0 5 52 40 15 53
0.55 18 82 72 38 41 15 67 35 66 62 10 58 19 1 0 59 80 54 94 96 8 11 40 95 97 16 74 3 64 83 77 70 47 44 24 51 14 12 4 65 81 46 55 7 17 61 23 36 79 5 37 32 87 6 57 25 42 50 69 27 30 28 21 33 13 93 43 78 20
0.32 1
0.73 97 28 87 77 47 67 27 50 51 42 35 16 4 90 81 46 45 37 9 63 40 5 12 62 56 64 78 25 18 84 19 26 44 41 65 30 49 14 38 93 22 17 20 61 94 98 57 33 0 68 8 43 82 96 54 72 32 79 6 91 13 60 86 83 76 99 36
0.02 6 82 18 44 16 46 63 54 47 52 41 26 53
0.58 45 36 70 93 56 86 61 58 12 54 85 35 62 92 40 7 77 60 20 75 16 34 71 91 8 33 43 95 83 25 67 44 59 64 81 78 89 76 90 46 10 19 57 4 68 98 51 48 94 29 32 13 2 42 11 0 96 14 38 99 31 84 79 26 23 41 17 73 50 69 53 65 52 3 30 97 74 28 15 63 5 80 72 49 27 82 24 37 39 87 6
0.86 70 61 66 2 93 22 55 21 24 90 88 5 68 14 9 16 81 64 72 96 34 83 56 38 53 39 11 58 51 40 18 97 82 91 19 76 65 94 25 23 26 74 50 1 7 30 32 6 37 99 17 73 67 49 62 0 47 10 36 28 4 35 52 77 15 79 63 78 60 46 85 59
0.21 87 54 14 2 9 0 21 75 99 56 63 94 17 16 49 22 46 50 52 81 92 68 72 15 26 53 37 12 77 18 45 29 43 78 85 62 93 5 25 7 38 82 20 60 57 91 4 30 96 70 33 47 86 83 73 89 24 67 51 44 11 80 3 76 8 34 6 55
0.96 26 85 89 86 2 92 28 78 61 98 4 22 81 95 23 72 65 27 36 37 15 1 17 59 51 63 41 96 76 11 9 66 74 43 47 69 80 67 45 60 94 6 5 58 53 33 52 50 19 30 39 56 88 3 31 71 93 18 24 91 0 75 62 34 54 49 20 16 68 29 48 7 8 14 83
0.51 56 65 48 77 1 8 86 9 52 82 80
0.32 49 64 73 15 38 71 57 94 89 14 84 19 8 48 80 54 77 83
0.62 22 16 6 65 57 91 12 51 68 27 47 37 2 15 42 90 84 17 96 71 70 38 87 3 59 97 81 23 95 8 74 89 64 50 5 55 21 49 80 11 35 7 10 78 39 85 45 46 29 34 14 13 94 60 99 63 26 86 93 75 32 31 88
0.82 3 17 30 49 63 57 41 69 25 87 74 76 67 95 66 60 98 16 51 44 8 7 35 55 19 9 92 70 39 27 85 13 0 58 78 22 10 11 2 36 1 83 28 42 38 59 80 90 20 99 75 84 31 65 96 97 62 82 53 93
0.27 64 33 18 1 59 67 36 29 25 15 98 94 41 70 32 91 99 57
0.15 29 8 18 48 61 0 98 38 26 7 23 30 83 70 71 41 51 95 60 55 14 78 74 88 65 25 24 63 91 90 54 45 62 80 52 13 64 37 2 21 28 66 68 9 1 6 20 81 3 89 19 77 58 10 85 86 67 59 57 16 96 50 76 32 15 39 69 72 33 5 97 22 27 56 84 44 99 73 34 53 36 75 17 43 92 49 11 40 12
0.74 78 17 69 97 47 83 37 11 25 38 8 86 96 65 30 77 84 99 32 74 43 93 18 45 40 44 70 90 9 53 66 81 7 89 2 21 50 88 76 48 6 56 72 98 19 29 95 34 61 60 20 10 73 58 63 28 39 0 13 92 46 24 85 62 79 15 75 23 31 22 16 57 52 55 59 33 35 64 41 54 12 27 42 3 26 71
0.63 81 79 99 31 52 46 66 74 35 39 67 78 62 22 73 58 98 12 65 50 37 29 11 47 70 32 61 55 6
0.55 25 18 63 32 87 88 29 56 21 90 8 58 98 6 35
0.21 8 37 14 84 66 27 50 33 26 97 18 40 5 12 13 47 53 52 7 41 23 99 0 96 3 77 59 75 39 22 42 83 49 72 88 38 98 45 10 17 24 31 15 56 16 92 65 57 48 73 46 32 90 79 61 25 80 44 54 94 9 82 34 86 51 58 20
0.40 38 9 81 37 43 8 91 12 78 21 77 56 34 99 53 27 97 22 73 15 32 5 13 46 79 54 90 10 60 75 83 59 36 26 16 18 89 98 72 86 40 0 58 68 65 88 7 20 29 61 74 55 96 42 28 71 35
0.22 62 12 40 58 54 24 94 99 73 83 34 27 18 78 70 33 59 44 80 65 15 64 48 50 75 36 85 32 5 42 19 28 51 63 22 60 21 46 10 66 95 61 29 69 98 49 14 90 87 17 67 39 30 23 52 25 0 38 96 92 53 1 7 57 86 91 3 43 20 37 8 41 76 55 35 71 11 13 72 2 56 68 89 79 93 88 16 6 84 47 45 82 31 97 74
0.67 20 34 16 10 31 11 98 97 0 40 61 66 28 80 30 8 22 18 27 17 39 44 54 43 79 25 1 45 52 73 63 82 26 38 87 23 68 60 91 24 71 36 74 57 51 32 15 41 19 49 46 65 55 33 37 69 2 47 77 93 21 83 29 75 6 78 94 5 64 7 56 86 42 50 92 88 12 90 14 76 96 9
0.41 67 63 23 82 45 89 15 54 3 12 76 59 22
0.12 23 66 82 49 33 67 59 8 61 7 27 68
0.83 46 79 71 42 82 64 91
0.54 68 92 8 15 60 33 48 83 73 82 54 78 58 40 17 38 25 59 56 77 90 6 3 42 71 76 30 63 1 43 70 24 28 32 11 21 62 29 85 5 0 49 27 91 69 39
0.71 47 31 5 50 54 51 77 25 71 43 92 15 52 13 98 99 85 17 65 29 48 95 34 96 82 97 94 75 20 41 28 56 70 38 36 76 93 7 40 30 12 39 0 88 64 79 84 1 6 44 46 68 89 87 91 80 45 67 10 37 72 35 33 73 74 26 2 61 90 59 19 11 62 81 18 83 49 55 14 8 86 16 3 32 58 24 21 53 63
0.10 22 61 99 49 77 8 12 46 24 30 39 19 93 66 59 17 6 11 47 70 15 91 75 57 79 83 28 16 69 1 76 94 95 88 82 36 67 20 5 13 33 40 71 21
0.56 17 54 83 22 1
0.30 26 12 67 37 96 31 30 81 80 68 90 52 17 54 95 44 20 7 58 18 14 49 61 46
0.07 37 86 60 9 2 13 46 82 33
0.78 41 9 69 54 7 20 19 87 78 37 99 83 76 65 13 53 36 70 62 14 10 43 46 18 84 96 73 2 90 59 75 86 68 22 47 79 11 34 45 60 63 23 80 24 74 30 91 0 4 51 97 92 95 33 40 17 64 29 21 98 85 32 16 55 82 50 49 48 89 25 12 66 1 58 44 93 88 6 3 72 35 15 42 27
0.51 54 16 93 55 96 44 38 60 36 42 74 92 17 25 9 97 46 31 81 26 32 76 73 45 58 78 15 59 82 4 51 99 95 2 5 87 40 37 75 91 70 49 64 86 77
0.84 33 46 39 40 81 66 22 68 92 49 26 5 20 8 4 48 99 42 95 71 37 29 69 73 75 70 38 25 76 62 30 41 44 80 1 54 2 98 96 59 82 88 58 9 79 16 77 7 78 89 34 32 50 21 43 23 24 47 53 56 93 85 36 17 19 74 87 28 51 94 64 67 11 52 13
0.92 29 88 74 47 97 43 86 10 27 51 50 20 84 94 87 93 33 80 38 63 72 11 16 21 57 82 96 91 4 12 62 15 32 76 44 46 65 31 95 19 34 69 23 35 64 24 79 61 49 98 52 40 58 89 22 53 78 3 73 39 71 67 56 41 60 77 48 66 42 30 99 81 37 0 8 90 18 6 36 14 5 92 85 17 68 1 26 45 2
0.23 10
0.05 80 99 93 14 33 81 64 38 1 53 41 71 10 52 4 86 70 58 22 7 46 89 57 72 39 54 67 24 92 96 73 13 83 62 50 21 74 47 88 61 17 19 84 79 32 35 30 49 77 87 8 2 37 94 85 36 40 69 20 3 82
0.15 3 9 32 22 82 85 47 56 51 98 97 70 46 12 44 68 8 37 60 65 73 24 58 74 10 99 80 45 96 53 89 16 21 76 2 87 1 67 54 93 35 40 27 34 23 17 86 7 94 31 5 42 48 61 20 15 11 28 64 0 55 43 84 79 72 50 26 13 81 95 39 91 75 14 78 69 71 41 52 57 6 88 36 30 4 18
0.77 25 46 63 44 87 93 81 11 12 39 71 1 35 68 77 10 49 69 98 50 42 83 32 7 26 58 38 36 6 21 16 72 88 95 18 19 41 99 73 91 60 52 62 86 34 57 90 61 45 64 33 76 37 27 89 13 3 96 8 23 29 28 9 65 17 55 2 0 31 59 22 30 4 47 54 94 97 43 53 80 85 67 56 75 51 78 48 66 40 79 74 14 5 82 15 70 20
0.21 65 11 7 19 16 66 50 53 44 18 37 12 79 78 90 54 74 25 76 32 48 3 96 86 23 22 5 41 69 30 73 94 28 38 0 8 99 26 9 98 1 45
0.86 12 82 28 88 55 44 78 33 21 61 6 39 40 69 60 3 46 8 9 2 99 87 94 98 85 14 95 32 38 52 74 59 15 7 66 97 81 10 18 47 5 25 80 34 65 58 19 92 29 50 42 48 64 77 54 24 26 67 1 0 56 22 75 53 63 76 51 37 30 45 68 71 79 23 11 16 35 57 41 96 4 13 31 36 91 84
0.89 4 18 76 8 43 17 33 99 91 77 3 10 36 14 22 62 19 47 52 35 5 51 81 24 96 90 13 57 68
0.70 18 73 88 43 55 54 81 77 31 93 26 33 21 22 7 34 39 0 74 10 66 9 4 6 11 19 62 24 86 27 94 3 75 82 36 87 41 47 52 13 5 25 28 44 53 50 29 48 79 14 32 8 20 59 60 61 85 78 17 95 40 15 65 1 56 80 70 30 97 49 16 91 46 90 35 37 63 69 99 76
0.91 6 12 29 66 83 16 45 28 73 74 99 34 60 7 40 58 33 24 5 94 86 98 67 77 37 53 8 35 64 21 62 88 55 92 91 56 4 13 25 57 42 79 75 3 72 38 52 44 30 48 82 63 41 19 2 46 68 51 1 54 31 27 81 93 10 20 14 84 0 96 50 89 69 87 43 32 22 39 36 95 85 76 47 70 15 18 11 61 65 23 9 80
0.60 23 99 57 50 93 54 35 55 63 81 89 28 16 2 26 15 14 78 73 76 39 1 17 36 29 95 20 30 12 49 21 60 38 40 84 13 7 98 19 33 41 37 92 42 27 88 79 97 68 31 59 8 86 83 85 58 71 94 18 72 56 9 70 11 3 53 6 4 90 75 87 82 69 48 91 66 34 43 25 45 22 44
0.09 66 20 46 25 97 19 61 72
0.58 76 35 11 43 53 71 56 95 55 50 78 40 28 65 18 89 6 25 51 57 17 14 91 52 99 5 24 94 54 77 38 97 0 59 8 96 88 81 60 80 19 79 93 84 68 69 7 74 13 45 12 62 86 34 67 16 73 42 36 1 72 63 98 70 10 44 27 82 20
0.31 21
0.69 65 64 20 66 13 87 14 34 33 50 96
0.97 38 67 60 82 22 21 19 31 42 89 15 13 46 68 5
0.32 63 94 44 45 84 64 59 25 95 26 39 12 82 29 54 55 62 93 70 86 15 48 68 11 58 28 53 51 35 42 47 41 89 46 81 36 13 19 85 3 18 50 31 7 30 57 99
