1 100 140 2 33109.25
1 5 1 2 4 7 6 6 7 5 7 1 8 1 4 9 7 9 10 3 2 5 6 7 1 2 8 8 6 6 3 9 7 9 3 5 8 9 5 1 4 9 5 7 2 6 7 8 5 3 4 2 1 8 8 5 9 10 4 6 7 9 2 3 9 10 7 6 7 8 9 4 7 3 7 4 10 6 2 10 4 3 5 10 8 10 7 1 1 2 1 5 7 2 10 9 3 5 6 8
0.88 54 97 22 72 36 95 29 90 75 93 20 19 56 11 7 38 8 61 70 82 91 48 51 96 89 0 57 83 23 3 73 81 66 69 68 40 6 86 30 4 12 88 62 26 58 85 60 24 35 18 59 9 14 94 84 92 5 16 65 37 27 31 77 46 63 78 34 41 80 98 45 53 43 21 49
0.01 85 1 86 88 94 0 46 44 75 9 14 68 82 67 89 59 10 98 61 30 21 77 93 55 39 41 8 90 80 29 99 12 60 51 64 22 78 91 48 45 57 5 50 34 76 92 52 32 31 97 27 54 38 56 43 79 72 47
0.42 57 60 23 89 39 48 53 70 52 47 19 61 31 78 81 58 2 76 7 86 99 66 6 45 56 65 64 21 84 63 95 16 13 92 33 42 9 77 0 12 73 25 55 1 68 50 29 26 40 14 93 79 62 34 97 3 20 94 74 35 67 98 88 69 82 46 11 87 44 41
0.51 55 54 43 97 67 50 83 41 28 1 52 13 96 90 81 22 95 56 5 0 66 62 70 86 40 33 61 39 78 64 51 26 82 8 36 34 2 3 72 69 49 84 37 74 27 42 99 88 32 47 45 29 53 31 17 9 25 46 60 57 4 10 15 7 98 91 71 20 38 73 18 21 93 35 12 16 23 59 44
0.66 56 2 66 33 42 41 67 95 21 40 72 79 18 81 6 38 4 32 84 62 13 74 8 39 93 73 80 53 70 96 26 34 29 63 25 5 60 49 0 36 89 78 98 46 48 22 71 43 94 50 19 45 65 9 76 37 31 1 68 90 99 86 57 77 59 27 69 51 97 7 44 54 58 35 28 10 85
0.70 29 45 62 76 0 24 94 46 73 55 95 63 75 16 79 5 54 77 35 27 88 57 60 78 50 14 84 26 23 2 56 61 7 12 9 87 82 80 6 18 4 86 72 65 21 99 43 58 81 22 59 47 52 17 28 51 1 66 36 85 13 64 53 44 31 98 39 90 42 92 91 32 69 33 15 68 8 38 10 93 19 40 25 49 11 71 20 96 48 41 83 97 37 34 70 67
0.52 86 62 39 60 30 72 29 14 33 36 76 95 89 22 4 8 97
0.35 31 8 35 36 33 43 40 78 69 39 16 14 75 11 72 89 76 97 12 53 10 44 48 19 9 66 37 98 64 70 38 74 62 63 13 49 58 86 99 2 0 15 6 85 87 22 93 42 28 56 82 24 17 32 26 77 67 94 57 60 79 52 3 29
0.86 65 50 30 70 96 97 35 67 49 14 94 77 76 32 85 24 74 13 27 25 28 89 31 55 52
0.12 96 85 94 15 5 93 36 84 86 80 37 59 17 2 23 27 71 97 87 56 64 69 63 41 3 99 9 73 54 57
0.94 98 24 4 21 18 80 75 5 23 26 52 15 42 95 62 72 61 90 49 6 39 35 81 36 37 67 71 10 1 51 76 29 17 64 16 58 96 86
0.27 61 94 76 98 4 18 81 62 21 28 29 60 8 68 70 82 44 37 69 85 57 43 75 49 15 78 34 54 66 51 5 56 46 9 40 55 2 92 84 77 53 12 35 48 79 14 59 50 33 36 25 38 41 13 0 7 97 91 72 20 26 6 30 73 10 71 93 19 45 11 17 63 24 65 32 87 42 80 39 23
0.02 54 81 85 53 14 34 80 26 86 90 29 38 31 55 7 78 10 50 36 57 82 63 28 66 37 24 0 52 95 70 20 32 67 76 93 27 71 11 91
0.28 48 36 83 14 15 27 42
0.58 17 84 81 49 69 83 32 86 16 34 56 52 14 55 58 79 39 30 27 13 82 92 62 43 65 47 4 46 70 25 53 50 19 7 89 2 35 26 85 5 94 29 36 80 99 9 8 63 75 64 11 91 77 57 24 54 18 96 0 21 59 68 1 71 98 33 40 78 23 51 67 72 45 41 76 38 93 87 74 6 28 20 3 73 95 48 88 37 90 42 12
0.46 80 79 99 87 78 56 96 40 67 97 7 20 19 16 82 53 57 24 11 34 1 37 2 64 71 72 47 41 25 49 90 76 88 83 29 45 32 51 26 62 91 86 81 63 14 68 74 46 12 42 52 75 73 61 48 69 13 23 95 33
0.92 85 59 18 82 8 49 52 70 93 9 42 89 16
0.07 12 92 7 13 67 19 90 73 69 9 4 74 86 35 81 89 82 5 96 48 93 16 65
0.46 96 57 24 62 13 12 23 2 80 54 20 88 14 90 17 59 30 84 93 91 49 7 95 39 10 64 18 46 31 61 41 86 21 45 75 22 15 42 74 32 83 48 28 82 92 3 26 6 47 9 94 77 29 78 65 11 50 85 44 33 0 72 43 4 76 97 53 68 70
0.43 80 40 45 12 24 1 23 37 60 87 7 15 4 54
0.03 60 32 74 92 45 70 57 37 96 94 2 25 11 82 64 78 27 40 46 79 84 58 97 21 34 51 80 9 7 77 17 55 8 16 54 71 13 5 44 28 87 66
0.52 6 86 41 8 94 88 12 63 13 2 14 33 97 65 78 16 74 87 7 21 3 17 91 23 22 76 59 82 95 89 79 68 50 49 5 56 71 98 4 52 57 70 20 93 25 39 72 67 35 90 81 55 69
0.09 0 78 12 28 22 1 50 5 17 21 15 32 76 8 37 16 18 33 34 65 99 82 80 52 60 27 96 10 43 23 36 44 79 93 86 90 53 94 89 11 42 87 30 97 58 26 45 95 74 48 92 71 54 64 41 3 13 68 6 85 47 75 4 72 20 7 98 57 69 67 29 63 39 38 40 91 77 61 24 51 14 46 55 49 59 19 73 81 25 62 66 9 88 70 83 56 2 35
0.17 91 79 62 53 10 64 1 58 98 81 31 67 16 85 21 71 61 51 24 11 25 22 87 15 8 39 37 63 26 75 82 42 4 28 30 48 96 69 57 86 93 35 40 88 6 36 90 19 95 43 73 66 83 68 72 78 84 94 56 76 7 99 32 20 2 13 46 5 97 65 3 89 59 80 45 34 29 54 33 23 18 12 70 52 14
0.13 69 27 46 86 30 80 44 98 59 21 45 58 24 20 71 47 62 29 66 5 82 72 91 0 22 70 56 6 17 94 49 43 33 52 41 4 87 53 61 3 84 39 75 77 55 83 15 95 18 23 7 81 2 11 64 85 89 35 54 88 34 57 67 90 99 10 78 96 14 16 76 79 8 93 28 51 97 19
0.53 12 79 15 34 93 25 41 74 86 13 58 59 81 20 67 22 77 33 51 53 27 72 83 16 21 92 98 57 4 29 10 54 75 65 45 0 40 24 95 37 71 47 8 7 1 66 88 73 43 5 19 48 91
0.32 65 17 12 85 44 88 9 3 47 83 90 94 59 75 98 14 22 72 79 46 77 97 0 36 67 58 48 24 26 38 18 35 92 30 1 28 10 70 49 91 69 95 81 37 82 55 93 66 31 5 27 51 25 21 84 99 64 62 52 23 57 87 2 6 54 33 80 76 56 41 89 60 45 13 73 78 53 61 39 96
0.19 74 7 64 22 6 2 15 38 97 30 52 54 26 73 83 65 51 16 96 90 98 62 11 80 76 55 29 87 23 27 79 78 48 59 5 82 77 70 44 92 10 94 25 19 66 35 63 46 1 58 12 85 8 18 40 37 86 67 31 95 39 32 84 42 36 17 13 99 53 91 21 3 45 71 72 88 57
0.42 53 87 36 31 44 12 60 56 40 49 29 51 7 83 93 32 58 16 75 98 34 15 9 72 19 65 97 68 24 20 91 47
0.27 4 49 13 41 96 50 73 38 10 88 86 53 65 94 18 30 16 55 67 9 95 48 0 89 7 32 21 52 98 2 93 8 47 31 90 99 3
0.44 66 9 55 99 78 94 91 28 26 93 0 71 18 48 58 85 74 62 72 19 23 68 73 89 60 65 75 30 81 69 7 50 45 84 87 13
0.87 47 38 72 6 29 0 10 77 75 61 50 7 34 91 51 4 60 59 32 45 3 81 24 94 2 95 56 83 96 88 25 97 71 63 64 35 12 40 39 28 43 62 58 79 11 82 49 36 26 41 48 90 80 15 53 21 18 74 17 67 87 70 66 89 33 30 98 86 13 68 9 65 52 55 93 92 57 8 69 76
0.25 3 63 9 70 55 20 74 76 92 89 50 45 14 75 81 18 26 88 12 97 17 84 79 61 8 77 25 44 90 71 32 56 38 24 65 1 29 82 53 15 86 36 73 78 43 62 80 31 10 64 52 22 47 95 41 35 59 40 51 83 93 33 99 2 39 68 48 49 27 16 66 34 7 0 28 54 11 91 23 13 5 6 58 46 21 57 72 85
0.85 67 22 97 19 16 23 85 77 65 0 9 69 4 17 50 28 33 98 12 7 90 34 48 26 61 40 31 47 59 52 36 43 39 74 76 25 1
0.38 84 98 24 58 52 10 43 17 85 91 68 8 55 50 34 87 19 54 31 88 45 4 20 71 2 48 89 82 28 12 99 27 53 22 6 80 1 64 51 86 83 40 96 74 14 57 15 78 7 60 37 49
0.12 29 32 25 33 19 73 50 60 62 56 80 61 74 3 18 94 26 55 59 49 51 0 12 99 58 85 91 98 83 66 35 44 41 76 21 88 70 20 6 54 15 36 68 82 78 89 2 24 45 42 9 64 34 57 97 43 16 90 38 14 65 96 31 47 28 40 52 8 37 81 17 23 7 48 84 53 10 11 67 79 72 22 30 71 93 95 63 5 27 69 13
0.84 40 16
0.07 65 40 53 14
0.35 44 14 16 32 74 56 86 36 37 95 42 60 0 15 12 31 47 6 76 25 11 2 40 13 58 88 75 46 27 92 81 83 7 79 43 24 26 8 41 53 20 49 52 55 34 59 85 29 28 82 4 91 48 70 21 50 63 38 35 19 61 65 80 97 57 5
0.15 72 66 14 90 20 42 93 76 63 46 54 19 8 9 84 94 77 1 52 33 73 56 13 4 57 41 74 71 27 67 78 65 50 64 39 28 37 22 92 31 87 18 82 25 62 69 58 38 47 30 32 45 43 35 0 15 91 49 81 2 96 95 44 10 26 7 89 34 79 11 17 23 16 98 48 6 86 29 97 60 80 88 51 12
0.33 82 73 70 71 94 2 81 97 46 28 22 65 57 4 87 14 45 47 37 91 18 25 83 84 90 80 69 74
0.15 84 94 42 12 8 35 76 28 31 63 73 97 69 52 23 37 61 72 71 49 88 5 44 46 60 13 55 17 93 36 1 20 6 33 26 7 51 4 48 98 58 95 25 91 80 14 65 34 2 83 81 90 3 57 77 39 10 41 78 18 96 45 68 32 16 53 29 24 47 67 56 99 59 54 43 21 64 50 30 86 22 11 40 92 87 74 9 82 66 27 89 0 70 85
0.44 24 40 29 56 30 88 47 50 86 45 11 0 85 81 99 77 49 63 55 87 14 26 69 42 71 91 90 60 89 44 78 39 31 41 21 65 70 75
0.47 4 86 63 0 81 7 32 79 20 72 74 67 6 87 8 89 96 78 18 98 80 69 29 41 22 52 11 44 49 21 65 99 14 83 93 85 82 13 51 48 58 97 53 71 36 55 77 75 40 17 76 2 56 24 62 59 73 92 25 54 45 5 38 68 3 1 43 50 26 16 34 47 60 9 66 70 64 37 94 10 33 19 84 30 15 57
0.96 73 27 30 93 10 53 77 36 61 37 21 22 62 84 17 59 43 75 57 72 26 7 65 15 5 71 80 41 99 35 18 42 12 92 14 29 11 86 60 45 96 69
0.43 96 24 9 85 54 17 23 73 78 64 91 1 38 4 88 11 33 55 47 62 98 52 56 67 77 15 87 68 2 22 16 66 5 71 7 83 95 18 65 36 19 28 72 86 14 41 44 39 74 57 94 8 82 59 26 51 3 45 79 89 13 69 12 40 76 75 53 48 46 37 10 70 90 42 58 81 0 6 92 29 97 80 21 93 50 43 63 30 32 49 99 27 84 31
0.50 55 89 11 72 46 3 8 70 67 71 23 25 21 58 33 39 73 68 80 5 26
0.44 95 71 9 6 91 60 48 57 39 31 35 24 81 78 1 41 99 87 22 85 47 14 75 96 92 73 77 94 34 28 2 3 70 20 19 38 37 59 86 16 62 64 69 32 88 5 65
0.24 2 87 5 33 97 41 35 95 53 56 6
0.89 19 49 13 71 86 85 51 81 56 68 89 3 52 84 1 34 87 79 25 91 43 12 5 29 48 30 96 41 95 99 37 53 36 47 77 60 22 82 45 69 42 74 98 67 61 31 57 27 0 59 14 78 39 6 35 7 20 75 32 62 63 4 23 46 93 18 16 64 54 58 2 8 72 97 9 92 44 94 40 26 11 24 38 66 80 50 76 70 88 10 73 55 33 90 15 83 17
0.57 63 26 48 1 67 61 86 78 75 93 18 65 45 99 58 69 43 91 70 0 59 34 82 90 57 97 20 30 4 19 33 7 25 8 32 9 62 81 98 85 31 38 6 64 53 52
0.46 91 78 93 58 13 87 51 89 12 17 15 54 86 70 3 30 21 63 29 64 74 98 36 8 47 53 72 19 11 65 83 71 24 20 48 66 60 46 52 44 79 81 85 40 2 67 1 97 57 94 56 16 55 31 39 75 35 69 9 26
0.90 55 23 1 63 47 48 51 12 25 37 64 18 89 34 72 52 70 30 80 84 26 22 53 94 8 82 41 81 17 66 98 20 36 59 31 40 49 27 88 13 10 91 6 96 28 35 85 32 71 5 45 44 7 73 99 50 77 39 74 76 14 78 79 9 46 38 15 61
0.67 62 89 73 52 77 85 82 66 51 99 41 32 7 74 4 31 28 30 47 80 86 13 43 34 12 92 17 1 78 26 50 20 11 88 9 60 63 0 90 5 38 69 64 70 96 19 59 83 33 10 67 40 71 75 39 35 6 15 29 94 56 37 22 95 42 46 91 84 3 76 49 87 45 68 72 97 36 93 61 65 23 18 48 53 27 14 55 8 24 25 81 2 79 44 54 16
0.98 34 64 17 70 6 99 26 76 78 94 87 90 19 62 40 7 24 65 69 79 61 38 9 57 0 42 35 86 47 74 91 1 84 29 46 89 72 8 75 13 43 3 97 48 27 68 49 4 30 12 5 36
0.40 62 0 20 41 68 14 16 73 59 97 72 64 42 95 19 23 1 32 82 94 80 54 83 28 45 51 61 39 70 78 55 11 93 77 22 31 57 47 17 8 15 49 67 76 88 65 90 3 91 36 81 18 6 26 58 89 98 37 99 66 13 52 71 2 34 53 60 92 84 33 7 44 43 40 25 35 87 86 96 24 46 38 56 10 29 63 74 69 75 5 30 4 85 27 9
0.84 93 62 87 56 8 99 28 59 73 40 29 88
0.36 21 22 2 79 54 50 95 7 69 52 44 46 80 92 72 77 68 99 35 47 15 62 73 37 20 34
0.37 18 84 26 2 19 49 98 75 78 16 23 96 38 42 69 39 8 14 90 33 77 24 35 72 36 80 61 4 11 28 20 54 76 34 99 97 48 66 30 45 12 13 91 55 67 83 17 22 85 25 93 3 31 1 73 68 59 56 21 87 53 44 65 46 94 0 86 32 7 81 92 57 9 10 37 41 82 29 5 47
0.50 30 54 80 68
0.19 51 40 1 42 3 99 52 85 34 65 13 20 88 33 95 38 53 4 32 48 63 18 22 75 28 39 87 24 71 12 74 90 2 15 5 67 41 11 6 14 69 62 81 36 8 79 7 26 10 54 68 97 72 21 19 70 44 89 31 37 55 58 43 64 57 45 9 76 96 23 73 0 92 47 30 59 16 60 49 94 93 77 27 17 50 84 61 80 86 35 29 46 78 56 66 91 82 25
0.32 5 80 34 0 42 32 63 74 10 66 2 40 11 33 31 73 19 18 24 77 67
0.61 47 98 83 8 42 25 22 75 5 97 92 10 7 29 36 2 86 76 50 73 62 51 94 23 20 79 71 34 37 27 67 14 56 38 59 72 16 52 68 4 66 9 40 78
0.84 13 9 38 91 86 40 80 26 76 37 56 24 99 53
0.36 23 66 77 47 22 4 80 62 56 61 65 60 54 99 75
0.94 62 33 83 10 17 1 65 54 64 53 19 97 27 50 22 26
0.21 52 19 23 66 2 80 30 96 32 6 72 75 42 45 43 79 5 87 82 77 28 92 31 57 16 0 58 95 86 93 61 3 97 40 88 1 83 18 37 91 48 14 41 67 98 64 9 65 68 15 26 36 76 7 84 13 89 38 17 8 55 63 71 47 78 62 49 35 46 24 99
0.09 31 64 65 26 79 75 66 72 95 29 57 52 9 59 97 28 4 10 25 7 18 44 86 58 20 27 78 39 81 91 47 98 17 89 34 19 54 84 51 32 50 74 93 38 62 42 88 15 16 8 67 40 90 30 71 87 80 61 33 53 63 2 56 43 36 70 46 0 1 92 99 83 6 85
0.64 33 1 65 19 87 37 60 2 46 70 64 24 98 57 8 96 85 15 38 47 5 16 22 30 9 49 61 17 55 76 41 63 53 93 28 32 81 14 69 35 68 10 74 95
0.17 85 15 19 94 47 23 26 91 41 72 32 86 27 4 44 46 38
0.08 7 86 35 62 1 10 85 28 67 25 70 4 30 31 80 29 41 11 18 61 0 21 65 23 92 54 48 99 69 89 8 13 55 50 20 77 74 39 71 32 59 82 73 53 58 68 56 52 36 22 44 2 40 76 64 14 16 83 60 9 97 37 33 45
0.34 56 39 55 34 91 37 10 69 90 87 46 98 74 70 38 83 54 65 12 73 99 7 66 24 60 51 93 48 19 72 41 97 49 59 25 79 44 4 26 1 21 68 14 96 85 23 8 32 29 80 5 36 35 42 31 67 40
0.66 46 54 95 86 61 14 36 16 13 8 83 80 53 7 29 25 40 88 44 93 32 68 49 87 81 34 92 48 98 11 26 94 66 65 62 59 63 20 9 28
0.42 55 66 47 91 76 35 84 97 43 11 37 23 38 3 31 73 14 51 94 61 44 4 19 21 39 7 17 15 40 24 92 57 45 18 69 29 58 33 80 41 63 89 54 68 98 2 30 50 49 78 77 93 88 48 52 64 28 60 87 16 79 6 96
0.75 5 76 11 55 99 15 32 53 28
0.34 66 7 53 33 59 94 52 91 63 30 96 32 38 74 39 77 3 24 80 73 20 14 82 70 56 41 16 21 58 25 69 67 10 35 81 89 11 51 68 40 83 27 55 65 98 17 78 1 6 45 23 64 43 48 18 19 29 61 50 2 95 31 44 87 26 99 47 15 86 0 97 79 49 75 93 90 57 9 71 85 13 8 5 60 46 4 62 37 88 54 28
0.49 18 28 67 20 48 27 62 36 96 16 84 6 65 10 90 72 55 74 51 57 44 68 43 17 76 53 70 63 77 26 87 59 92 42 0 11 79 38 9
0.57 91 4 51 13 88 32 79 23 21 50 60 90 18 82 56 94 92 86 81 71 80 22 31 0 35 73 57 8 63 46 6 3
0.59 83 95 89 58 93 69 14 94 71 51 50 37 25 86 61 0 84 82 35 90 91 74 55 72 32 5 49 6 38 34 22 30 67 12 85 99 43 28 75 33 31 57 26 68 88 77 10 40 13 1 65 96 8 19
0.85 85 4 79 10 53 23 87 88 3 43 27 34 14 72 82 32 46 21 73 8 5 33 0 35 75 55 11 12 1 57 83 22 59 15 18 6 56 81 50 45 76 36 42 47 38 68 84 37 77 52 40 95
0.06 56 9 17 15 79 67 18 78 27 34 10 23 83 55 76 93 8 84 49 82 77 1 54 89 6 12 41 66 92 91 48 24 57 71 51 60 4 94 40 11 73 21 13 25 45 63 61 62 20 69 52 53 50 75 19 65 33 35 96 37 32 88 47 90 80 26 39 28 30 70 87 98 59 68 5 3 43 74 38 7 72 97 16 64 95 14 86 29 22 58 42 2 46 36
0.37 3 10 46 23 41 13 47 85 48 7 45 0 77 16 94 33 5 53 28 24 21 64
0.92 33 95 0 57 41 18 60 19 92 76 35 90 42 17 49 85 29 74 67 69 54 27 7 45 50 31 4 12 40 70 2 91 10 36 62 5 37 32 26 15 58 1 79 25 20 64
0.27 47 64 52 66 88 35 69 67 11 80 77 2 0 86 36 7 38 58 12 65 30 3 28 72 98 23 9 37 75 20 31 99 22 96 40 29
0.50 83 74 93 14 21 46 76 3 31 78 13
0.85 95 70 50 31 55 1 84 91 71 39 59 23 65 46 80 99 45 56 41 67 22 48 81 0 89 28 64 68 26 15 18 90 57 25 60 13 16 72 87 92 8 78 85 30 27 36 54 69 61 74 12 63 44 9 37 4 10 6 43 94 29 52 98 66 19 53 3 33 40 51 49 20 5 38 35 32 77 34 97 11 42 73 62 58 2 96 7 83 86 14 47 17 82 75 76 21 88 24
0.70 13 76 2 66 37 26 94 49 95 44 93 62 79 82 38 97 72 64 65 32 77 36 0 40 42 15 46 27 28 30 11 33 91 69 12 22 35 56 88 67 83 70 41 52 20 6 45 60 16 47 25 74 14 59 18 3 84 80 98 43 23 71 8 87 54 29 58 89 96 5 57 17 68 78 34 92 50 55 39 4 63 48
0.42 26 0 7 27 61 8 77 34 94 74 40 17 81 19 72 98 43 45 38 52 42 63 90 85 46 86 99 49 73 54 71 12 16 83 59 88 11 5 64 9 48 33 14 91 57 20 1 66 6 21 4 44 37 47 75 29 36 28 55 89 69 35 56 10 95 93 65 30 96 78 25 24 13 53 2 15 50 76 97 39 31 92 22 3 41 51 80 70 62 82 87 68 67
0.62 61 63 1 28 57 58 68 26 78 33 7 10 88 89 20 46 18 98 62 79 75 94 67 65 3 70 53 49 37 48 74 45 35 56 55 71 77 27 22 30 96 40 43 83 11 17 60 90 51 85 87 76 12 69 42 73 9 23 64 34 52 92
0.09 45 25 52 34 7 2 92 89 98 73 44 51 72 90 40 96 27 6 19 37 81 35 8 84 18 33 65 47 76 60 20 95 87 88 38 41 28 5 1 58 11 82 46 24 54 59 86 31 49 78 12 83 71 21 48 13 94 64 22 26 80 99 74 0 69 93 55 67 77 75 16 66 10 56 30 14 63 68 17 23 62 97 85 57 43 3
0.06 2 47 97 76 67 3 65 85 9 20 84 86 44 43 0 98 17 6 29 42 33 16 49 95 11 60 59 41 54 13 79 24 28 72 36 14 61 83 66 7 35 68 19 58 96 40 5 50 89 38 78 4 30 55 52 91 1 94 57 64 10 39 82 73 48 15 27 12 81 63 87 56 34 22 90 31 26 93 45 8 37 69 70 75 99 80 74
0.05 87 99 88 43 48 52 50 11 56 63 82 77 41 14 74 24 32 40 83 17 93 12 19 18 57 81 84 26 94 4 42 96 10 91 97 39 85 90 92 25 31 55 72 69 47 9 68 1 46 16 60 61 35 36 13
0.99 58 17 67 81 34 92 98 15 33 68 23 74 59 35 78 2 30 79 61 6 8 11 13 90 44 21 39 51 49 24 7 19 99 48 86 69 88 87 85 70 53 43 10 64
0.96 34 7 60 96 79 32 2 74 16 98 67 84 15 71 93 89 40 39 29 86 6 41 88 42 48 47 4 18 87 59 20 78 43 50 80 92 81 3 33 94 82 97 21 28 26 35 46 95 17 91 73 23 58 8 49 54 45 10 36 62 75 51 72 24 9 11 25
0.60 52 57 67 85 20 21 1 86 97 16 88 59 61 45 24 30 9 15 93 68 87 27 79 84 49 38 17 82 81 0 10 29 55 66 62 76 43 5 46 23 25 3 51 78 18 12 92 40 48 53 7 31 35 89 8 47 42 72 11 41 71 13 44 74 95 58 14 77 54 19 33
0.69 35 88 96 24 14 77 97 41 22 67 95 6 61 39 11 5 87 78 71 33 20 62 15 55 91
0.14 20 18 5 48 37 26 8 47 19 36 33
0.51 14 82 44 47 37 81 85 3 25 49 20 53 39 55 33 68 13 69 35 83 52 60 96 48 79 84 6 17 12 1 75 66 22 30 51 43 15 97 93 41 11 94 73 16 26 4 72 98 10 77 18 95 70 89 27 54 45 92 71 87 21 7 23 91 29 61 31 56 59 50 34 62 32 40 74 28 38 0
0.03 2 37 43 64 61 47 91 90 67 65 52 31 16 7 26 74 23 13 51 18 96 60 77 72 86 88 46 34 73 80 4 1 78 81 22 36 63 66 8 40 9 45 50 62 49 94 25 98 10 79 92 39 76 19 6 41 24
0.05 21 28 54 25 30 64 0 29 2 80 22 27 97 42 46 70 86 41 47 69 23 19 3 12 88 51 48 81 99 6 73 45 63 13 34 60 36 67 17 52 62 14 72 7 93 16 33 71 40 38 68 92 35 53 44 8 91 90 61 11 4 79 50 76 31 82 66 24 95 26 84 9 5 87 20 78 94 74 43 37 96 83 56 75 98 59 49 15 58 1 18 55 77 39 85 32 89 10
0.04 13 22 94 58 3 73
0.51 99 34 97 52 77 69 24 70 54 61 81 39 88 26 23 79 47 10 9 4 63 87 74 58 85 50 57 45 73 35 93 66 2 30 1 20 55 21 7 28 13 29 83 44 37 48 16
0.33 80 97 57 46 28 62 90 30 94 95 35 7 91 3 65 37 4 2 77 89 99 73 58 41 39 69 9 34 49 13 63 56 83 31 11 10 81 38 36 15 59 51 92 32 18 48 23 70 8 84 54 44 87 72 79 14 98 75 88 47 6 21 53 27 96 78 82 74 76 17 50 52 0 85 61
0.23 9 46 24 90 76 58 38 60 72 95 93 31 87 83 96 59 68 86 99 20 52 10 18 35 70 39 50 32 81 51 8 49 15 22 40 56 94 66 1 98 73 75 42 25 37 6 36 89 74 91 13 19 23 92 53 71 28 5 29 34 54 2 77 4 84 17 27 64 48 7 44 61 43 47 63 45 65 85 21 97 67 69 41 14 30 78 88
0.72 82 25 38 60 48 45 46 51 35 44 5 28 64 87 12 33 15 30 11 84 66 69 65 47 94 71 10 37 83 16 91 57 19 90 72 56 42 17 86 14 4 43 0 55 70 32 99 67 26 59 39 96 95 27 34 97 6 24 41 81 8 53 61 7 80 22 20 3 77 85 98
0.71 56 99 71 95 54 34 87 70 46 30 81 36 80 91 53 42 8 85 29 1 25 27 51 92 73 21 22 75 14 59 79 61 50 88 90 5 45 47 19
0.62 9 27 50 31 4 70 5 51 3 13 49 37 24 93 98 18
0.00 59 73 11 24 54 68 92 3 71 30 98 75 40 80 48 62 33 27 26 23 46 83 16 22 2 77 6 89 14 52 1 39 96 21 42 55 72 94 45 19 56 65 47 81 25 74 4 57 86 8 49 93 88 91 5 51 15 28 58 17 35 60 38 90 43 84 13 66 41 85 53 18 79 32 37 10 67 63 97 76 78 82 12 20
0.50 37 0 67 83 26 56
0.73 81 53 90 4 30 68 41 93 43 16 46 92 51 54 6 32 78 88 25 26 72 34 36 56 97 17 67 59 86 82 11 10 61 75 9 47 24 57 40 15 76 2 74 48 8 38 42 28 85 52 27 91 98 19 79 58 3 18 55 31 89 66 70 62 22 7 21 33 35 50 37 0 14 80 73 44 77 96 99 45 87 60 29
0.66 37 66 28 2 84 42 48 61 59 69 33 7 47
0.44 67 94 2 50 55 77
0.21 56 66 0 35 78 98 8 22 93 92 65 52 4 97 49 62 26 38 47 6 42 37 87 7 57 14 61 50 51 43 33 10 58 5 83 12 46 88 16 67 91 69 86 89 90 19 53 84 94 39 75 95 17 71 9 24 36 48 99 68 82 3 79 96 64 25 80 59 77 34 27 13 44 31 63 55 2 40 74 81 20 45 21 11 30 28 1 70 73 23 41 18
0.56 21 31 81 30 82 46 85 58 63 1 4 15 60 87 20 48 12 68 59 49 70 66 10 84 77 98 22 16 35 74 44 39 34 18 13 61 73 94 14 99 55 52 83 27 5 75 26 56 0 7 57 92 96 23 42 76 64 17 38 51 9 8 69 72 90 37 80 62 41 40 53 79 54 71 91 47 88 3 2 86 6 95 45 32 43 78 19 89 36 50 24 33 11 28 25
0.95 4 92 32 44 93 95 96 26 88 35 29 78 31 82 40 75 86 8 63 91 15 3 99 67 72 59 27 13 7 73 19 83 87 81 56 90 79 57 51 43 47 98 5 9 0 28 38 58 46 17 60 23 18 69 55 52 71 36 14 97 34 89 12 53 85 61 2 1 42 39 54 84 62 80 70 20 6 66 22 24 16 33 74 21 30 37 68 25 64 48
0.57 39 25 15 65 74 50 71 72 62 83 75 13 55 29 32 22 26 70 20 0 77 54 94 31 56 36 64 17 97 2 79 45 38 6 16 41 10 90
0.70 1 76 88 37 47 72 58 18 25 89 93 71 33 70 65 32 20 92 13 27 73 81 91 54 50 2 22 48
0.72 90 28 53 11 68 35 54 63 65 61 44 7 10 72 22 76 91 27 62 38
0.21 71 20 65 58 59 77 27 23 14 70 9 37 45 0 52 22 2 31 74 96 92 81 19 18 94 21 87 4 72 50 51 53 30 93 89 82 34 56 36 98 48 78 12 29 68 73 11 1 39 95 17 16 15 6 3 75 46 86 5 97 41 47 63 43 69 79 35 80 57 90 88 28 10 84 54 7 32 26 64 83 38 66
0.80 78 54 86 34 0 33 52 48 3 72 77 25 85 31 92 59 14 39 60 74 11 76 9 83 66 42 29 69 38 50 65 88 49 12 28 51 43 70 82 81 4 27 20 19 24 56 68 95 23 16 15 67 73 97 80 37 53 21 26 32 5 7 30 13 17 64 62 61 75 93 94 90 89 58 55 84 40 41
0.37 11 99 71 24 97 6 88 15 68 92 60 5 54 33 86 30 96 44 65 35 18 79 4 94 91 8 61 16 10 74 31 69 51 95 98 42 36 48 25 19 23 67 1 62 73 40 9 58 0 22 38 13 89 93 75 70 52 34 56 14 37 72 57 43 21 28 50 39 59 53 77 26 7 81 12 47 29 66 49 3 87 41 64 83 32 76 78 82 84
0.14 10 77 49 29 54 51 63 19 20 85 9 58 48 17 16 50 99 18 42 22 21 44 0 90 25 41 36 24 84 68 72 3 15 26 53 86 1 43 59 45 95 46 97 94 34 93 88 13 80 98 57 30 89 61 96 65 12 2
0.63 48 10 90 98 51 81 95 60 12 44 25 50 17 67 68 83 4 39 36 29 3 15 7 96 33 92 19
0.76 72 65 48 31 62 58 68 23 12 90 28 38 60 8 37 41 74
0.42 62 71 30 45 74 48 77 70 54 5 59 15 24 3 80 8 39 55 83 26 47 35 37 82 90 14 79 4 22 97 2 58 33 43 42 78 69 87 16 96 28 18 75 99 60 13 91 41 49 65 6 56 81
0.20 24 97 65 23 74 11 4 70 98 93 90 20 80 29 75 94 25 73 63 64 16 42 2 45 12 21 77 68 67 43 8 35 49 10 88 78 86 69 62 91 44 99 30 82 81 87 33 58 18 38 15 47
0.13 6 64
0.81 87 69 17 48 58 57 49 33 37 61 30 68 18 13 80 64
0.81 51 9 69 77 71 2 59 16 38 8 30 62 46 26 85 40 79 44 92 18 84 65 21
0.98 78 74 25 12 30 80 8 63 58 51 31 62 19 82 48 64 79 97 13 52 49 93 17 86 47 75 66 6 76 54 90 39 28 85 56 59 71 95 46 42 94 81 91 4 16 38 70 67 3 84 26 9 7 33 43 83 98 18 20 55 35 10 27 0 60 69 53 24 57 37 77 34 96 14
0.64 98 80 5 97 60 71 63 40 85 24 16 42 96 29 12 30 78 49 28 17 31 57 75 91 99 34 46 90 39 44 21 50 10 41 0 14 82 72 26 56 64 59 55 11 94 2 65 3 89 58 70 66 54
0.28 68 98 62 61 5 47 30 78 70 8 65 23 24 75 19 90 10 13 14 25 95 26 88 79 57 45 60 16 85 54 87 71 33 29 49 42 9 6 56 63 89 73 93 76 32 7 38 11 84 34 80 18 3 44 64 86 59 91 22 77 4 27 67 55 82 66 72 35 21 48 69 37 99 39 0 41 28
0.42 77 59 76 21 45 16 84 94 62 31 17 72 71 54 10 78 43 0 32 15 5 74 12 14 48 68 38 86 39 65 28 33 47 85 57 58 6 25 80 98 42 13 51 41 37 92 99 7 60 81 69 52 4 8 27 56 90 22 55 23 29 44 20 66 2 93 89 70 79 61 18 95 63 96 64 82 26 53
0.55 31 34 83 41 72 38 78 26 51 12 66 71 81 67 75 29 89 57 77 61 6 43 14 15 96 55 24 69 95 79 56 5 45 1 16 33 19 91 35 10 44 73 52 74 99 92 47 88 32 3 53 58 65 28 30 37 22 87 40 68 85 0 11 8 9 7 49 4 13 86 76 36 39 97 17 50 93 64 54 84 63 46 18 90 80 70 23 25 27 82 2 62 60 42 20 98 48
0.77 14 34 2 1 49 43 99 32 63 55 81 18 92 6
0.20 41 17 7 65 99 97 80 35 98 19 77 40 95 16 88 45 1 0 5 53 32 44 38 42 93 26 21 46 27 39 51 63 54 31 9 23 29 56 57 36 96 33 22 60 24 49 47 79 43 61 48 83 89 50 64 2 67 58 75 30 85 59 12 78 52 76 71
0.15 74 27 97 71 47 24 78
0.51 25 72 45 17 71 52 75 37 18 2 67 65 42 80 26 6 5 1 31 33 69 0 38 61 7 49 23 84 87 63 74 8 70 46 24 89 41 54 82 10 62 28 93 88 99
0.52 82 92 3 72 46 10 30 41 1 52 0 53 16 59 67 47 7 68 35 86 70 62 5 33 66 78 84 21 81 73 87 90 65 20 42 94 6 17 58 23 74 49 61 13 25 80 37 2 83 19 26 11 40 9 85 48 89 34 38 39 91 27 75 64 14 15 8 96 55 44 77 97 43
0.71 47 18 8 66 34 44 15 16 60 30 6 75 14 35 26 4 61 95 80 19 55 92 90 63 71 50 88 52 5 29 10 98 96 7 86 2 9 99 73 79 27 84 24 1 69 3 76 53 59 33 13 39 72 89 82 23 74 31 97 42 36 83 93 94 58 45 49 51 12 91
