1 100 100 1
5 1 10 10 9 8 9 4 7 7 4 8 6 2 1 9 4 6 1 8 9 10 4 5 9 6 3 9 5 7 9 1 4 5 8 5 2 3 2 1 2 3 1 10 2 9 9 2 9 4 6 2 5 6 10 7 5 9 2 10 8 1 10 7 9 2 9 8 1 7 2 4 4 1 10 1 4 4 3 7 10 6 9 8 7 9 4 6 5 4 3 8 9 5 10 3 4 5 9 6
0.27 61 25 54 22 96 95 27 16 33 24 12 52 64 20 74 40 62 10 19 53 72 58 36 6 45 59 76 98 29 31 85 13 80 5 77 79 63 82 49 88 9 93 17 57 68 11 50 2 42 35 51 3 90 89 73
0.20 97 20 34 82 27 47 5 9 35 68 79 50 75 72 78 41 69 19 24 95 56 42 51 81 63 17 29 99 53 70
0.35 89 80 12 70 82 43 69 9
0.43 4 45 12 89 16 79 0 6 80 62 96 48 90 25 82 57 21 29 81 87 66 13 33 20 5 83 2 59 10 73 8 84 18 9 1 91 64 38 86 41 50 72 65 37 36 56 63 42 49
0.41 60 83 84 54 90 17 12 77 92 78 36 97
0.67 11 75 15 1 81 14 40 7 95 39 96 35 13 86 62 79 24 25 90 83 67 10 44 0 22
0.21 19 52 60 58 94 78 1 3 93 13 59 30 69 48 25 0 53 29 17 57 40 21 54 47 89 88 20 12 85 56 80 74 45 37 38 75 63 9 10 49 61 42 91 62 7 99 8 79 92 32 64 4 55 18 43 87 97 70 34 96 41 77 11 66 67 27 76 81 72 31 16 84 68 33 50 24 95 6 44 14 2 98 36 71 82 73 5 90 26 86 22 51 39 28 23 15
0.86 27 20 76 77 46 13 42 84 19 74 95 5 81 59 40 56 1 88 15 10 37 65 43 14 89 41 75 25 18 0 48 78 8 57 23 54 21
0.05 90 33 71 89 23 12 20 62
0.90 39 4 16 75 59 43 38 31 64 77 91 86 24 85 84 35 36 69 94 49 67 66 68 61 80 83 3 26 51 73 37 90 12 20 25 11 2 57 1 81 82 52 95 88 17 50 42 89 23 33 8 27 32 72 62 10 44
0.34 44 83 79 35 82 60 41 59 14 43 77 26 88 2 17 20 94 85 99 11 90 5 98 40 93 72 21
0.67 7 87 3 32 88 14 9 75 73 0 44 19 10
0.70 54 70 39 66 31 7 51 72 9 84 94 37 17 20 75 25 53 22 33 91 98 47 48 14 30 62 52 18 68 80 77 81
0.18 11 61 9 4 90 2 45 75 14 10 28 43 21 60 83 58 66 8 88 65 92 42 63
0.91 80 16 81 51 92 1
0.01 28 99 38 73 15 9 81 43 20 37 1 14 78 65 46 64 16 18 61 97 5 8 29 24 54 31 12 87 11 60 13 40 58 27 85 2 3 51 93 44 86 90 92 10 83 80 56 23 66 69 45 21 89 59 71 74 0 63 49 98 70 50 19 6 53 35 75
0.91 51 92 53 93 90 79 54 83 73 41 69 31 50 34 7 1 9 8 5 67 48
0.97 4 5 85 87 17 44 36 88 67 63 2 37 48 54 18 53 91 3 46 59 13 9 74 52 10 51 81 60 39 14 95 38 82 69 58 56 70
0.44 87 17 19 69 59 5 76 53 38 9 25 78
0.28 51 15 18 79 83 26 49 84 97 72 2 99 56 55 44 78 91 21 90 60 19 23 48 58 52 24 82 0 13 34 80 95 39 46 59 31 87 36 86 28 94 63 69 37 22 29 12 65 33 43 9 35 42 27 88 62 74 47 67 64 68 93 53 96 98 1 38 3 77 17 40 4 10 66 32 16 61 30 75 70 54 45 81 50 76 8 5 25 71 14 89 7 57 20 85 11 73
0.41 11 88 32 87 55 29 23 30 81 9 96 80 37 4 8 0 1 79 56 12 33 98 62 68 26 14 43 46 59 50 93 28 73 17 85 83 48 66 57 34 27
0.82 2 32 42 79 90 52 5 59 63 0 65 55 81 84 6 11 44 85 51 46 57 60 33 39 26 13 21 69 83 86 19 37 94 1 82 75 76 48 29 18 23 67 95 53 15 68 34 96 36 14 80 27 9 47 12 50 91 62 25 71 98 56 22 38 93 99 54 92 7 49 74
0.42 75 68 40 24 7 1 48 38 10 56 23 69 73 44 33 52 37 61 4 6 62 93 59 71 97 30 20 79 49 99 36 53 91 22 2 57 64 54 72 16 80 41 77 12 92 98 9 47 96 84 8 25 5 63 66 55 35 39 34 27 45 86 42 18 70 31 81 19 83 76 58 26 65 21
0.18 46 8 75 22 66 9 67 21 87 45 94 80 50 28 44 13 61 70 91 49 40 98 3 41 93 73 11 34 17 74 85 60 26 56 1 29 90 92 69 71 86 31 76 16 99 32 5 72 38 65 14 43 25 39 2 12 18
0.82 46 98 85 67 59 60 63 79 54 71 87 5 52 47 73 65 11 4 28 58 37 39 61 95 77 89 1 13 21 93 74 14 45 15 49 53 12 20 92 40 72
0.37 96 34 16 29 4 59 10 57 98 92 71 48 86 61 56 64 47 33 25 78 69 66 3 35 77 83 8 88 79 42
0.23 32 45 11 34 96 90 39 10 76 23 57 15 87 25 69 7 19 0 68 99 3 79 55 38 24 2 77 29 81 80 64 59 70 4 60 52 8 16 93 17 47 5
0.78 17 59 21 0 80 67 47 25 33 31 89 18 96 63 72 34 42 78 9 39 5 54 41 46 84 37 85 27 69 28 55 24 14 79 26 7 90 60
0.14 81 36 78 72 17 47 60 7 85 56 59 89 0 15 1 31 90 46 94 10 88 68 75 91 13 32 87 53 62 52 76 86 4 16 28 11 93 79 30 96 67 22 21 8 14
0.99 2 80 66 43 54 96 78 0 76 82 25 7 69 85 39 15 31 83 95 1 86 8 22 46 63 40 65 9 20 23 28 72 68 88 67 56 3 94 55 47 73 41 81 50 90 36 45 18 98 33 5 58 42 84 87 93 49 37 75 52 79 60 4 99 32 77 11 14 51 91 34 27 97 48 44 10 26 57 29 74 21 71 70 30 64 59 92 17 35 24 89 12 62 38 16 61
0.22 19 29 61 52 27 48 35 40 23 62 99 25 51 64 84 22 14 95 17 74 98 15 58 45 20 44 69 79 46 75 31 38 96 30 70 34 86 73 88 65 10 7 91 6 9 28 80 59 47 4 78 21 67 68 1 93 37 8 89 76 24 3 18 53 57 11 83 36 5 2 56 50 97 33 92 26 72 43 60 94 42 90 55 81 54 16 0
0.69 36 12 21 58 67 27 49 47 54 41 60 9 82 23 38 10 34 40 76 65 69 77 71 50 51 96 97 5 94 8 75 3 31 24 81 17 64 87 14 46 22 16 79 2 25 89 63 7 90 13 43 95 73 98
0.03 45 11 55 75 58 91 22 4 66 8 73 79 57 25 40 26 54 74 7 64 94 28 59 92 70 17 32 13 36 78 1 50 77 12 15 23 97 41 42 52 2 35 0 31 99 46 87 6 84 34
0.29 76 18 47 11 49 97 78 51 67 17 75 4 30 65 87 88 37 45 12 69 86 62 22 57 20 33 1 42 8 44 43 50 19 94 27 96 16 40 63 81 70 7 82 28 59 35 73 34 74 25 95 24 23 6 41 79 89 48 32 15 58 68 85 77
0.73 2 51 3 71 69 25 22 26 43 18 72 8 73 12 24 11 82 87 79 45 16 32 15 42 13 92 57 14 60 38 39 88 41 40 10 97 93 70 4 6 20 75 1 64 86 47 78 98 89 96 21 19 66 94 53 23 63 37 91 74 77 55 44 52 90 7 67 84 27 34 81 50 9 54 85 35 65 59 36 28 95 68 58 80 46 30 0 29 99 76 48 83 61 31 56 33 17 5
0.23 28 53 18 70 55 51 19 89 34 80 32 73 10 33 69 12
0.72 33 68 71 16 53 47 72 14 83 51 29 15 36 80 28 92 17 13 93 69 76 40 74 70 24 5 98 25 86 91 3 73 75 67 26 50 10 59 21 30 66 90 88 97 96 63 65 56 87 45 43 48 8 31 39 79 41 46 54 2 44 34 82 23 58 0 77 52 35 11 20 57 84 99 64 1 18
0.61 71 63 46 1 44 66 21 5 81 75 58 60 78 28 33 23 72 99 29 91 26 37 52 43 45 38 93 22 77 95 9 68 34 94 19 61 85 83 2 96 18 14 87 70 48 84 62 53 98 64 16
0.69 34 36 75 49 59 25 19 93 41 13 29 52 84 69 42 96 70 33 73 79 16 1 86 24 72 66 22 56 80 40 27 5 50 63 88 54 44 94 57 17
0.03 47 24 62 26 66 13 23 45
0.60 6 62 24 16 98 22 49 39 32 48 77 94 88 56 82 7 42 69 84 83 61 2 40 85 30 33 96 74 23 37 35 8 70 17 65 92 13 27 67 95 36 43 80 19 57 89 29 97 55 63 99 46 38 28 58 21 90 59 86 20
0.84 40 63 83 57 53 32 94 96 27 29 50 72 74 45 69 93 84 56 76 82 31 26 8 34 91 61 75 44 15 35 59 68 55
0.98 44 22 56 89 66
0.29 58 55 50 56 59 28 41 54 87 84 32 67 7 29 20
0.12 61 83 59 89 68 5 88 50 69 42 3 7 71 70 31 21 94 86 51 33 28 26 20 60 76 25 1 40 43 47 54 49 90 12 45 63 15 39 2 65 41 82 55
0.51 16 43 77 76 81 8 63 21 48 39 1 95 87 53 82 27 44 83 98 91 20 30 68 90 97 52 33 93 11 47 18 86 22 88
0.23 50 36 27 3
0.62 1 4 2 11 13 19 58 89 72 87 37 41 39 24 95 67 82 83 28 47 79 70 57 26 43 55 20 91 36 18 52 97 50 94 93 8 99 14 35 66 90 0 33 96 3 88 68 60 6 53 74 29 31 45 65 80 25 51 59 62 85 48 71
0.53 92
0.04 6 32 39 7 0 90 18 49 40 66 27 29 59 52 48 57 88 50 69 24 28 84 77 11 12 15 41 98 22 16 55 67 44 43 64
0.15 74 68 56 23 58
0.05 42 85 54 90 68 46 0 80 48 99 14 44 6 9 21 15 94 34 30 67 70 97 51 59 20 36 37 62 22 25 53 56 92 86 2 63 64
0.47 38 46 17 22 28 34 33 19 85 2 50 95 42 20 26 57 87 49 31 10 14 56 51 0 99 5 88 40 58 36 7 15 69 6 1 32 68 84 71 13 98 9 96 73 64 97 77 30 12 72 47 92 24 53 48 79 55 54 37 78 8 94 41 39 89 93 60 4 11 65 83 43 35
0.78 46 4 86 74 40 3 43 66 68 77 59 8 9 18 92 47 96 64 89 65 21 85 29 73 79 19 16 30 76 70 75 50 39 60 90 1 37 31 44 72 6 10 33 63 34 69 67 17 81 22 41 82 87 95 56 38 80 88 53 93 20 52 25 26 51 71 94 36 7
0.64 26 65 74 34 77 22 10 89 67 97 72 85 51 54 41 6 96 88 28 50 71 21 93 91 18 16 33 36 86 49 61 44 35 30 56 32 43 76 69 87 66 95 25 5 79 23 53 45 40 11 24 20 1 2 62 19 46 57 0 75 29 48 55 31 58 39 63 73 38 99 94 82 59 15 70 84 9 60 42 47 13 27 83 78 3 4 90 37 8 7 12
0.83 13 98 69 4 30 16 67 28 22 49 9 20 45
0.49 90 88 6 42 28 14 26 11 69 44 35 87 47 17 93 85 89 62 97 16 91 64 57 94 18 30 66 72 86 12 46
0.09 37 99 3 93 96 7 71 52 60 15 74 65 49 5 9 26 36 85 61 27 11 58 2 59 73 4 88 43 92 19 64 70 81 28 72 62 38 41 16 32 97 86 44 67 82 24 95 34 63 22 45 91 69 31 54 13
0.08 60 79 70 13 5 84 98 52 27 71 43 10 9 57 4 38 16 30 39 46 65 82 1 90 2 14 80 91 76 12 69 42 88 0 31 22 81 24 97 54 34 25 61 68 47 50 33 78 45 41 72 7 58 29 26 32 99 62 86 59 64 21 11 56 48 74 53 6 35 20 3 73 19 23 28 49 96 44 95 55 18 51 87 17
0.81 95 10 28 41 87 25 32 34 70 97 47 67 88 92 14 79 3 73 29 54 66 42 23 57 85
0.31 54 75 76 12 46 62 81 44 5 83 35 38 97 22 7 17 3 47 73 85 53 55 45 63 24 56 8 96 61 94 74 16 60 58 84 65 78 32 95 79 20 1 9 23 30 10 40 36 91 0 59 51 43 80 86 70 31 48 19 39 69 21 89 90 82 68 28 92 93 25 71 26 2 27 13 33 67 4 11 29 41 18 64 52 72 42 66 37 49 14 15 87 57 99 34 88 6 98
0.50 97
0.63 66 99 71 11 48 26 78 83 16 0 8 64 20 52 69 76 73 23 88 51 59 94 37 31 56 81 21 36 30 72
0.31 38 3 46 24 51 65 58 67 98 95 9 8 68 57 20 34 78 10 48 2 53 77 23 22 76 29 4 1 79 88 90 80 71 81 21 93 66 44 18 35 59 84 54 11 14 39 45 97 5 55 26 37 62 40 94 42 86 99 73 47 83 85 56 72 17 50 49 52 74 63 61 87 64 70 82 6 91 28 16 33 15 92 13 31 75 19 32 25 30 60
0.29 26 3 51 17 84 39 5 52 64 35 70 82 7 90 34 8 16 66 15 65 81 54 44 75 36 69 47 78 98 11 30 80 74 83 79 55 33 42 28 97 73 61 56 50 9 24 46 72 19 60 95 37 20 49 31 63 2 45 12 93 53 89 58 25 38 88 92 13 40 23
0.56 27 73 65 74 61 37 14 48 54 0 7 92 40 19 95 59 42 33 5 22 85 96 80 72 71 47 20 24 45 2 4 46 1 9 34 6 8 86 88 89 52 62 60 81 63 76 82 15 36 39 97 17 30 50 55 57 87 91 12 13 68 29
0.20 1 18 74 32 48
0.06 55 76 18 73 60 10 67 12 13 83 86 52 17 65 63 30 80 26 44 56 66 32 4 75 11 33 84 39 38 68 61 98 96 31 69 41 64 85 29 77 34 15 72 95 51 82 27 23 25 0 8 42 24 71 62 54 3 20 81 2 47 46 21 91 35 36 43 40 28 1 57 79 7 37 45 92 89 78 19 74 70 93 49 88 97 87 9 50
0.91 7 21 6 54 36 70 62 20 78 14 48 63 77 89 81 56 22 49 19 50 0 17 5 87 66
0.19 67 76 11 24 17 58 90 3 56 62 89 13 2 5 53 72 41 93 12 21 44 82 45 63 27 30 14 43 26 47 80 75 39 54 48 65 87 33 1 66 81 64 94 98 31 42 40 59 91 0 50 23 73 99 61 95 19
0.64 49 63 51 11 32 95 52 23 94 82 83 41 81 12 71 54 86 67 3 36 66 64 14 84 76 9 44 65 68 40 93 31 47 6 30 62 42 98 29 60 77 99 97 24 10 20 26 46 7 45 2 39 96 48 79 28 15 34 22 88 37 70 35 53 13 74 16 78 89 0
0.02 19 42 59 95 11 73 55 74 91 9 58 56 16 88 30 84 75 66 71 15 4 39 3 68 29 43 25 18 6 52 44 24 69 40 89 41 96 57 31 77 2 82 26 64 67 53 23 70 5 50 79 60 99 63 85 87 81 27 97 17 51 20 32 35
0.15 60 74 16 37 98 56 86 57 68 51 71 66 73 65 85 25 18 11 1 29 64 52 93 94 88 63 49 46 91 10 54 96 45 21 84 92 26 53 20 42 41 34 87 7 30 6 31
0.09 5 20 78 19 80 50 61 56 15 49 66 12 24 17 43 27 75 9 22 21 38 73 48 67 86 7 57 68 36 23 28 60 52 18 94 51 40 37 98 64 77 90 71 29 35 8 99 62 30 33 84 97 79 4 2 34 70 63 32 1 47 96 83 31 16 26 81 92 11 89 42 82 53 0 54 65 74 44 6 93 58 55 95 25 69 76 45 41 13 87 46 39 88 3 85
0.18 37 42 36 72 34 40 22 60 59 74 73 19 61 54 30 80 87 46 77 70 75 51 68 91 49 65 95 93 44 58 56 20 11 35 47 53 16 14 94 50 0 55 23 21 13 69 12 81 6 10 33 15 97 67 41 66 92 82 85 29 99 52 25 83 84 79 48 28 2 9 3 88 71 26 4 31 86 27 39
0.29 76 45 20 88 67 18 90 36 28 48 33 68 39 98 62
0.81 52 59 8 98 67 13 36 25 22 7 90 50 83 35 20 78 82 80 95 16 38 26 68 24 40 32 29 70 45 47 4 97 12 11 99 46 10 9 48 86 15 54 23 81 42 66 77 56 69 88 62 94 21 41 6 5 31 27 72 18 37 89 43 2 33 14 64 63 58 39 49 79 57 87 19 30 53 71 75
0.65 10 12 99 51 42 11 83 2 17 9 52 57 36 95 70 41 30 76 59 6 69 79 89 55 35 72 60 21 50 96 80 73 62 94 33 20
0.68 35 55 69 36 99 26 91 38 50 71 72 43 37 13 74 16 64 2 42 94 61 28 29 46 27 96 51 67 53 21 6 54 31 45 30 41 10 15 59 81 17 40
0.05 28 34
0.87 45 67 30 18 85 74 28 19 1 69 70 55 58 83 87 4 53 54 39 64 94 26 21 79
0.09 86 69 16 74 24 52 30 64 57 87 29 10 75 65 59 53 50 40 49 85 39 97 26 72 6 91 81 55 13 27 0 92 33 12 1 84 42 8 36 31 37 41 32 35 19 23 93 22 15 56 90 2 51 63 80 77 43 18 5 4 7 38 17 99 47 48 20 14 28 98 73 25 78 95 68 83 66 62 76 21 89 67 88 96 11 45 60 3
0.75 4 51 77 75 55 99 42 79 59 94 46 90 73 41 74 92 32 82 67 91
0.94 80 91 51 87 83 27 64 68 34 55 49 95 61 40 32 17 26 54 25 43 88 36 50 71 70 84 2 37 99 96 0 76 18 1 94 41 85 39
0.68 85 26 58 83 48 56 98 39 47 46 24 29 43 9 86 55 20 94 64 32 3 54 80 88 97 4 57 84 66 30 67 68 92 22 62 44 7 75 73 70 8 5 99 23 78 53 1 50 60 91 6 11 14 21 16 42 34 63 52 71 10 25 59 93 2 18 90 38 33 87
0.45 78 17 49 23 77 45 80 94 86 19 48 99 18 95 59 36 61 40 34 60 97 58 22 63 92 15 56 13 6 42 83 98 37 16 55 4 90 54 47 82 3 84 20 1 88 85 69 5 68 39 0 41 74 30 62 57 14 79 75 89 76 32 96 70 10 64 46 52 73 44 87 12 28 72 91 66 53 11 26 38 35 21 29 81 67 9 43 24
0.17 40 16 95 24 48 94 7 35 79 11 31 73 62 89 90 71 18 75 0 52 23 9 60 33 39 87 61 20 81 59 58 57 86 6 49 63 96 43 67 85 42 76 68 98 77
0.68 88 97 6 1 26 65 28 0 24 71 55 51 8 74 84 48 35 87 61 99 30 70 60 47 4 17 9 33 50 78
0.68 14 89 41 95 99 59 21 29 77 65 78 97 83 62 42 8 67 96 20 85 37 24 68 50 36 82 76 98 93 52 57 16 86 92 10 49 88 1 7 39 26 44 66 30 70 4 75 13 15 46 12 3 5 19 84 51 53 31 87 11 17 94 38 33 18 81 90 0 27 73 34 23 58 69 55 22 56 47 72 45 35 48 80
0.90 61 83 96 40 32 15 55 8 88
0.05 0 3 94 55 57 22 40 89 18 47 44 71 79 86 70 84
0.42 11 93 89 20 77 16 49 8 73 75 15 5 64 83 88 26 43 32 3 99 67 47 51 33 4 25 94 42 13 6 69 61 95 62 87 19 55 80 46 96 36 79 76 30 60 86 28 65 63 7 12 68 1 82 37 18 41 78 17 57 24 34 50 22 98
0.90 31 14 34 46 78 8 5 3 96 90 98 2 23 12 24 89 79 93 95 10 92 0 25 20 73 44 7 97 28 70 66 29 21 45 81 38 32 11 22 64 69 50 91 35 63 54 80 41 72 36 30 51 4 84 83 26 67 60 43 94 15 18 17 9 19 75 74 99 56 65 59 87 76 16 57 82 48 27 85 37 42 68 33 1 86 55 49 40 39 47 71 52
0.77 11 23 62 83 34 22 69 91 29 32 19 17 75 30 66 26 46 56 84 53 31 36 8 65 80 43 81 24 92 72 61 28 79 45 40 4 90 86 78 60 6 85 94 98 25 13 7 10 48 87 3 47 9 49 18 54 67 37 57 42 74 73 35 15 21 82 89 64 20 71 95 50 88 33 38 41 70 97 51 76 77 39 68 16 52 96 99 59 44 93 63 1 14 5 58 0 55 27
0.89 19 59 94 98 84 8 83 4 85 63 28 6 49 76 70 89 82 68 33 16 24 78 25 22 17 42 46 60 52 73 97 88 45 27 74 29 9 66 54 23 40 75 11 44 58 0 93 65 35 18 10 80 92 91 2 43 32 13 67 77 3 99 90 36 81
0.01 68 94 88 3 98 49 78 95 0 7 5 24 22 79 60 90 54 59 36 77 4 93 74 31 85 32 35 38 84 96 82
0.42 29 22
0.31 63 59 5 1 17 52 2 15 66
0.74 34 0 62 59 17 87 49 25 42 43 78 27 10 86 99 64 82 14 9 50 5 13 84 54 90 16 1 95 6 23 37 61 88 92 20 91 77 70 40 21 93 85 56 4 24 33 3 8 12 69 47 80 63 65 71 83 66 45 38 18 55 15 57 98 89 81 7 60 36 46 19 44 58 76 2 41 74 51 30
0.44 17 71 21 43 56 67 29 27 88 6 42 62 79 70 66 5 87 82 89 24 10 85 47 18 15 83 19 46 20 12 75 2 69 59 53 73 39 91 41 61 94 76 86 4 50 35 8 60 72 26 16 30 11 74 68 65 38 80 77 97 52 1 28 0 98 58 25 84 32 31 45 95 9 49 44 92 14 48
