1 100 60 2 14018
9 2 7 10 9 6 5 7 10 10 9 1 6 2 3 9 6 9 5 1 10 4 5 4 4 5 1 9 2 2 1 7 3 8 5 6 6 5 4 8 7 9 5 6 2 1 10 5 2 1 9 9 7 3 2 4 4 8 4 8 3 2 2 2 3 6 3 9 9 1 8 6 4 4 10 1 8 1 8 10 8 1 9 3 3 6 5 6 2 8 2 7 9 8 9 8 4 9 5 8
0.25 81 15 12 72 26 8 96 62 95 99 25 19 22 57 92 36 51 78 73 67 55 47 30 24 58 74 76 13 63 91 3 86 10 31 46 42 87 33 37 54 64 89 7 40 83 35 34 66 69 53 27 48 6 97 65 38 59 50 1 61 21 85 68 90 5 77 82 2 4
0.06 20 50 31 39 51 94 65 21 37 53 10 9 72 47 16 98 4 12 25 97 40 91 73 88 68 41 61 78 58 1 82 77 64 13 99 38 43 29 56 18 63 2 8 44 85 24 11 74 84 69 34 54 66 96 26 79 33 57 89
0.86 38 69 98 74 95 76 4 54 89 43 32 60 1 5 59 77 73 31 24 41 75 10 20 53 28 30 55 37 70 2 13 91 35 94 25 7 61 52 84 23 63 36 44 68 12 96 16 6 17 83 93 39 80 8 81 58 22 90 67 65 42 62 99 11 64 92 46 82 48 85 50 87 34 26 66
0.35 35 89 83 64 63 45 19 34 65 75 5 32 59 18 78 42 74 48 97 91 8 30 37 28 11 16 24 56 1 22 15 9 40 49 79 47 70 46 72 76 52 31 23 86 77 82 95 33 94 90 66 6 61 62 38 13 99 55 27 57 17 25 54 7 10 44 96 98 51 92 73 84 21 81 14 36 50 67 80 26 29
0.74 43 24 92 57 84 25 39 60 16 95 14 78 75 12 73 31 59 6 49 50 2 22 90 48 30 27 17 79 18 77 37 69 15 82 23 93 76 58 20 86 68 42 46 98 83 71 34 54 64 88 45 87 5 56 41 47 1 38 61 29 72 11 32 67 0 52 62 7 35 4 97 85 28 40 65 74 94 36 21 19 26
0.13 1 61 68 29 56 66 52 96 73 54 32 75 78 21 46 90 79 12 86 6 80 59 0 30 48 88 17 16 5 22 36 10 98 7 81 44 45 67 69 11 13 38 18 31 2 57 87 62 58 4 63 53 83 95 9 71 35 24 47 39 23 41 37 64 70 34 49 19 97 99 89 55 28 25 26 43 15 20 65 91 76 8 27 50 93 51 77 82 74 85 40 14 33 72 60 42 3
0.16 67 55 58 95 85 19 94 59
0.74 69 16 67 29 35 36 20 61 94 70 40 59 81 26 48 14 99 65 1 97 4 30 55 87 31 32 12 74 8 9 44 22 90 2 19 86 75 64 62 58 54 51 43 23 66 63
1.00 95 54 20 27 12 17 38 72 67 40 4 21 90 39 3 80 82 29 61 58 32 45 84 91 34 22 75 48 31 87 68 74 81 62 42 46 8 60 86 59 25 92 33 9 52 28 37 43 14 36 19 18 70 76 16 11 88 30 66 7 50 94 89 65 23 73 56 97 79 26 96 83 6 5 57 13 78 64
0.25 13 0 3 61 63 42 83 86 65 67 57 97 27 35 47 1 34 24 52 56 22 7 81 51 84 50 9 55 94
0.24 24 8 61 68 23 38 79 21 90 12 16 3 10 56 1 52 49 83 35 54 18 86
0.59 9 46 23 39 51 78 29 91 53 56 10 44 19 86 31 61 2 72 30 16 43 42 55 60 66 97 0 20 25 33 7 80 11 75 77 37 62 26 54 17 34 87 49 70 82 98 71 73 47 93 36 52 69 4 41 92 3 6 76 14 45 90 32 1 89 50 85 15 18 8 68 58 48 57 95 40 12 35 67 27 94 59 24 84 81 83 96 38 13 79 99 74 63 22
0.64 44 73 62 82 66 32 49 20 12
0.23 93 76 5 25 20 59 8 42 30 61 43 84 63
0.30 13 80 76 58
0.53 32 80 69 44 39 19 85 38 90 18 63 81 95 84 31 82 2 41 89 83 64 51 33 88 67 4 29 86 15 98 97 45 55 66 26 42 54 21 73 53 75 20 99 79 23 50 58 35 91 27
0.50 52 59 73 90 87 10 58 32 18 30 71 23 67 86 28 24 40 75 41 94 16 35 74 47 72 51 79 13 2 98 9 8 34 36 77 81 54 95 89 80 43 29 57 33 39 83 48 50 27 56 17 42 99 6 97 93 78 69 44 66 85 3 61 1 46 70 19 68 55 11 63 82 38 25 0 5 12 64 31 49 15 7 21 20 26 45 37 62 91 60
0.98 84 16 98 27 47 88 5 57 25 82 91 22 46 11 94 45 53 7 76 66 90 50 34 44 74 20 35 71 75 81 29 93 39 1 36 99 24 30 77 52 72 15 3 95 10 87 83 63 4 19 79 0 89 43 9 67 92 64 85 49 13 58 80 70 17 86 78 69 40 73 54 56
0.52 74 56 83 12 8 42 75 57 27 11 87 62 31 14 53 63 10 48 69 98 76 40 35 93 89 65 46 92 84 4 58 51 49 44 34 88 61 9 1 82 28 71 85
0.64 71 92 93 73 11 78 6 82 98 3 14 97 70 59 22 65 62 96 37 23 77 69 36 87 30 85 45 61 91 9
0.93 25 36 44 39 82 77 55 97 6 29 5 53 21 98 79 76 33 37 31 99 14 34 16 59 15 90 91 22 74 57 49 56 69 88 87 65 71 61 2 75 27 4 66 13 40 93 0 1 94 68 38 23 9 42 70 96 19 89 47 41
0.61 57 65 82 38 91 87 69 43 0 60 62 17 21 36 48 40 26 93 67 25 42 13 75
0.83 11 89
0.95 39 62 79 6 70 7 30 51 20 93 98 53 10 57 36 66 72 67 26 37 35 65
0.12 39 91 47 96 73 48 64 94 85 83 49 80 42 40 7 60 41 84 9 58 29 78 63 18 95 23 17 44 20 6 16 70 99 66 57
0.91 45 74 14 93 67 19 76 25 71 99 5 11 70 4 3 83 38 2 32 91 86 40 65 80 56 8 0 52 90 98 54 33 62
0.47 90 82 86 71 98 52 38 9 84 50 31 95 44 37 67 40 66 56 57 58 81 29 7 65 60 59 22 72 15 80 88 2 68 92 0 32 26 10 55 74 54 69 73 41 17 39 23 33 64 63 97 35 14 6 75 91 78 48 96 1 83 20 36 51 53 76 47 34 28 70 24
0.53 64 52 10 57 37 75 8 23 95 83 48 18 7 59 56 50 34 35 80 76 84 2 78 14 45 33 13 12 3 29 11 51 38 42 44 28 69 0 86 31 24 26 30 62 19 89 92 71 94 22
0.15 35 3 81 88 39 57 82 72 16 95 56 13 90 15 5 37 10 71 48 59 9 31 18 32 50 76 28 49 19 54 23 73 84 63 55 8 70 1 2 17 61 30 94 44 66 0 14 52 24 34 41 53 4 68 60 7 58 21
0.96 65 17 10 72 38 42 27 12 56 90 1 85 39 66 62 91 96 98 97 67 9 0 31 44 6 74 15 64 53 34 70 69 2 45 58 36 84 30 37 8 52 22 83 75 46 11 78 7 28 73 88 86 14 92 50 4 89 54 24 94 77 33 35 60 48 82 20 47 79 3 95 13
0.81 29 40 18 59 98 72 25 20 78 68 83 6 70 14 62 69 88 0 84 65 73 36 41 12 21 33 87 43 48 85 56 11 26 77 52 10 2 89 19 13 81 44 92 67 45 49 53 91 34 95 23 42 54 75 66 16 99 3 58 71 74 60 28 93 46 97 32 17 35 63 1 37 64 22 5 76 96 27 47 79 80 82 9 61 39 57 38 4 7
0.40 52 17 55 2 65 82 69 94 66 77 96 75 67 7 25 51 81 58 57 33 90 85 84 59 5 31 34 46 4 74 26 41 16 63 62 12 27 64 15 35 42 45 39 9 89 70 97 79 47 48 93 91 36 86 28 98 1 11 32 8 38 60 23 14 80 71 43 22 21 95 83 88 20 37 19
0.40 71 43 59 87 17 82 10 66 86 58 30 49 5 50 15 73 96 16 53 26 14 77 20 93 99 31 97 84 47 56 41 25 52 45 74 55 76 32 34 98 40 61 35 42 11 28 62 67 27 79 8 72 3 90 6 85 0 83 70 46 51 80 78 19 37 4 75 57 24 13 81 18 63 7 91 88 44 1 22 2 9 21 29 65 64 60 54 94 92 33 36 38 23 12 89
0.67 9 37 72 6 12 89 0 85 69 18 91 60 65 51 48 74 21 53 16 90 96 97 2 28 47 38 93 82 81 3 55 59 66 94 50 19 15 56 10 83 43 5 64 79 49 71 27 29 42 86
0.02 17 69 22 70 56 47 21 29 76 97 18 82 91 43 62 59 28 34 88 41 23 77 2 78 10 75 61 7 19 24 15 96
0.65 58 24 31 11 1 54 20 94 16 39 98 21 57 17 26 23 36 62 41
0.55 51 78 9 46 68 89 92 26 48 84 14 29 85 0 73 59 23
0.52 36 50 71 95
0.65 82 43 10 0 65 61 45 1 57 93 8 64 13 85 27 69 55 46 44 74 3 16 73 30 70 6 4 41 32 51 52 9 20 40 7 11 90 98 80 34 24 66 22 25 37 89 91 35 29 14 23 77 49 81 36 88 97 87 92 21 99 31 96 95 33 17 54 19 94 86 47 75 83 60 67 72 18 58 71 48 79 50 53 62 42 78 28 84 63 2 56 38 12 76 5 26 39
0.94 80 5 88 72 74 99 93 54 44 62 73 68 58 46 22 83 32 75 25 71 84 27 12 34 60 57 69 65 64 78 59 70 24 21 1 10 81 48 56 29 42 89 36 26 8 40 98 79 30 47 37 7
0.20 70 80 79 82 97 30 25 52 36 43 8 46 27 29 62 54 6 1 89 87 5 76 88 17 66 42 90 60 12 32 14 78 72 94 15 71 9 69 38 22 86 10 7 47 23 98 65 11 99 51 26 45 13
0.19 68 98 0 5 87 53 34 79 45 67 88 63 81 31 85 47 30 13 86 61 25 28 24 23 77 95 72 91 75
0.27 41 48 90 45 12 88 5 3 31 70 74 13 24 47 10 26 20 94 61 15 8 19 63 69 35 66 89 53 32 76 44 80 87 46 68
0.40 13 55 39 15 11 40 24 86 38 63 71 30 97 1 7 8 76 42 37 94 69 59 84 5 99 75 98 82 25 29 12 26 51 92 18 88 10 27 68 34 33 44 93 9 31 91 4 72 28 57 23 89 20 64 54 79 66 74 16 36 48 6 90 60 43 35 19 58
0.55 56 58 44 53 46 57 6 7 62 23 67 77 99 76 55 37 79 11 40 1 82 22 24 68 28 13 85 20 72 90 12 4 80 30 94 47 97 87 45 52 17 98 31 83 74 86 19 5 51
0.12 83 21 95 80 19 54 63 93 88 35 56 3 44 67 89 15 85 27 97 6 18 0 47 73 8 69 24 50 40 36 29 30 82 70 81 61 23 20 99 92 45 68 90 37 33 65 49 77 11 53 13
0.12 83 45 9
0.03 69 81 77 20 1 60 16 39 14 55 38 28 26 31 57 54 87 90 71 29 88 65 83 63 2 23 47 27 12 37 98 97 73 24 4 82 32 22 9 0 41 59 46 49 74 56 92 94 42 64 67 50 52 44 58 51 89 40 75 6 79 72 21 15 10 33 25 76 68 30 35 13 86 34 17 95 53 8
0.70 13 43 35 78 31 75 51 6 70 27 87 42 53 48 52 85 67 98 99 63 72 8 20 38 74 90 47 2 29 22 69 82 94 92 68 79 77 5 45 97 9 16 32 46 66 30 73 24 37 25 80 71 50 56 1 59 57 55 88 3 93 34 4 7 58 15 95 11 41 39 76 83 12 26 81 33 60 18 49 62 0 44 96 36 17 84 10 21 86 40 23 14
0.96 41 30 19 36 28 46 82 62 80 15 24 76 18 59 64 13 81 51 25 27 7 22 33 78 2 90 67 85 55 37 89 65 12 50 86 61 48 3 68 23 57 43 63 16 75 77 97 91 88 87 1 8 26 17 94 6 20 93 47 98 32 83 53 71 96 29 39 35 54 60
0.71 20 4 17 49 42 16 29 21 27 81 84 50 24 62 26 77 51 68 73 0 66 2 98 96 56 52 3 86 58 41 91 45 11 36 74 46 48 15 82 18 92 89 90 95 6 25 64 28 13 59 37 88 8 80 78 10 22 19 94 75 14 63 44 93 65 40 79 23 31 71 97 33 85 7 83 5 34 72 53 76 55 12 30 57 61 38 69 39 9
0.62 93 0 9 25 84 77 16 83 47 38 18 2 70 87 44 67 57 96 89 97 14 80 40 90 13 23 54 52 92 26 61 36 21 41 95 34 7 69 86 45 31 82 48 72 58 78 12 60 30 74 4 85 98 27 8 55 75 94 19 20 1 15 68 32 33 88 50 42 43
0.47 46 24 9 79 78 2 22 63 70 12 72 90 83 61 82 30 98 38 96 67 20 80 3 16 25 74 66 42 95 21 93 41 59 34 73 26 65 81 32 58 8 18 47 15 40 37 77 43 49 50 94 64 57 87 27 45 71 75 55 6 39 85 33 36 76 97 4 1 44 68 29 17 88 0 7 84 92 48 10 53
0.12 10 83 88 41 61 57 33 48 91 84 53 11 77 35 37 0 27 67 34 75 46 39 20 14 44 93 98 1 55 89 42 22 4 78 87 31 45 3 90 16 97 30 40 81 21 79 8 99 54 72 56 36 15 7 17 2 49 65 23 18 71 62 85 43 12 66 63 68 26 82 86 94 69 74 28 50 80 51
0.34 32 91 23 29 28 70 36 8 80 13 15 14 25 49 54 41 44 11 24 17 94 42 16 4 90 3 2 33 37 65 27 9 39 64 12 21 56
0.06 92 0 75 24 29 12 89 48 93 84 71 81 4 16 46 66 23 82 97 65 30 36 21 6 56 68 88 57 51 11 15 43 50 40 14 35 98 5 49 55 52 25 17 67 45 26 27 41 59 34 37 87 73 70 38 83 63 3 33 31
0.30 73 44 68 55 16 57 70 61 33 9 29 5 98 37 53 30 40 82 63 99 85 4 89 67 95 10 14 7 11 88 31 46 3 20 0 25
0.59 8 92 86 4 95 10 85 22 7 41 90 43 55 1 28 77 0 97 67 12 25 5 96 27 34 76 23 44 93 38 53 70 45 59 36 40 54 98 33 42 68 91 63 47 64 60 11 81 2 13 52 49 15 75 65 56 31 62 19 37 21 69 73 18 29 94 14 74 24 78 80 35 6 30 82 99 72 20 88 48 3 51 79 71 50
0.57 35 24 15 42 60 95 48 32 36 69 34 66 37 28 6 47 29 13 71 26 94 1 65 72 31 92 23 97 40 75 43 54 5 19
0.37 39 62 15 33 84 35 10 76 78 52 44 60 16 77 58 45 17 28 43 50 40 72 53 31 25 79 55 34 5 99 2 7 38 70 29 27 91 26 73 63 21 3 87 48 6 24 23 49 71 82 88 96 59 93 20 54 85
