1 100 100 0
6 1 1 2 10 5 8 8 4 9 5 9 6 3 6 2 10 1 9 5 6 1 2 4 6 5 8 8 6 7 5 4 5 6 10 3 9 9 3 1 4 6 7 2 2 4 1 10 10 7 5 6 6 5 3 1 6 1 2 1 9 10 5 10 8 3 3 6 1 10 1 9 9 6 9 10 2 4 3 7 6 10 9 6 9 1 7 8 4 4 9 2 1 3 7 3 6 10 5 8
0.25 92 95 89 65 5 98 74 33 81 86 68 56 12 49 35 52 14 58 60 38 96 31 26 72 36 88 34 43 0 27
0.09 60 67 4 40 95 22 5 3 43 35 44 85 12 19 53 55 38
0.70 91 24 49 2 6 79 57 3 14 18 58 56 7 20 11 93 82 77
0.56 93 26 23 73 80 9 19 42 81 65 87 0 40 61 17 94 55 71 84 90 16 97 31 64 96 47 60 50 69 82 38 74 35 29 8 6 54 22 86 59 10 98 48 12 85 78 13 15 3 45 67 91 33 28 76 83 32 4 72 58 18 11 89 62 88 41 66 92 14 20 70 77 95 46 49 51 57 27 79 63 1 2 53 5 99 44 43 34 25 56 24
0.92 62 43 30 3 65 99 9 88 27 55 76 89 28 98 53 25 56 41 24 35 29 73 7 13 15 95 10 46 84 11 36 92 47 69 0 1 21 70 6 64 2 78 20 61 52 16 66 32 86 51 8 12 71 34 40 14 74 33 31 45 38 18 42 5 87 81 58 63 94 85 75 80 22 72 97 44 49 77 50 19 82 68 37 54 79 59 67 93 91 26 17 96 48 39 4
0.17 63 56 76 30 67 78 27 11 88 45 98 26 64 14 80 57 79 9 62 32 82 21 16 43 71 99 87 93 59 53 4 97 50 46 70 17 3 91 89 92 60 20 8 66 75 0
0.52 11 83 69 81 97 30 29 92 59 95 33 19 72 41 48 0 34 28 93 54 91 98 36 18 5 22 32 15 44 53 26 71 99 94 47 10 31 25 16 76 66 57 46 2
0.55 86 11 77 55 59 97 93 30 20 42 5 95 51 48 45 84 15 31 78 9 52 47 44 12 0 69 10 63 7 81 41 91 33 65 3 21 79 53 40 38 80 46 99 85 8 56 61 92 89 22 73 75 28 68 13 66 60 23 58 94 98 70 49 57 19 90 62 39 37
0.12 9 93 60 18 8 67 62 58 23 95 52 99 17 96 92 85 70
0.01 11 9 18 6 17 71 62 34 40 54 16 21 61 27 80 20 47 12 23 44 69 63 45 48 79 8 78 84 73 72 96 56 41 28 77 75 83 60 76 14 98 31 32 85 15 43 94 89 3 2 10 37 50 68 88 1 64 29 81 59 95 91 57 36 55 53 22 30 52 33 51 65 26 58 74 67 46 0 4 24 86 13 92 90 70 82 19
0.18 75 42 97 88 96 7 80 41 59 83 98 65 24 50 51 38 68 22 45 92 81 87 9 53 27 25 61 32 79 14 13 8 48 3 89 71 19 40 2 17 20 5 55 4 31 67 11 28 10 60 69 94 95 57 16
0.13 41 60 20 42 64 34 88 35 94 9 18 96 14 56 27 66 10 53 46 23 39 61 16 6 24 87 62 65 90 37 5 48 82 68 31 78 92 22 71 3 98 11 12 47 74 55 52 45 54 84 8 43 51 86 13 15 21 40 7
0.72 90 58 4 21 88 9 87 6 30 40 13 67 11 22 34 94 65 7 99 91 75 12 29 68 92 1 85 47 39 8 55 56 53 41 86 73 5 14 32 70 44 20 76 80 10 19 74 50 77 54 23 57 33 72 27 97 35 66 18 38 71 25 3 15 69 51 59 36 0 78 16 95 37 61 84 98 52 45 64 96 62 26 63 83 46 43 17 2 24 89 49 81 82 48 79 42
0.65 97 46 42 76 35 85 10 61 7 33 71 74 79 93 60 21 63 67 18 29 14 82 66 1 47 11 40 15 27 91 37 41 65 31 59 87 2 51 39 69 89 68 12 83 52 88 34 57 90 92 38 24 81 70 28 86 72 75 64 30 44 50 32 36 26 95 99 48 62 78 3 6 17
0.52 98 28 33 7 79 93 5 62 50 29 64 99 19 42 24 84 69 52 45 21 83 73 90 77 38 22 78 8 92 59 81 32 17 15 12 6 53 14 27 76 89 71 54 51 65 58 88 44 20 48 49 9 16 56 67 39 97 46 66 10 91 80 11 35 68 57 31 43 82 36 70 1 3 86 34 55 47 94 4 72 0 61 26 85 23 37 25 18
0.49 96 94 48 52 38 68 56 35 70 44 19 64 67 74 30 73 66 26 55 10 50 36 21 14 98 13 81 24 23 11 87 43
0.32 82 3 54 80 34 7 45 20 36 8 84 19 11 77 17 72 37 88 61 1 78 25 4 46 31 62 18 55 91 6 90 53 26 49 35 2 24 75 66 76 14 92 99 29 22 56 13 47 98 23 65 71 43 32 12 10 70 27 41 79 96 93 97 44 95 15 89 69 21 83 81 64 73 63 9 57 74 60
0.83 6 43 31 20 27 91 83 22 51 56 64 14 29 99 45 18 61 84 85 74 54 23 57 95 26 37 35 36 79 52 42 10 55 1 88
0.38 47 1 6 89 53 94 60 24 15 4 97 95 20 83 21 91 65 72 18 35 51 80 23 93 87 31 64 78 12 30 44 52 2 50 41 48 10 82 45 85 96 19 69 0 59 90 9 58 68 28 36 70 75 37 17 54 38
0.59 51 8 43 9 0 77 61 92 53 91 58 13 76 78 26 97
0.42 40 22 7 71 99
0.02 18 96 21 36 82 52 7 47 12 56 37 70 33 25 27 8 23 62 87 13 90 80 22 79 38 28 99 49 35 74 54 78 75 0 76 30 50 72 31 65 59 3 69 83 41 45 97 10 68 94 95 53 71 29 19 63
0.22 60 66 61 69 32 4 27 8 19 65 30 67 68 38 3 90 22 15 14 53 29 82 18 42 21 80 16 57 12 76 17 50 48 93 28 98 64 49 55 95 1 7 45 47 92 62 54 73
0.24 63 80 45 55 81 90 52 10 14 41 16 46 29 42 30 94 58 73 0 91 60 15 65 43 53 33 35 56 6 17 66 28 20 11 59 1 38 79 34 76 48 4 18 40 5 88 93 72 74 3 82 98 26 95 78 54 27 89 57 44 68 77 51 7 9 24 49 97 96 64 25 62 31 21 87 83
0.45 65 26 16 64 38 92 72 81 75 71 7 87 34 62 88 86 53 55 67 94 31 40 68 83 2 56 93 30 95 24 39 1 37 70 99 17 29 20 80 27 28 43 54 6 96 42 66 47 25 61
0.16 60 93 0 59 80 94 46 99 96 81 12 44 97 21 3 39 75 70 50 18 9 78 62 24 25 17 2 34 90 35 76 52 49 37 66 77 38 10 27 41 43 82 61 67 54 20 4 69 14 15 85 28 42 56 30 79 64 19 53 26 5 23 13 57 73 31 7 68 88 1 29 92 89 71 98 16 63 55 91 84
0.57 0 36 46 14 32 58 68 38 77 44 66 39 52 75 60 51 34 20 53 18 57 83 88 92 69 30 47 72 62 50 48 95 63 35 93 5 80 37 12 94 26 97 49 41 82 27 8 55 10 2 24 13 33 7 45 78 25 6 56 16 79 67 1 61 19 89 22 81 64 31 17 98 71 29 74 91 84 70 21 28 87 65 73 3 86 4 40 96 99 15 54 76
0.08 60 41 38 73 20 81 91 49 5 3 99 62 21 2 77 58 92 67 17 35 29 24 48 45 47 82 80 30 65 96 25 57 15 9 33 78 43 10 26 56 40 4 6 72 90 12 19 84 86 76 64 42 79 1 8 13 63 74 46 53 23 32 37 0 18 94 68 83 85 14 89 16 71 54 7 11 87 69 95 70 66 52 27 50
0.49 55 51 54 65 82 92 60 70 79 80 19 63 50 11 95 22 45 64 89 96 7 58 47 91 98 76 14 52 18 57 93 5 44 49 2 24 28 61 77 46 41 34 83 75 81 31 3 48 67 71 27 4 74 99 30 73 97 15 6 40 33 37 84 35 12 42 90 20 94 17 29 32 56 85 13 66 39 62 26 9 86 78 36 0 21 25 10
0.63 11 46 85 36 27 7 24 43 38 69 17 91 2 35 25 3 51 13 82 99 14 89 21 97 64 55 1 32 22 42 58 83
0.47 66 26 9 77 96 27 85 48 61 8 56 5 19 58 98 50 40 84 0 37 34 14 81 76 65 89 41 16 54 1 33 99 32 49 94 22 47 7 72 79 25 82 71 63 64 12 17 67 75 18 95 91 57 36 70 3 52 2 74 53 93 6 28 46 73 39 97 11 83 90 43 21 55 78 87 69 62 88 60 68 29 44 45 23 35 38 30 20 59
0.92 84 41 66 43 49 76 74 69 2 37 53 99 13 93 73 25 71 83 23 51 28 89 17 91 38 34 36 82 11 32 7 9 52 39 29 77 47 0 20 5 10 96 4 64 97 80 81 70 27 55 94 35
0.12 9 94 28 65 15 74 99 21 85 8 57 49 75 80 73 71 67 14 18
0.98 43 66 60 35 27 76 93 61 99 91 13 74 47 64 56 46 15 19 22 84 97 14 25 44 83 67 29 59 63 8 9 89 75 71 79 37 4 2 78 52 12 6 32 39 49 77 1 86 58 70 65 62 90 16 48 45 11 10 7 80 30 41 96 82 18 33
0.20 63 57 8 12 87 3 17 6 88 36 47
0.74 6 10 40 33 86 7 65 67 77 78 4 32 76 14
0.12 10 56 74 9 79 25 21 6 83 65 31 84 13 47 1 19 48 88 18 93 35 45 38 86 99 81
0.23 99 38 54 45 22 72 14 80 16 2 7 39 15 13 1 85 51 25 67 66 52 84 94 36 6 24 62 59 48 20 76 33 8 93 41 34 12 23 4 61 95 50 90 98 44 10 91 92 60 64 96 89 46 30 31 42 87 97
0.83 20 91
0.14 79 9 59 14 58 16 92 91 65 99 84 63 5 90 54 89 69 44 26 93 4 12 68 13 17 80 3 85 47 96 28 76 30 46 60 55 78 66 40 24 87 35 81 33 10 64 27 32 23 31 0 25 67 77 45 94 21 74 22 73 42 8 20 39 36 86 88 29 56 83 19 48 34 82 11 2 41 1 72 7 6 70 53 62 98 49 75 18 61 15 50 57
0.24 38 42 12 11 49 47 96 36 68 37
0.36 49 24 96 41 56 61 95 54 72 13 81 68 28 1 92 89 20 88 80 84 60 26 69 83 46 4 30 52 44 31 18
0.90 91 6 71 72 83 99 31 63 19 93 97 62 23 70 88 58 24 40 48 78 75 79 45 46 5 50 57 3 34 20 13 10 39 66 17 65 56 28 25 35 30 47 9 74 41 76 55 16 4 38 86 32 22 1 21
0.57 99 53 73 84 91 93 89 88 64 5 66 18 8 30 23 10 57 41 32 92 49 38 42 17 90 12 74 87 77 80 7 95 62 44 43 75 45 61 85 15 9 36 59 71 47 56 98 81
0.83 18 60 61 13 48 50 16 62 74 52 4 78 46 67 10 29 19 38 85 56 7 34 76 36 66 84 77 17 92 58 22 79 5 99 45 42 88 95 81 30 37 69 0 20 12 64 97 28 44 86 75 89 73 26 57 31 65
0.63 76 58 45 57 34 60 8 50 23 80 79 84
0.85 74 6 56 48 4 79 30 66 45 3 83 40 42 75 82 32 9 58 55 18 77 31 23 50 99 11 22 44 10 14 90 5 34 59 47 51
0.42 62 31 57 48 49 50 71 30 19 9 75 85 5 29 53 16 27 4 63 61 41 42 55 11 94 91 28 17 88 78 33 21 46 97 83 47 66 1 45 25 86 52 56 99 10 58 82 40 72 77 24 44 23 7 26 37 32 79 84 0 22 34 12 8 92 36 18 81 20 59 39 69 38 64 6 87 80 2 89 98 95 67 73
0.15 52 44 82 53 96 20 26 30 94 6 27 81 93 56
0.83 91 89 78 41 59 95 61 39 87 3 17 86 33 93 28 6 49 79 46 77 40 23 42 26 76 38
0.41 21 38 46 70 59 16 10 24 71 62 30 75 90 23 22 54 45 4
0.94 25 19 73 46 28 42 99 37 98 94 4 92 71 12 2 16 80 36 85 74 67 57 38 93 83 89 87 66 39 10 96 63 62 69 54 47 51 55 21 50 56 27 1 72 86 95 59 24 17 8 52 41 22 20 65 61 35 3 60 29 15 0 79 7 53 31 44 13 58 97 32 70 90
0.91 7 67 19 47 63 35 26 46 14 54 2 81 85 90 23 18 64 43 65 48 94 27 11 22 92 86 32 97 82 28 20 49 40 75 70 1 56 77 9 79 95 33 0 3 30 69 50 68 39 84 73 76 91 13 55 24 5 16 66 83 15 44 98 41 37 96 8 59 62 10 58 71 61 60 80 17 38 21 72 93 6 36 29
0.46 94 86 58 38 73 21 69 78 10 47
0.05 73 92 6 22 46 36 20 10 43 29 51 57 99 69 4 98 96 52 89 41 61 90 14 56 82 15 64 1 97 87 38 59 58 0
0.18 22 39 9 49 61 29 24 42 91 72 16 56 54 68 59 0 63 6 75 87 73 88 60 1 32 31 62 93 21 3 52 97 67 19 82 55 12 86 66 23 92 34 83 4 96 48 40 27 79 33 94 84 78 69 36 70 47 25 58 64 5 45 50 10 30 80 57 28 71 13 99 7 89 85 95 18 11 98 2 37 41
0.72 81 59 75 72 92 33 80 53 64 28 17 26 68 22 18 95 51 8 6 7 83 23 31 54 9 85 77 25 47 36 98 2 73 27 94 4 86 37 11 5 61 67 42 14 89 87 15 39 58 60 93 30 19 96 97 63 13 21 70 48 69 44 88 49 62 66
0.89 42 88 64 81 24 28 90 67 2 35 41 46 8 22 63 11 94 25 26 83 36 87 15 1 75 23 73 16 92 65 93 29 47 14 0 98 32 17 48 38 27 68 34 55 21 69 40 97 33 71 50 91 80 61 58 57 86 45 62 89 85 4 82 78 52 59 66 76 9 37 18 44 60 79 56 10 72 13 77 5 43
0.46 73 88 77 93 59 54 34 90 52 95 27 40 26 63 15 19 35 25 64
0.32 34 66 78 28 82 96 5 89 77 99 19 65 30 94 90 61 32 43 18 24 48 16 9 40 72 71 68 74 2 44 1 35 58 13 88 56 69 85 52 10 73 84 64 81 55 62 67 49 17 54 4 8 11 46 63 14 31 36 76 27 59
0.61 11 86 55 50 29 51 31 7 3 12 37 18 95 13 70 38 93 57 65 0 99 92 21 73 60 10 16 42 97 77 79 8 98 68 30 66 6 96 91 17 75 53 52 14 49 32 1 22 72 40 88 82 4 90 80 62 35 33
0.18 93 6 26 83 43 29 40 0 94 10 92 98 12 88 84 89 41 85 79 32 97 86 75 69 61
0.38 37 36 79 52 15 82 96 31 64 62 98 42 99 34 32 16 14 87 78 35 22 61 85 12 18 8 9 30 90 71 2 43 84 5 38 57 19 6 92 40 76 0 20 73 25 3 39 58 68 47 93 49 67 54 65 26 4 74 86 53 46 33 29 17 24 66 56 45 51 55 50 81 27 48 11 75 10 91 13 95 94 89 28 69 72 97 21 70 63 1 7 23 88 80 77 59
0.28 71 45 16 42 26 97 72 4 83 93 28 17 66 99 50 49 89 43 68 6 25 9 54 29 90 84 87 23 74 61 3 53 31 30 69 13 47 1 57 78 35 52 85 63 65 21 37 11 36 82 2 73 38 44 22 75 62 95 79 64 94 14 10 98 0 55
0.34 59 21 46 29 72 45 17 87 10 95 55 31 98 5 77 0 35 43 96 54 41 74 69 94 88 99 28 26 75 14 44 76 16 9 73 60 53 4 79 90 91 12 51 40 37 30 84 22 48 89 66 24 56 63 25 49 33 23 58 13 20 67 62 92 83
0.57 93 4 2 40 66 29 61 62 59 80 88 39 75 47 99 24 52 25 79 23 1 10 83 96 22 5 15 16 41 50 12 87 44 7 19 73 54 77 55 76 31
0.91 29 27 50 74 11 46 61 84 14 1 22 98 43 24 77 90 48 56 21 87 91
0.07 13 3 7 4 85 41 9 39 80 49 15 6 0 78 64 62
0.33 38 41 14 16 75 27 87 94 18 25 40 31 60 4 82 95 68 84 30 65 37 54 1 28 51 97 32 71 80 42 74 35 29 46 86 43 70 79 47 10 69 34 36 44 53 63 22 17 21 11 90 55 9 19 66 85 13 64 24 12 81 23 72 48 50 96 0 57 83 20 26 99 61 67 39 59
0.10 76 41 79 27 72 70 75 28 39 89 55 12 11 3 6 18 36 24 63 26 20 96 21 60 56 73 13 59
0.31 76 90 4 77 93 47 37 88 34 91 95 52 60 48 71 86 33 39 26 99 79 92 74 98 62
0.04 26 70 45 54 61 86 91 78 17 75 25 3 53 73 87 63 55 6 79 32 90 11 71 66 40 24 84 1 29 97 56 58 67 42 13
0.49 63 81 27 65 45 23 75 78 70 14 43 6 49 3 12 13 35 72 67 95 84 69 92 54 90 89 22 8 71 32 46 5 59 93 19 83 99 50 94 73 4 20 98 44 0 28 68 52 39 18 37 61 36 62 29 40 47 86 2 24 15 17 82 26 48 80 74 58 41 33 7 21 34 76 51 56 53 57 66 97 60 88 25 38 16 30 91 85 9 96 31 79 64
0.96 74 81 35 15 88 63 71 50 2 42 41 61 80 75 76 86 51 48 54 55 99 44 72 65 62 91 87 94 93 89 40 29 57 23 52 30 22 12 26 64 19 25 4 18 79 97 9 8 38 96 6 16 11 7 39 28 92 69 37 73 13 46 58 68 84 56 82 24 70 17 33 45 60 78 66 77 14 20 0 5 98 83 3 85 95 10 31 49 53 67 1 32
0.06 87 1 62 61 83 29 39 25
0.83 51 93 10 14 84 66 54 98 97 50 92 16 89 58 75 85 68 57 26 43 91 81 77 1 13 35 36
0.15 23 34 87 24 65 77 6 91 29 59 19 74 14 62 18 85 44 49 76 22 51 94 60 32 86 42 47 27 50 83 58 41 16 92 96 31 53 40 37 30 20 75 3 35 26 15 55
0.46 49 6 78 99 21 77 68 71 54 30 70 26 13 75 81 86 63 15 72 85 61 34 11 20 35 57 24 87 43 32 53 27 42 23 64 93 39 48 52 60 8 28 84 91 88 10 89 12 82 55 18 1 95 14
0.25 5 9 32 39 79 27 82 30 19 93 75 36 45 51 12 67 4 33 14 98 63 88 47 90 86 83 23 29 31 95 81 49 21 25 48 53 94 26 40 96 46 60 37 99 7 20 69 11 59 56 2 6 28 97 64 34 71
0.20 39 12 40 59 68 57 74 80 61 3 27 5 86 72 88 28 9 87 7 76 98 24 60 18 52 79 29 81 77 43 8 78 49 55 31 70 82 75 54 97 64 90 83 93 50 92 4 35 66 26 47 53 2
0.56 99 90 42 74 12 96 83 32
0.50 11 63 96 39 49 32 94 74 67 59 92 65 19 90 87 15 78 37 5 97 44 6 76 33 24 52 7 2 23 93 14 86 36 42 8 57 1 51 82 31 85 30 72 50 29 0 75 62 35 58 26 9 83 21 66 45 54 40 80 88 18 47 64 34 71 4 81 25 16 69 3 61 22 60 98 68 77 55 48 38 79 12 89 70 20 10 28 41 84 27 46 73
0.35 37 87 73 57 55 31 82 76 74 93 99 45 39 53 66 17 63 60 86 56 36 71 58 18 91 85 62 77 46 54 3 43 75 84 11 70 79 78 9 40 34 61 25 80 48 38 96 22 29 97 2 15 26 7 88 98 90 0 19 72 69 59 10 21 89 51 1 94 6 20 81 28 64 95 5 65 52 49 42 50 35 14 8 12 41 47 24 67 23 68 92 30 4 16 83 44
0.68 38 81 15 39 18 71 12 50 5 47 63 80 31 24 16 56 55 25 44 20 74 8 42 72 79 23 87 49 89 59 95 70 21 75 28 2 82 68 30 6 86 45 53 35 40 93 3 10 65 52 88 26 60 9 7 61 11 83 58 51 97 22 48 64 73 84 98 96 14 92 77 99 43 90 29 41 1 13 4 46 85 19 76 69
0.19 19 15 88 85 73 58 51 68 31 27 12 23 33 13
0.29 72 45 69 74 78 58 16 9 21 43 40 28 87 83 99 17 91 76 30 24 46 75 20 79 14 5 25 68 57 8 27 62 80
0.93 45 79 70 63 29 58 98 88 3 8 1 24 62 61 54 42 37 39 5 67 57 26 12 93 32 92 90 83 28 15 22 68 49 31 75 10 59 27 85 52 91 17 34 35 21 13 87 55 30 71 72 69 99 46 97 7 76 0 81 40 48 77 96 36 43
0.46 95 93 13 16 33 64 61 62 26 40 24 69 2 32 72 14 47 87 28 17 10 84 6 89 8
0.17 19 99 11 3 32 16 75 86 22 98 80 23 89 14 67 7 21 52 49 69 37 84 17 82 56 61 5 66 60 2 33 77 18 46 15 64 8 65
0.72 59 34 35 33 53 84 16 36 51 5 39 71 41 45 13 63 14 19 30 47 83 10 73 69 56 82 97 15 24 64 17 38 61 26 80 55 94 46 27 6 81 90 8
0.59 98 22 30 42 27 19 31 73
0.89 80 57 32 51 41 48 28 50 31 59 5 20 22 26 73 72 86 15 60 91 13 43 49 11 78 2 45 65 64 67 33 97 61 77 42 24 46 18 54 88 47 1 90 35 94 17 39 74 68 38 8 87 58 53 95 96 37 84 69 23 79 19 92 29 21 16 82 4 3 83 44 56 70 76 6 62 66 93 10 89 7 99 12 30 75 98 55
0.95 56 26 70 35 9 50 0 80 22 58 60 21 51 10 54 25 24 36 78 33 89
0.37 73 76 38 27 8 25 98 9 92 77 91 41 18 30 20 53 6 11 29 31 49 16 46 84 14 5 45 12 86 75 66 81 19 32 51 37 48 61 21 17 55 0 35 33 57 68 24 36
0.20 6 97 23 63 31 3 61 94 92 55 89 43 4 47 83 95 8 14 68 32 57 12 96 46 53 24 71 64 35 67 87 65 27 41 11 74 50 9 93 45 49 0 34 82 69 25
0.05 23 84 89 53 65 57 30 94 83 8 39 93 70 27 3 14 25 76 48 95 33 16 36 12 6 55 92 44 68 41 58 75 18 45 99 46 69 40 73 13 60 29 24 86 20 88
0.52 55 52 29 21 56 95 23 60 20 79 34 58 6 39 31 41 3 63 85 89 27 67 73 84 92 16 80 98 12 70 9 82 91 53 32 45 8 59 42 88 46 44 93 15 37 49 33 22 35 36 69 1 66 86 96 61 94 7 0 26 99 54 47 50 81 40 13 10 83 38 68 25 77 24 90 11 2 48 51 65 62 76 14
0.92 41 72 68 17 53 52 49 79 21 92 48 80 42 29 8 5 99 87 82 94 37 60 25 14 19 40 75 27 89 86 12 13 28 10 46 65 98 23 62 63 74 43 85 47 69 18 58 22 95 59 76 24 9 81 83 33 71 84 15 55 61 7 39 91 66 44 56 54 57 93 31 2 0 50 1 45 36 32 3 26 97 67 73 16 64 6 51 20 11 90
0.86 26 11
0.43 87 3 66 94 55 65 69 89 98 90 20 29 71 63 96 99 37 26 77 53 97 56 93 59 67 85 58 27 42 34 39 0 2 17 78 79 32 44 10 75 7 22 16
