1 100 60 1 13937.63
10 4 9 9 9 4 9 10 2 10 2 1 5 10 7 8 9 8 9 1 10 2 9 9 2 6 4 8 9 5 7 9 7 2 3 2 8 4 1 5 5 3 7 5 10 1 3 4 7 5 7 10 1 1 5 5 1 6 9 5 7 6 2 7 9 8 3 5 6 3 6 5 7 8 3 6 8 3 1 6 4 6 4 6 4 5 4 4 9 10 1 3 7 1 3 3 10 9 5 8
0.42 12 62 21 16 99 95 97 17
0.72 72 48 58 75 23 26 51 33 69 27 91 97 10 78 32 87 60 41 92 61 4 64 18 30
0.98 75 90 25 59 24 36 2 57 13 71 22 27 61 20 3 43 62 34 53 60 29 42 40 82 81 45 12 49 68 88 39 8 74 92 48 35 46 32 73 69 38 96 89 16 66 5 85 65 84 30 93 0 70 55 87 51 86 50 1 4 94 83 14 44 91 95 80 99
0.89 68 94 52 91 8 50 17 69 1 2 6 54 39 84 10 29 40 72 66 73 95 75 55 77 67 46 37 58 12 11 79 78 31 44 20 35 99 76 30 82 83 64 15 65 0 49 47 24 7 41 71 32 25 36 80 81 93 28 18 87 96 38 61 60 9 48 34 43 85 70 21 26 92 45 89 27
0.44 40 81 12 70 1 50 99 21 52 34 45 31 90 7 57 27 28 73 19 41 53 24 42 80 89 76 47 17 18 43 96 11 37 39 54 67 69 72 74 13 51 83 63 77 62 61 97 55 29 75 87 93 48 46 86 65 20 64 71 2 6 95 79 16 9 68 59 30 91 5 92 8 66 78 3 4 58 94 49 10 98
0.81 24 39 70 76 10 37 15 5 99 49 27 25 22 19 1 66 12 90
0.06 33 16 71 39 69 22 54 34 82 14 43 78 42 50 58 56 99 4 70 8 12 27 60 5 66 93 74 81 53 96 84
0.87 2 52 55 1 66 89 11 78 64 73 49 69 96 88 25 71 50 77 58 38 83 16 36 60 7 63 92 74 56 26 4 95 9 13 41 33 51 48 85 22 87 70 27 40 24 90 10 45 61 42 37 94 68
0.86 65 45 93 69 71 39 64 38 9 26 35 84 17 43 40 47 12 19 44 85 28 42 94 3 6 37 98 46 34 97 25 36 96 61 62 57 87 54 50 10 63 48 13 7 33 2 73 21 24 75 74 16 1 4 58 20 32 41 70 67 91 78 11 27 76 8 83 0 81 59 99 55 89 88 14 72 5 60 15 29 95 86 51 77
0.08 56 38 35 87 43 97 20 74 19 23 53 46 11 68 45 42 69 40 99 9 63 57 82 60 15 92 94 37 49 33 93 84 90 22 52 17 44 73 10 85 41 50 48 70 76 39 27 47 95 4 88 91 34 78 12 66 14 24 72 30 62 86 54 2 81 3 71 29 80
0.23 56 90 46 64 30 52 69 26 82 45 9 34 40 94 58 14 41 60 20 54 99 74 39 91 17 51 61 59 35 2 73 18 48 50 42 15 68 70 89 5 31 95 21 83 3
0.82 43 86 19 47 96 0 93 16 27 70 56 74 8 18 12 35 52 92 15 26 13 45 63 50 61 65 20
0.10 85 18 42 48 43 36 76 14 59 54 86 84 11 30 39 94 56 51 41 0 90 7 65 72 70 19 99 3 79 21 1 77 31 40 68 10
0.95 4 12 66 78 84 41 87 55 44 38 22 91 64 6 85 80 43 72 92 11 70 81 24 94 7 10 5 59 3 13 8 61 45 31 89 33 27 18 17 47 53 93 57 50 28 54 1 60 34 97 82 63 40 26 95 83 67 30 73 76 65 77 99 75 19 0 90 9 25 52 16 15 14 29 79 56 62 32 39 69 23 37 20 21 49 96 68 48 71 58
0.59 1 38 29 92 79 18 57 43 53 82 21 23 59 34 85 14 46 25 69 86 98 19 89 49 97 45 58 96 16 0 9 28 11 15 78 7 72 42 90 8 39 65 40 35 94 17 4 32 75 67 62 47 61 70 76 77 74 10 26 36 5 2 41 24 95 64 52 68 71 56 48 22 99 93 31 51 37 12 84 33 81 88 27
0.92 25 41 79 52 28 71 87 24 11 13 57 42 50 88 60 97 23 9 85 64 22 43 84 51 37 34 62 98 76 80 99 33 56 89 58 26
0.20 5 25 62 67 91 59 27 13 66 14 76 24 17 40 70 94 49 72 79 21 88
0.53 44 32 20 12 0 68 73 8 91 80 5
0.35 3 56 7 99 43 27 30 0 65 70 45 87 82 69
0.06 18 4 7 26 38 87 88 48 11 8 60 75 65 46 82 9 22 57 81 62 17 40 3 76 86 52 91 1 33 34 14 94 63 36 90 68 72 5 44 89 85 45 23 98 21 47 66 64 30 15 19 20 41 28 59 96 53 79 35 42 93 37 92
0.47 93 7 51 32 70 33 2 92 8 38 3 88 25 77 23 98 46 57 79 74 26 43 64 52 0 73 53 99 41 44 81 10 90 62 11 75 29 12 96 9 4 76 27 80 20 42 18 31 17 35 40 21 14 39 50 60 87 82 54 68 1 58 94 63 56 34 83 6 15
0.73 68 56 23 99 98 77 74 96 46 3 15 25 51 30 65 7 59 11 70 76 41 28 58 73 72 55 5 6 43 20 40 0 82 63 12 94 26 45 13 27 60 47 69 61 1 67 57 10 21 44 19 35 50 97 36 32 24 29 79 86 85 16 8 17 31 52 62 54 22 93 38 9 39 91 66 2 81 34 18 4 95 84 90 42 33 87 88 48 75 80 14 71 89 37
0.85 22 98 23 39 41 31 75 12 65 89 36 32 2 72 3 40 78 30 24 99 28 67 86 18 70 60 55 52 54 88 63 53 74 33 26 5 37 17 6 16 49 57 61 45 94 4 95 91 9 68 19 96 1 14 71 93 48 90 11 42 20 0 15 80 76 38 66 43 46 50 21 29 82 59 25 34 13 10 87 84 83 77
0.17 2 22 43 75 77 42 64 3 51 71 10 97 80 78 9 82 33 28 81 49 5 11 66 12 7 76 96 68 19
0.65 49
0.32 10 82 98 58 23 63 49 27 67 45 84 41 80 73 91
0.83 22 89 84 44 79 15 91 45 39 41 83 86 65 98 31 50 76 5 17 56 77 72 13 80 70 23 43 6 48 69 37 4 7 21 33 54 82 88 18 38 53 51 9 61 64 63 71 3 46 34 2 25 74 75 30 16 32 95 78 85 27 42 62 57 96 97 20 11 12 60 24 10 35 67 29 28 0 73 66 47 52 49 90 14 99 36 8 59 19 68 26 1 58 94 40
0.76 18 81 22 67 4 33 49 80 46 8 60 97 62 79 92 71 61 10 63 27 95 94 89 51 96 65 16 44 57 52 88 53 84 98 7 93 21 55 36 3 75 14 26 74 24 58 73 86 2 1 39 43 13 56 83 41 30 0 40 66 38 35 17 25 31 5 32 99 78 77 50 82 15 87 76 47 34 59 6 12 68 48 11 28 45 42 72 29 9 90 85 70 19
0.37 36 52 4 95 73
0.27 62 43 9 88 92 36 49 78 38 41 42 45 60 25 26 70 83 97 24 75 89 14 11 17 0 72 23 35
0.63 43 99 58 56 20 4 7 98
0.41 54 79 29 39 20 15 56 26 55 80 66 6 64 27 10 96 65 75 91 92 63 7 23 45 57 40 93 68 98 88 72 87 21 25 43 11 86 31 22 3 59 77 76 78 36 94 46 5 1 58 95 16 35 69 60 0 49 17 34 90 73 41 62 9 4 12 24 83 13 33 89 44 37 14 99 47 81 85 30 19 82 28 97 42 84 48 67 51 74
0.22 72 23 50 68 58 29 51 87 57 78 54 71 39 38 40 94 18 0 96 88 61 66 45 48 76 11 25 86 91 52 34 21 35 49 31 69 85 81 64 8 79 1 73 2 55 10 90
0.77 42 98 5 7 1 96 40 56 38 41 10 8 4 51 12 45 14 50 29 71 23 85 90 32 30 88 84 60 15
0.75 1 59 80 70 52 10 91 34 47 5 27 62 67 4 48 76 82 39 53
0.79 81 44 57 45 71 41 74 21 50 40 5 60 93 64 34 32 56 77 95 18 73 48
0.65 63 99 92 60 70 85 94 39 12 81 25
0.11 90 20 78 66 4 22 23 34 82 9 8 83 61 57 43 31 2 45 69 18 41 86 74 46 28 58 3 85 39 24 32 81 72 70 26 84 5 62 77 42 49 12 80 50 64 38 47 6 56 0 93 89 92 97 48 65 36 87 53 63 7 35 21 54 52 44 91 17 67 40 88 1 71 33 76 15 37 59 10 19 60 25 29 73 27 75
0.93 46 93 0 72 67 65 75 88 94 87 97 23 83 90 66 95 68 31 52 20 99
0.58 3 6 80 10 84 78 58 91 47 83 86 65 56 25 94 37 2 96 51 92 20
0.73 87 37 5 32 23 44 56 8 20 94 71 67 69 70 60 14 7 84 76 96 19 89 53 42 61 25 98 1 73 92 59 41 82 29 0 48 27 22 39 49 83 74 11 57 50 78 38 40 4 9 18 12 16 75 52 63 86 62 64 46 72 65 36 88 31 95 10 51 77 66 55 79 85 21 68 28 90 35 6 43 97 99 17 34 30 3 2 33 13 91 81 58 26 93
0.32 59 31 69 79 87 11 81 34 85 84 96 3 66 1 4 0
0.47 93 57 85 35 4 27 60 89 66 34 77 39 82 23 70 94 5 62 61 30 55 40 63 64 47 38 0 86 28 42 24 76 9 84 75 21 37 79 56 52 46 14 2 29 17 65 51 41 98 22 73 92 49 13 16 36 97 3 6 18 72 7 54 10 44 95 33 58 48 90 68 91 67 32 71 81 26 15 25 53 43 96 83 1 45 50 74 99 78 87 59 11 69 80 31 12
0.48 68 33 95 73 2 58 94 57 47 93 7 31 64 89 49 27 18 20 86 34 13 43 38 35 39 56 11 1 78 46 71 9 92 81 85 17 82 61 29 45 8 26 76 96 51 77 59 70 52 3 0 65 62 21 67 10 14 60 98 28 32 25 90 74 87 15 99 79 16 97 37 69 54 22 91 30 75 88
0.54 30 15 20 65 54 27 41 1 61 9 22 96 11 4 81 71 76 64 18 85 68 8 40 19 16 44 12 39 79 7 88 50 0 52 80 89 47 43 92 21 99 90 84 36 31 87 25 78 55 34 10 5 37 83 93 3 24 67 2 63 97 29 69 60 98 94 73 17 58 32 45 91 53 48 66 77 6 51 33 75 62
0.12 79 6 0 98 47 37 24 2 60 87 69 42 27 74 18 82 31 35 71 70 95 45
0.17 80 48 32 22 91 0 31 75 11 99 71 44 90 4 94 7 41 92 54 56 51 15 40 24
0.17 43 12 39 3 60 5 61 7 58 55 46 88 11 80 38 96 10 69 2 84 49 76 93 44 71 9 30 48 81 62 52 35 36 98 22 53 18 59 78 19 25 21 82 74 34 91 45 14 90 51 97 50 56 29 20 0 42
0.94 53 57 22 31 33 0 91 8 49 75 45 36 78 62 59 64 82 99 40 27 39 25 93 47 23 70 87 12 50 1 58 92 13 2 95 44 85 89 96 30 83 15 17 20 10 84 65 48 34 51 52 19 46 60 6 4 61 56 9 55 54 72 29 35 38 43
0.05 11 37 92 69 57 76 71 42 68 39 77 73 56 9 72 91 65 2 60 80 46 41 21 95 35 29 17 79 36 66 64 27 45 70 61 51 53 49 24 43 28 44 55 25 50 48 96 81 98 13 47 85 30 5 74 31
0.48 84 12 1 77 78 46 16 26 48 91 58 66 64 34 65 70 7 45 57 40 62 49 29 76 42 90 23 94 24 18 98 85 33 5 50 8 21 2 74 14 68 63 82 20 9 43 95 37 99 67 6 61 51 3 28 88 13 15 30 81 97 41 73 87 53 86 10 31 59 71 25 60 38 89 19 36 47 93 0 83 72 32 52 96 17 11 27 44 39 35 54 69 75 56
0.43 64 74 65 37 4 13 33 55 17 35 16 12 28 80 9 18 61 5 30 66 38 8 29 59 49 0 94 67 89 40 72 25 10 44 24 98 96 84 27 91 73 15 82 20 50
0.56 76
0.01 35 63 16 8 26 88 84 94 70 39 38 56 92 1 2 13 27 51 68 34 54 55 75 97 49 11 57 44 60 72 52 3 20 64 90 22 83 5 43 45 93 98 96 58 10 48 24 32 69 77 79 85 40 6 29 15 4 46 25 81 31 33 66 91 61 73 95 89 53 37 80 12 30 9 87 21 71 65 59 42 17 67 76 62 19 82 74 47 23 50
0.50 69 5 85 0 45 20 24 29 77 4 68 62 99 10 41 95 46 98 25 72 18 61 75 79 90 89 59 58 23 78 67 50 54 93 15 74 36 76 47 17 55 31 35 87 60 66 49 70 7 52 63 84 27 14 40 32 92 9 38 97 43 56 86 91 65 8 80 44 22 64 53 13 37 57 16 42 12 83 19 30 34 51 1
0.02 23 53 35 93 89 69 79 25 73 16 32 82 59 44 87 51 92 97 29 39 78 9 77 54 81 3 36 71 67 27 84 68 43 85 28 83 98 52 2 88 74 46 0 10 45 66 65 31 91 20 30 60 96 94 37 26 48 95 15 8 4 5 55 75 49 70 18 80 47 17 12 14 57 33 64 76 63 58 13 99 42 41 62 86 38 90 61 72 7 56
0.31 93 41 19 42 51 34 14 47 55 63 95 50 9 33 90 68 4 87 84 79 67 24 45 16 13 71 2 11 17 39 23 80 49 5 43 40 12 99 44 82 86 89 72 48 81 15 57 54 85 69 62 0 1 70 30 78 77 27 59 91 8 28 64 26 18 52 32 98 7 10 58 61 36 75 88 53 38 31 66 94 25 20 35 76 97 96 3
0.73 29 47 3 55 94 15 13 65 8 69 26 1 30 67 50 9 96 27 58 20 62 56 33 79 34 25 35 46 70 57 48 80 59 93 31 66 4 36 78 88 23 76 16 82 85 0 38 71 18 40 83 63 81 49 45 28 89 87 99 42 90 5
0.75 56 29 8 59 76 35 43 21 39 38 83 77 95 65 96 44 20 57 0 33 64 18 86 69 46 2 55 60 25 49 42 45 88 4 72 97 68 93 14 61 1 40 12 94 58 50 67 41 98 63 23 27 80 99 82 30 9 16 24 87 53 3 15 78 5 62 28 22 47 51
0.24 30 39 53 33 6 76 44 80 23 37 73 1 27 74 46 17 77 57 36 34 93 70 87 59
