1 20 28 1 960.97
10 5 4 9 3 2 9 3 9 9 2 8 7 1 2 5 1 1 6 4
0.62 6 3 7 19 8 5 0 15 13 17 9 2
0.01 7 5 16 8 13 0 17 19 9 12 1 15 6 18
0.07 4 6 15
0.56 10
0.67 5 18 0 17 2
0.72 15 13 16 2 5 3 18 7 11 1 10 17 14 0 9 4 6 19
0.92 3 8 13 10 7 12 19 17 1 4 9 16 11 18 5
0.22 12 5 2 10 4 6 9 11 0 15
0.38 8 18 17 1 10 14 13 2
0.64 10 3 14 7 11 5 12 0 1 8 16 18 13 17 6 4 9
0.71 1
0.30 7 3 6 13 15 0 8 2 5 10
0.20 2
0.14 12 9 8 10 17 18 4 16 14 11 0 2 6
0.37 17 18 19 0 9 11 16 14 4 12 3 1 2 13 6 7
0.22 0 4 5 1
0.05 9 14 3 15 4 1 17 2 0 10 11 18 16 8
0.90 19 18 2 7 15 13 11 4 10 3 16
0.99 13 19 7 15 1
0.29 19 11 12 7 1 6 16 14 13 17 9 10 5 2 8 4 0 3
0.73 0 12 13 5 18 9 16 3 10 17 6 7 8 15
0.40 1 3 10 16 4 11 12 0 13 19 15
0.90 2 7 4 11 3 16 10 1 0 13 17 12 14 15 18 9 8
0.19 17 10 12 15 0 5 3 8
0.68 16 8 9 6
0.70 18
0.38 11 1 15 7 12 4 17 14 13 6 18
0.54 11 1 2 16 14 18 7 6
