1 20 28 0
1 6 7 6 1 1 6 2 3 4 10 1 1 5 9 7 3 4 5 10
0.21 6 8 0 9 5
0.86 13 19 14 18 7 1 17 15 11 3
0.23 7 1 16 8 15 4 11 5 18 10 14 12 3 2 6 9 17
0.70 7 4 5 19 8 1 12 3 6 17 16 14 2
0.12 0 14 3 7 13
0.32 16 5 3 1
0.15 15 7 1 0 10 8 6 14 4
0.72 4 17 13 16 14 19 1
0.33 10 3 6 11 9 13 2 5
0.93 4 7 12 13 15 1
0.72 9 11 15 2 8 19 5 1 7 14 17
0.76 8 14 13 1 0 4 18 17 11 7 12 2
0.66 8 19 7 3 14 16 2 13 0
0.19 4
0.12 4 8 5 3 10 11 12
0.18 4 10 6 2 15 11 5 0 12 9 3 7 14 17 13 18
0.00 4 14 11 0 12 17 1 15
0.93 9 13 12 19 2 1 18 11 3 16 15 6 14 7 5 17 4 10
0.69 15 5 18 1 19
0.26 16 2 7 3
0.75 9 12 0 19 11 2 3 8 10 13 17 4 15 7 18 16 5
0.71 0 2 14
0.46 18 9 0 4 6 14 15 5 19 1 3 17 13 16 2 10 8 12
0.05 1 15 5 9 13
0.92 18
0.09 1 15 14 13 10 18 2 4
0.36 6 5 12
0.42 5 13 2 7 8 11 18 3 9 0
