1 20 20 0
4 10 6 3 4 10 3 10 4 3 9 10 1 4 3 2 1 9 4 8
0.86 8 0 15 12 19
0.36 3 6 16 8 18 2 1 17 9 13 4 12 7
0.07 1 3 15 11 16
0.54 16 10 0 8 2
0.72 6 4 14 9 3 17
0.84 7 17 13 9 10 4
0.29 13 12 15 9 0 7 3 6 2 11 5 4 14 19 17 18
0.87 19 8 4 13 14 0 10 11 16
0.04 1 17
0.29 14
0.52 1 13 4 18 14 8 2 0 19 5
0.54 5 0 14 10 13 4 9 6 16 11 18 3 2 8
0.33 15 17 11 0 6 10 4 7 13 19 5 9 16 18 8 12 1
0.67 8 0 9 15 17
0.16 14 2 12 18 6 5 1 19 10 13
0.11 7 6 19 14 17 3 18 12 9 10 4 5 2 16
0.22 4
0.46 18 11
0.35 7 11 8 15 3 16 9 1 18 4 14 17 5
0.81 3 7 16 1 5 15 10 11 0 2
