1 20 20 1 773.9
1 6 8 4 5 2 2 1 10 3 7 10 3 2 8 2 9 4 5 9
0.78 9 11 12 10 15 14 16
0.08 7 14 0 5 16 1 19 8 12 17
0.05 12 5 1 18 15 19
0.56 19 11 18 8 6 13 10 16 3 12 14 1 7 2 15 17 0
0.40 4 11 2 6 9 14 0 19 7 1 5 3 18 8 15 17
0.62 4 15 12 5 8 1 16 0 6
0.42 11 7 6 19 17 8 3 12 14 0 1 9
0.27 10 2 8 12 1 16
0.02 9 0 3 16 5 14 11 15 13 17 4 18 1 10 12 2 7 6
0.99 18 2 12 14 9 5 1 17 16 11 8
0.76 18 3 8 16 2 5 1 0 12 11 6 7 13 9 17 4 15 19
0.15 14 5 6 11 19 3 0 17 10 12 13 1 7 4 15
0.46 6 18 12 3 8 19 15
0.49 9 19 3 2 8 14
0.84 14 0 5 15 12 1 11 19 2 3 9 6 13 10 8 16 17
0.45 19 17 8 2 9 4 1 14
0.23 15 12 4 6 16 9 7
0.31 9 12 17 7 3 5 4 2 8 6 1 13 0 10 14 16
0.43 4 15 9 0 16
0.74 17 16 1 4 6 15 0 13 5 14 7 2 19 8 11
