1 20 20 2
4 7 4 8 1 3 3 10 4 4 3 9 8 10 8 8 6 5 9 4
0.75 1 11 0 10 12 2 16 7 9 15 8 14 18 6 17 13
0.34 11 5 9 16 6 18 19
0.40 9 14 15 19 16 0 4 6 13 8 17 7 3 10 5
0.18 18 14 16 11 4 7 13 15 0
0.42 19 4 11 12 5 7 8 16 1 13 17 14 6 15 2 18 10 9
0.27 19 1
0.02 7 12 10 19 9 17 11 1 18 15 2 13 3 16 0 8 14 6
0.17 0 9 6 1 2 11 3 16 19 13 14 5
0.01 14 12 17 15 5 8 19 9
0.52 2 6 8 11 12 9 14 10 0
0.65 1 8
0.38 13 16 6 2 0 17 1 8
0.46 8 10 18 15 19 2 16 6 4 11 1 14 5 9 12 0
0.61 6 4 9 8 10 2 1 16 17 18 14 15 3 7 19 12 0 11
0.94 5 10 12 18 11 3 1 4 7 19 8 13 14 15
0.04 19 13 10 12 8 0 16 11 17 14 9 3 4 1 5
0.60 7 5 17 8 19 0 6 11 1
0.33 9 13 14 3 10 6 4 8 2 5 17 11 12 7 15 1
0.80 15 1 3 7 13 18 5 16 19 4 11 9 10 2 17 14
0.11 13 12 1 15 9 16 7 6 4 11 8 5 14 19
