1 20 28 2 1218.85
2 8 3 2 8 6 8 4 1 9 10 10 5 1 7 2 8 9 9 6
0.47 11 15 10 14 4 16 19 13 0 3 6 17 8 2 12 18
0.05 19 18 1 6 9 2 10 5 17 7 15 11 14 16
0.74 6 14 1 13 17 8 10 2
0.61 2 13 19 15 14 12 9 3 18 8 11 6
0.74 18 2 13 6 19
0.88 8 13 3 4 2 10 15 18 0 9 6 16 11 7 5 17 12
0.79 16 18 12 9 7 14 13 2 4 5 15 11 19
0.74 6 13 17 0 18 16 10 7 8 14 9
0.11 12 7 16 2 1 10 9 5 4 17
0.40 13 5 15 16 8 19 3 18 4 2 6 10 11
0.11 5 18 3 4 1 15 17 7 13 19
0.66 14 11 8 7 13 19 15 6 2 3 16 10
0.15 13 1 3 2 18 14 5
0.06 13
0.26 11 2 16 7 9
0.22 17 6 16 12 0 9 5 14 11 1 10
0.25 3 6 12 2 9 19 18 16 11 13 10 7
0.82 12 15 18
0.48 16 8 14 18 1 2 17 19 10 6 3 13 5 0
0.25 18 2 8 15 4 11 12 13 7 10
0.71 2 9 8 13 6 0 3 11 5 4
0.72 15 18 1 17 7 8
0.18 7
0.30 16
0.50 17 7 1 13 10 3 5 19 2 18 15 8 4 9 12 0 16 6
0.78 14 13 17 5 2 3 4 7
0.95 14 5 6 0 11 19 18 16
0.10 7 15 12 4 1
