1 40 24 0
10 6 2 2 7 1 10 9 4 5 7 6 6 7 3 5 3 5 6 10 8 7 7 3 2 7 8 7 8 4 6 7 5 5 7 7 7 3 6 6
0.72 38 33 10 8 20 21 11 27 5 28 37
0.29 21 24 18 30 2 20 4 39 13 0 25 22 7 26
0.64 21 29 2 8 22 33 17 26 6 19 14 30 34 10 24 11 16 23 20 9 5 13 3 7 4 36 28 0 25 27 12 39 37 15
0.69 21 9 26 39 30 25 14 24 8 2 23 5 33 11 36
0.76 32 21 26 8 25 37 18 27 33
0.83 10 2 33 14
0.67 25 29
0.46 15 38 32 24 7 39 35 29 16 37 34 6 4 21 12 22 19 10 14 8 20 33 2 5 0 30 13 1 36
0.12 31 10 13 1 23 33 30 28 15 24 25 16 21 37 2 27 34 39 11 8 32 6 36 18 7 35 38 0 12 26 19 14 17 4 20 29 3 22
0.34 29 14 12 21 2 31 39 36 34 37 5 22 0 30 24 26 7 38 27 25 8 20 1 11 10 32 4 6 17 28 23 18
0.70 12 36 34 8 19 18 28 9 35 21 38 1 37 13 10 27 29 32 16 3 23 6 33 7 22 11 30 24 4 5 15 2 0 17 20 39 14 25
0.19 15 33 11 30 32 28 35 4 13 2 39 31 9 24 36 1 5 19 37 20 34 23 21 26 22 0 25 6 3 18 14 10
0.59 7 17 9 19 22 12 15 4 20
0.04 15 9 29 34 19 32 7 0 13 1 28 20 14 30 10 31 27 5 4 24 36 6 35 22 37 18
0.14 34 12 20 21 24 19 3 17 15 32 27 25 38
0.83 38 28 5 37 12 11 15 31 16 36 9 26 33 23 1 14 27 35 39 10 21 13 30 19 22 29 6 8 3 7 0 17 24 20 18 4
0.74 34 5 27 39 2 26 14 28
0.93 4 10 33 7 13 14 11 32 9 30 20 31 0 35 25 8 21 24 17 12 37 39 3 36 34 23 27 19 6 15 28
0.38 28 31 30 14 16 15
0.39 30 2 0
0.00 15 23 30 28 32 36
0.44 37 5 18 12 17 13 31 22 11 23 2 35 24 8 14 25 10 7 34 30 28 6 20 21 19 15 36
0.26 39 37 6 3 29 4 11 38 24 18 36 2 5 16 8 15 12 27 9 26 35 23 10 19 0 20
0.56 13 11 5 19 12
