1 40 56 1 4540.49
10 5 3 7 2 5 7 2 5 10 1 2 8 6 3 3 4 1 5 7 6 5 2 7 9 4 7 10 8 10 8 4 1 6 5 6 8 1 10 6
0.45 25 32 2 7 4 3 24 0 39 26 20 36 38 17
0.02 27
0.15 7 20 39 15 21 22 23 18 5 17 35 13 16 8 11 29 12 14 25 34 6 2 1 3 32 38 28 0 19 31 36 4 30
0.53 10 26 25 24 28 34 11 8 2 17 33 5 15 19 6 7 0 12 39 20 37 1 22 38 4 36 14
0.84 27 19 17 34 5 22 35 39 2 37 14 0 36 26 23
0.75 3 23 38 36
0.58 5 23
0.04 35 26 31 14 3 21 17 38 18 5 32 12 2 20 33 28 30 15 11 29 4 27 16 8 10 13
0.10 36 26 29 12 17 6 9 10 24 11 22 16 20 7 34 31 15 38 32 27 30 1 5 8 2 3 0 19 23 25
0.39 14 19 27 11 17 1 30 33 4 36 24 9 6 7 26 0 29 39 38 8 5 18 37 12 2 16 25 28 22 13
0.90 35 11 28 5 8 33 32 22 26
0.02 5 12 2 1 0 34 24 3 25 19 37 11 21 27 23 18 14 13 39 32 9
0.86 16 7 25 18 20 30 37 32 1 21 11 12 4 3 34 14 39 17 26 29 9
0.29 5 24 18 19 21 30 15 39 14 6 2 12 36 34 17 7 3 0 29 10 26 9 16 1 22 37 27 35
0.70 23 39 27 37 7 16 35 18 3 31 2 1 9 4 19 13 34 32 15 38 33 26 11
0.03 11 36
0.26 25 15 34 14 32 3 10 31 8 30 24 33 7 35 0 16 23 20 13 27
0.55 36 13 33 25 9 35 12 7 5
0.91 17
0.09 25 14 20 13 17 16 27 10 4 12 22 39 36 26 0 8
0.95 32 26 20 12 27 9 15 5 14 38 19 25 37 16 17 33 4 21 2 3 11 24 29 18 1 39 13
0.99 8 21 2 36 30 25 32 16 33 15 22 19 28 27 38 0 9 26 1 6 12
0.84 17 33 24 13 37 12 30 20 22 34 8 29 9 23 26 18 10 3 11 4 2 19 16 21 39 32 5 31
0.59 35 16 24 1 15 19 11 30 18 6 17 37 23 39 12 32 3 8 22 38 26 0 20 5 36 13 25 29 31 21 7 10
0.32 36 28 35 27 2 32 8 11 30 1 3 13 34 10 20 7 38 21 0 22 5 12 18 33 24 39 14 6 16 4 31 9 23 15
0.67 29 14 30 36 32 8 21 12 31 10 27 15 16 26 25 5 39 2 7 24
0.88 35 5 23 32 22 17 38 15 3 13 33 34 8 2 37 19 9 6 21 14 28 18 20
0.68 8 22 35 39 4 18 17 0 13 27 36 32 6 10 34 11 1 9 14 21 12 31 29
0.26 39 36 0 12 38 3 20 5 26 37 8 18 27 1 14 6 34 25 10 9 7 23
0.14 31 4 34 6 16 9 38 35 26 25 33 10 27 0 17 39 19 5 23 30 13 29
0.13 21 4 33 24 30 23 12 28 17 1 34 3 2
0.75 18 8 33 22 26 0 10 14 27 23 7 28 29 20 2 3 11 36 17 32 16 25 30 13 31 9 34 37 19 24
0.52 4 32 24 18 35 34 25 0 1 17 7 33 26 23 8 20 29 30 13 37 19 3 28 14
0.07 10 21 37 39 7 32 5 30 36 1 34 29
0.28 25 32 18 27 0 9 16 6 11 39 34 1 23 13 20 2 14 4 28 12 15 37 8 22 31 29 21 38 30 3 19 5 7 24 35 36 17 33
0.19 22 34 4 5 11 25 38 8 36 32
0.03 17 24 11 15
0.17 28 23 31 9 35 5 15 25 4 29 20 12 16 18 22 37 13 30 14 19 17 33 27 11 38 26 24 32 36 3
0.76 7 32 35 30 28 25 33 21 37 13 18 11 6 39 0 16 23 5 9 3 2 15 12 4 29 34 10 26 8 20 36 14 1 38 27 17
0.37 10 33 2 18 3 31 16
0.76 36 19 5 37 18 17 1 16 3 35 0 7 34 29 23 12
0.32 11 15 1 3 38 39 27 14 6 9 35 8 2 31 26 19 20 25 17 28 0 34 4 32 12
0.19 28 23 32 12 20 27 1
0.99 22 14 9 15 11 3 26 31 32 33 39 36
0.42 29 11 35 5 18 27 31 9 39 28 33 24 25 26 36 32 17 16 12 13 20 30 7 34 37 8 38 14 22
0.14 30 17 39 5 35 0 33
0.07 1 35 25 4 36 24 26 3 9 13 16 37 2 18 30 27 28 22 6
0.39 5 31 33
0.65 18 1 6 30 39 7 21 25 13 38
0.75 2 15 39 36 8 10 6 16 31 37 28 27 11 3 22 33 14 12 32 25 35 17 1 38 4 18 29 34 26 24
0.59 26 8 17 28 39 32 2 6 4 27 11 15 24 3 13 18 30 14 19 7
0.80 17 22 21 10 19 4 38 12 24 37 20 8 16 28 14 26 11 9 6 30
0.52 38 33 20 23 7 0 5 17 31 22 8
0.73 15 35 16 27 34 7 30 21 2
0.02 37 18 30 36 10 9 12 3 27 19 24
0.41 25 13 18 3 29 5 12 32 22 14 7 10 16 36 31 30 2 27 9 34 21 20 23
