1 40 56 0
7 2 3 5 5 8 1 7 4 1 3 10 5 2 1 9 9 3 10 6 2 7 4 4 2 6 10 7 1 8 1 5 3 3 1 2 10 9 8 10
0.19 29 14 16 24 13 8 11 17 6 20 10 23 7 32 5 0 18 22 27 26 9 3 35 25 21
0.17 6 19 1 9 8 5 3 2 18 14 32 16 7 21 15 23 17 4 11 37 12 31 34 0 24 25 29 33 35 26 28 27 10 20 30
0.65 4 32 20 9 16 18 28 12 10 22 11 5 36 31 6 33 34 14 0 17 8
0.58 23 39 21 38 26 8 31 13 12 0 14 20 15 22 5 11 34 10 30 3 32 17 18 33 37 1 4 7 24 29 35 6 9 27 16 2 28 25
0.53 33 27 24 20 19 35 8 34 16 13 7 10 25 0 2 3 32 6 12 29 9 14 31
0.42 12 35 2 20 23 31 8 10 13 24 16 18 33 19 21 32
0.42 6 23 10 36 17 37 29 19 22 32 38 25 7 35 39 2 9 24 12 4 30 1 31 21 5
0.50 32 12 5 17 38 1 22 16 28 8 9 21 35 3 36 7 27 15 4 11 33 37 20 24 6 19 14 10 30 26
0.13 4 27 38 3 16 31 24 13 15 28 19 17 32 12 6 7 35 9 11 34 5 18 25 0 10 36 26 2 21 29
0.05 14 23 28 25 33 19 31 34 30 2 3 39 15 11 24 9 0 20 37 8 12 32 35 17 6 22 4
0.37 28 25 7 14 38 2 21 23 4
0.99 21 33 24 34 10 12 11 36 3 4 2 19
0.57 39 5 26 8 33
0.44 28 31 3 12 5 33 21 38 34 8 29 4
0.57 3 10 26 19 9 24 4 29 13 21 31 2 22 37 8 17 34 30 18 6 25 23 12 16 28 27
0.88 14 34 1 31 3 37 29 8 30 35 16 21 32 22 36 15 11 17 2 28 5 18 26 33 0
0.32 14 17 8 29 28 32 2 0 34 26 18 13 20 21 35 30 10 1 25 19 37 31 33
0.81 18 25 21 35 22 13 12 39 27 23 7 20 1 30 3 5 11 29 26 2 4 24 17
0.12 13 15 9
0.40 37 1 33 22 9 14 30 24 25 19 11 35 10 21 28 3 36 17 6 15 20
0.28 19 23
0.05 30 27 32 14
0.64 25 22 36 1 17 24 16 14 38 18 27 23 21 26 39 31 28 15 3 4 20 2 10 32 29
0.28 9 34 31 5 17 26 8 12 11
0.44 28 29 34 23 15 3 16 14 7 27 20 21 17 19 37 24 12 9 11 33 32 35 1 25 6 4
0.54 28 36
0.45 15
0.21 31 17 24 16 1 8 21 22 38 35 7 5 0 18 33 12 37 34 11 36 25 30 20 23 10 13 29 15 4 26 14 6 19
0.65 24 38 36 32 29 22 39 37 6 16 11 18 0 1 15 20 10 8 33 4 5
0.95 26 39 31 1 15 20 13 10 7 33 5 28
0.35 9 6 39
0.41 35 17 11 18 25 8 36 22 28 19 38 6 13 16 1 20 31 39
0.69 17 10 25 11 18 37 32 35 19 28 13 0 2 23 36 33 22 4 14 9 5 20 24 29 30 27
0.10 20 16 26 9 18 11 22 5 0 27 21 17 1 10 34 35 31 2 24 4 25 19 14 30 15 3 8 37 33 12
0.38 38 30 14 18 12
0.27 19 34 9 35 3
0.94 27 28 0 6 11 33 2 29 18 37 32 3 24 35 13 31 22 30 14 19 4 23 1 17 8 25 16 20 10 26 15 39 5 36
0.76 9 13 17 12 11 28
0.14 1 29 27 15 39 24 11 26 30 7 18 32 25 38 23
0.38 5 1 13 11 8 6 37 30 14 23 21 38 24 35 3 31 39 26 18 17 19 33 15 20 32 22 4 36 10 29 34 9 2 7 12 28 25
0.74 20 25 21 34 13 36 17 19 38 15 8 10 24 4 14 29 1 26 6 39 0 16 32 12 3 37 18 28 11 33 23 7 27
0.61 27 12 33 2 1 26 8 6 19 24 30 10 3 28 7 22 11 21 17 4 20 32 39 15 23 37 25 35 16 18 5 31 0 34 14 38 13
0.25 10 35 15 29 14 1 0 33 34 32 16 17 22 11 21 31 37 19 8 9 7 18 2 26 24 30 12 25 5 13 39 23 36 4
0.28 38 9 16 34 7 10
0.17 4 31 23 16 37 25 5 22 10 11 34 26
0.69 11 7 5 13 25 22 34 15 8 4 16 0 19 29 10 1
0.89 29 24 8 34 27 25 9 35 5 30 16 10 14 31 22
0.43 24 5 9 11 13 39 34 16 10 29 26 0 22 6 36 30 17 37 38 15
0.05 31 2 10 3 15 11 4 6 32 33 7 16 24 28
0.96 26 17 21 29 30 24 11 13 2 33 22 35 28 3 38 14 9 34 15 8 39 5 6 31 4 37 20 16 25 18 1 0 36 12 27 19 7
0.73 39 14 0 11 26 25 38 24 22 13 10 19 33 2 32 15 18 34 1 36 5 8 12 17 31 16 30 35 6 3 27
0.81 9 34 15 23 4 19 17 7 38 18 29 28 24 0 16 14 8 20 5 12 21 25 26 3 33 11 10 35 13 22 30 36 32 1 31 2
0.23 17 35 31 12 32 1 9 39 38 22 20 24 16 14 11 2 7 30 28 37 15 33 26 0 10 27 34 29 25
0.64 7 18 12 6 4 35 14 8
0.43 9 16 19 18 36 21 23
0.98 13 9 11
