1 40 24 1
3 10 5 1 7 3 8 10 9 10 6 9 4 10 9 1 1 9 3 10 8 3 9 3 1 9 4 7 9 10 10 8 2 2 2 2 6 3 7 10
0.39 13 7 31 36 8 3
0.94 37 25 4 20 31 32 3 10 17 30 8 19 1
0.70 1 15 9 23 5 21 19 17 3 39 30 28 14 37 4 38 25 8 12 36 26 16 29 0 7 22 35 10 31 11 34 24 33
0.07 1 14 11 26 0 16 10 21 18 2 31 33 30 6 22 25 17 28 19 27 36 12 34 38 4 8
0.33 37 28 35 23 5 12 25 6 15 17 24 20 0
0.32 2 19 31 39 21 37 0 7 23 34 4 32 28 6 38 35 27 9 17 26 33 11 14 16 12 13 20
0.65 29 6 28 39 0 5 23 31 9 24 27 10 33 37 3 19 32
0.66 19 36 12 15 14 2 25 37 18 33 3 22 13 4 17 30 32 7 29 0 23 39 6
0.83 10 26 28 20 27 3 5 14 25 17 35 32 9 13 24 4 0 19 38 37 15 23 7 22 11 12 2 39 33 34 31 16 6 36 8 1 21
0.61 13 10 30 15 4 22 33 7 6 37
0.03 13 36 4 27 24 39 7 18 2 34 14 19
0.34 2 15 22 30 29 32 17 36 11 6 20 31 38 39 21 28 3 0 4 19 1 12 10 35 33 7 5 16 13 27 25 24 8 23 9
0.09 38 33 23 24 7 28 34 20 5 18 27 12
0.79 39 29 5 9 24 11 33 38 6 16 26 34 12 32 19 0 18 17 27 10 31 30 15 25 28 23 7 13 8 22 36
0.86 11 26 23 34 9 5 25 17 28 14 24 13 20 21 36 18 32 39 30
0.94 6
0.55 7 20 21 15 31 22 34 38 10 19 14 23 28 26 35 2 11 13 6 27 8 1 4 30 12 33 36
0.66 30 11 34 3 35 12 2 28 23 31 27 39 20 32 17 15 18 38 21 0 16 8
0.93 12 14 4 25 18 27 7 32 31 38 39 13 23 37 8 3 29 21 15
0.02 29 15 34 11 25 31 9 27 19 4 18 10 6 30 14 28 12 16 33 26
0.62 4 36 26 0 37 23 31 12 6 18 14 10 27 39 38 17 2 3
0.53 35 11 5 34 24 10 27 1 23 14 6 31 19 22 20 21 16 28 13 0 3 32 36 30 26 9
0.08 20 28 29 37 35 33 6 11 8 25
0.51 9 25
