1 40 40 1
1 10 2 3 10 9 10 9 5 7 6 9 2 7 9 10 8 5 1 9 4 9 6 6 1 9 7 3 5 6 7 8 7 5 10 9 10 8 3 1
0.03 18 34 19 15 16 3 30 7 2
0.88 1 5 37
0.19 34 0 11
0.28 0
0.79 35 36 7 5 1 10 37 38 17 27 3 33 32 12 15 11 30 21 28 16 6 39 20 4 2 34 19 0 13 23 22 25 29 26 8
0.83 20 36 26 9 28 11 27 25 18 31 23 16 24 4 14 8 21 10 15 35 30 17 6 5 13 29 7 3
0.82 30 14 24 33 10 20 21 15 5 39 11 28 18 2 13 23 29 17 27 26 3 19
0.33 14 29 1 34 26 7 19 11 5 30 33 20 21 36 4 24 18 12 31 3 8 28 17 32 16 23
0.13 34 6 24 21 11 30 14 36 33 10 7 18 15 8 29 0 12 1 39 32 3 35 26 2 37 27 38 5 9 19 31 20 13
0.70 37 3 36 9 18 35 22
0.17 11 15 8 12
0.89 24 36 37 6 2 39 20 15 33 21 26 4 38 9 17 7 22 1 28 8 14 30 3 29 12 11 27 13 19 31 5 18
0.17 36 20 19 23 21 33 6 4 18 38 7 14 8 25 32 30 39 24 15 3 35 28 2 29 22 0 12 34 27
0.92 26 10 6 9 7 31 35 23 24 19 25 29 8 13 34 1 30 12 11 3 39 21 14 2 5 22 0 33 36 18 27 15 17 38 28 32
0.50 24 23 13 15 16 32
0.42 23 14
0.18 17 19 21 5 24 32 36 6 31 18 26 2 15 39 20 4 7 29 13 11 33 38 30 0 25 3 16 28 1
0.48 18 25 26 21 23 6
0.61 34
0.49 27 34 25 38 37 32 13 12 14 23 26 20 22 6 39 7 4
0.46 33 28 9 31 10 15 1 39 35
0.08 9
0.35 27 20 28 1 35 10 21 26 23 4 19 7 15 22 24 33 6 32 5 36 18 37 34 25 0 9 11 39 17 38 8 16 30 2 29
0.34 7 34 13 29 31 23 33 39 27 37 15 22 28 16 18 32 38 3 0 6 17 4 25 36 20 19 11 35 1 2 12 24 9 26
0.47 30
0.86 4 32
0.79 33 5 9 15 12 34 26 1 36 20 32 2 10
0.45 12
0.55 29 24 21 26 30 25 4 22 32 27 13 19 36 15 3 28 11 38 17 8 9 12
0.69 14 4 16 31 39 9 38 23 36 28 35 19 27 12 7 11 10 32 17 22 6 15 3 29 13 24 0 2
0.57 0 16 21 33 34 13 35 17 31 30 20
0.40 35 13 16 20 2 5 10 14 34 31 6 36 0 33 4 8 17 1 22 24 30 37 27
0.51 16 29 39 5 27 13 34 9 17 14 0 20 18 22 31 25 28 11 30 26 36 7 8 2 38 15 33 23
0.99 3 39 17 19 9 25 27 6 23 16 2 24 15 22 8 18 31 11 14 10 29 1 28 26 37 32 0 36 34 12 4 33 35 30 20 5
0.81 18 29 27 32 14 20 13 4 25 17 0 15 26 28 5 37 22 16 10 11 6 21 23 34 36 24 1 30 35 3
0.94 37 27 36 19 17 34 23 35 22 31 2 33 38 21 1 29 8 26 7 10 3 20 28 9 0 24 12 16 11
0.67 8 24 20 7 34 35 16 12 2 22 19 23 14 13 0 26 25 10
0.64 10 8 14 31 5 39 23 1 20 2 9 29 13 21 34 6 22 3 33 32 30 11 38 12 28 19 35 36 4 17 27 15 25 18 37 26 16
0.49 16 20 7 38 37 1 15 31 12 9 21 35 24
0.95 7 17 30 23 38 20 31 35 11 39 4 22 25 10 34 21 3 5 18 12 26 15 37 33 14 28 2 13 19 36 0 1
