1 40 40 0
3 6 9 9 6 7 7 7 3 10 5 9 7 3 3 1 6 4 9 5 4 6 9 10 2 6 3 5 5 5 1 2 7 7 4 9 5 5 8 1
0.73 16 0 17 32 8 26 5 12 7 2 10 18 3 27 15
0.11 30 0 31 2 28 21 35 19 13 16 11 37
0.69 8 23 4 27 29 10
0.38 12 19 18 20 36 34 1 0 31 30 4 15 10 25 16 21 5 37 13 27 7 28 11
1.00 6 22 16 34 38 36 24 39 31
0.06 30 3 26 36 34 19 25 7 38 31 22 20 14 4 16 39 33 21 15 37 2 24 18 23 10 28
0.37 2 20 11 35 33 32 10 1 7 5 39 18 15 12 14 4 26 28 29 21 27 25 13 6 22 34 30 23 9 36 19 3 17 37 38
0.77 38 1
0.84 9 10 3 2 4 35 20 31 23 34 15 33 14 25 0 7 26 11 18 13 28 19 5 24 1 21
0.68 27 29 28 0 23 17 20 37 3 10 34 24 12 16 39 25 9 6 13 2 32 15 19 38 11 14 7 21 18 36 26
0.64 22 8 0 34 3 30 18 10 36 37 32 16 6 23 1 24 4 25 20 5
0.20 12 13 7 17 20 4 23 28 36 1 30 31 9 11 37 5 16 25 15 21 33 3 22 19 39 8 18 24 26 10 27 2 29 32 14 0 34
0.12 0 1 24 33 25 10 35 6 32 12 36 14 39 17 22 8 19 29 27 2 4 3 26 30 13 37 5 38 31 9 16 34 21 11 20 15 23 18
0.10 2 32 15 35 8 23 13 38 19 39 34 1 22 16 18 5 14 37 20 11 7 28 3 26 36 10 21 24 4 12 30 9 6 0 27 17 31 25
0.97 5 13 15 32 23 18 12 2 26 1 27 35 36
0.09 14 37 31 18 26 36 30 10 24 35 7 13 2 15 32 9 19 34 25 5 38 20 6 17 1 23 0 21 39
0.34 20 0 21 24 36 1 38 22 5 29 39 13 30 31 26 9 6
0.38 1 22 9 19 6 8 20 31 35 3 17
0.20 1 4 19 22 3 34 17 24 8 29 38 7 26 0 39 32 15 31 18 2 28 21 35 5 10 20 36 12 30 11 6 9 16 37 27 13
0.85 32 19 15 30 26 5 11
0.82 2 7 35 13 4 22 25 30
0.32 3 20 23 18 11 33 26 1 32 5 31 25 34 22 35 29 27 15
0.20 14 7 23 22 19 35 28 38 26 11 0 5 16 15 3 25 18 27 34 4 30 32 37 33 13
0.69 2 30 29 6 39 27 23 0 26
0.42 31 16 28 24 35 10 9 25 3 12 1 13 22 20 29 4 7 8 11 26 21 27 5 34 6 37 19 17 32 30 39 38 18 0 15 36
0.11 0 2 25 14 16 34 35 8 4 18 22
0.79 21 25
0.53 11 24 8 7 23 25 20 27 1 0 13 39 33 31 3 2 28 37 38 21 12 32 34 5 15 16 35 6 17
0.56 7 22 0 39 29 26 20 13 2 35 3 8 25 1 5 11 18 10 36 38 28 23 9
0.51 9 12 21 22 17 15 39 37 35 6 14 0 11 1 4 33 19
0.52 1 34 16 13 31 0 4 6 14 20 38 37 8 36 18 9 23 12 11 29 2 25 17 32 33 27 19
0.96 8 5 37 14 28 25 23 13 10 0 7 29 36 20 30 26
0.73 22 8 10 11 29 39 31 2 9 17 14 24 20 15 33 35 4 21 6 34 3 28 13 1 19 26
0.56 24 17 1 33 28 12 13 39 19 6 0 2 3 20
0.75 25 0 21 15 31 24 19 3 11 27 20 18 29
0.46 18 2 5 19 1 37 21 4 8 10 30 24 23 11 16 34 15 29 25 27 20 38 32 31
0.57 3 30 2
0.09 29 27 39 25 30 34 35 12 4 28 37 3 16 10 21 8 32
0.11 28 3 23 22 17 4 20 5 29 36 31 6
0.70 0 36 26 5 33 32 2 37 15 9 10 35 12 25 29 4 30 20 7 39 6 19 18 11 28 16 14 24 21
