1 40 24 2 2143.4
5 4 2 3 4 7 4 8 4 10 5 6 10 6 8 5 1 1 6 7 5 5 5 10 9 8 2 3 10 1 8 9 5 5 9 9 10 10 6 6
0.55 15 28 8 7 25 38 20 21 9 5 35 12 10 27 22 36 11 23 4 17 13 34 32 37 29 14 3 30 16 18 0 33 24 31 26 2 39 6
0.37 9 24
0.73 1 6 33 9 16 2 19 32 18 21 24 4 0 39 8 31 38 14 22 13 30 11 29 23 20 37 26 7
0.68 21 8 29 39 14 30 16 32 35 2 38 18 11 6 34 26 19 0 36 17 3 20 15 27 25 7 12 10
0.95 13 28 24 18 22 39 2 25 6 8 29 31 15 4 26 10 21 17 0 38 35 14 19 1 32 30 3 37 36 34 16 7 5 20 9 23 11
0.30 8 30 33 36 26 24 16 1 21 31 7 0 4 3 39 23 17 20 25 11 28 10
0.34 6 10 21 36 34 14 19 23 24 20 15 7 37 32 11 3 27 31 39 16 30 28 5 25 26
0.76 0 35 32 5 16 23 36 18 9 37 21 6 28 33 34 29 30 13 20 22 27 12 11 17 39 19 14 15 2 8 38 31
0.50 11 1 33 10 17 24 37 25 39 13 22 27 8 6 38 0 2 18 16 32
0.83 6 32 26 23 29 2 4 37 15 30 13 17 22 8 0
0.05 5 21 8 30 16 6 19 14 32 26 2 39 34 25 23 28 4 22 7 37 36 29 11 31 0 10 38 9 35 27 17 33 12 3 15
0.35 18 25 9
0.94 25 19 36 9
0.31 21 15 8 38 29 26 37 35 4 20 10 14 6 34 18 7 13 2 5 25 9 31 27 3 28 24 17 16
0.48 18 27 35 1 7 29 3 39 9 20 12 15 32 38 4 23 30 19 25 33 11 10 2 36 6 0 28 21 17 26 5 16
0.44 28 21 33 18 22 8 7 4 35 26 31 10 16 20 37 34 12 9 32 36 17 15 24 13 3 11 39 14 0 23 2 30 6
0.72 1 31 0 37 15 5 36 27 34 9 35 21 7 25 10 28 6 12 24 32 16 22 33
0.47 0 12 30 33 23 9 34 36 24 14 13 26 18 31 11 1 5 19 10 38 25 2 16 3 22 29 17 39 35
0.46 33 37 18 20 26 28 30
0.07 8 10 15 16 22 27 14 18 11 2 30 38 13 33
0.67 7 18 8
0.35 15 30 7 18 5 33
0.02 26 35 7 21 20 34 10 19 0 11 6 36 27 15 33
0.91 32 36 34 37 26 15
