1 40 56 2 4704.49
6 2 6 8 8 9 6 6 9 7 1 1 2 2 8 2 10 6 3 5 4 5 3 1 6 5 7 6 2 2 9 5 1 5 8 10 5 3 7 9
0.69 0 25 37 34 36 16
0.82 29 10 14 11 16 4 30 32
0.64 28 15 26 27 39 14 33 37 21 36 5 6 9 17
0.93 30 10 18 29
0.95 14 38
0.61 19 7 4 17 38 29 11 0 12 33 26 31 13 20 14 23
0.22 28 4
0.20 21 6 27 10 32 9 31 15 17 33 8 26 14 19 37 12 7 30 20 28 11 18 24 29 2 25 13 38 3 35 4 23 16 22 0
0.73 15 38 33 32 16 37 17 18 6 28 34 31 20 1 35
0.78 34 29 15 27 26 25 39 30 17 1 38 9 35 20 22 12 7 0
0.54 8 23 34 11 25 13 12 7 5 19 16 4 22 27 26 18 15 24 31 28 30 38 32 20 1 17 2 10 21 6
0.40 35 28 8 30 15 12 21 5 34 32 22 7 18 10 37 13 0 6 39 23 2 14 27 33 20 1
0.17 10
0.84 15 0 36 27 3 20 28 5 22 19 25 13 37 11 2 24 23 14 12 39 10 32 34 17 21 33 8 26 6 16 31 35 30
0.40 13 26 34 6 30 28 8 25 32 36 29 0 10 11 23 15 1 2 37 31 16
0.37 16 9 24 38 2 1 37 0 36 4 26 12 27 18 7 8 13 25 14 28 22 39 34 31 32 33 21 20 5 29 15 11 19 10 17
0.20 21 0 26 33 1 14 39 2 32 5 31
0.39 32 23 30 16 39 14 38 3 10 1 9 22 6 27 18 24 5 11 33 0 2 25 35 28 21 26
0.18 39
0.80 26 15
0.63 39 21 15 27 29 33 30 38 14 35 32 6 37 13 22 7 34 2 28 23 10 0 3 12 26 5 11 31 18 16 19
0.95 20 4 14 16 37 35 12 13 5 27 24 6 0 29 23 18 11 33 39 32 10 1 2 26 38 8 3 19 22 34 15 9 17
0.49 20 37 34 5 8 27 21 13 16 30
0.28 2 31 38 34 28 4
0.68 21 35 12 8 32 22 16 28 24 18 14 6 37 38 4 36 15 19 0 23 20 26 13 2 39
0.22 0 22 33 9 13 2
0.57 22 30 13 14 1 2 8 37 16 23 10 20 32 7 24 25 28 15 6 36 5 18 19 26 27 35 38 39 31 29
0.42 37 29 4 36 3 12 34 15 21 11 23 9 32 24 39 16 10 30 31 25 7 8 35 5 27 22 38 14 0
0.68 34 0 35 2 20 10 16 3 29 30 5 39 17 1 24 19 27 36 26
0.51 8 19 2 36 4 39 9 15 21 20 24 28 1 12 13 32 23 17 22 31 29 38 37 11 3 34 16 26 14 25 35 33 18 6
0.91 16 18 35 17 6 38 26
0.59 26 33 18 11 2 30 0 27
0.77 23 17 31 15 29 39 24 3 28 33 10 13 7 8 36 34 2 1 18 12 14 32 11 25 27 0 21 9 6 26 20 22 16 4
0.58 7 21 14 25 29 30 33 16 20
0.61 14 26
0.76 8 24 14 39 4 11 18 7 33 1 23
0.76 14 20 15 13 12 39 24 4 17 18 22 5 11 8
0.31 19 39 7 29 16 0 15 6 38 10 27 31 1 26 4 13 14 2 33 37 3 23 24 18
0.25 9 38 16 14 17 33 24 1 18 19 21 0 7 3 10 8 4 15 30 20 27 32 25 6 23 31 29 36 28 37 12 2
0.14 32 35 30 6 20 27 5 18 37 31 24 19 26 11 29 13 17 4 14 8 22 10
0.54 16 30 20
0.09 27 29 22 23 38 2 9 25
0.99 27 39 19 25 0 3 29 36 26 33 37 32 16 9 5 30 22 28 18 4 17 20 38 13 6 14 35 10 2 7 34 31 15 23 12 24 8
0.46 1 6 8 19 13 31 38 18 17 3 5 15 12 21 34 30 20 32
0.60 0 21 31 12
0.89 8 35 33 20 22 39 23 37 10 32 21 28 0 25 4 5 7 3 16 14 30 2 24 19 38 1 13 29 9 18 34 12 26 11 17 36
0.02 7 19 23 13 1 24 28 10 38 27 16 29 31 39 0 8 26 37 18 4
0.84 39 24 38 0 8 15 28 25 7 12 17 35 22 4 26 14 32 33 16 2 9 5 20 36 31 18 21 29 6 13 23 34 27 10
0.18 10 8 28 15 35 3 13 37 12 22 25 5 19 17 39 7 24 30 18 14 20 1 33 21
0.21 1 28 9 38 20 18 5 3 16 13 39 25 32 37 29 0 27 11 8 14 31 15 35 6 22 33 30 10 24 21 34 4 2 17
0.26 25 31 26 1 38 4 16 33 5 6 19 8 22 27 21 36 11 7 3 15 32 14 9 17 10
0.05 9 11 38 19 3 6 27 23 34 8 30 25 17 20 5 14 7 1 26 18 22 15 36 13 39 35 29 2 31 4 24
0.99 22 23 9 16 17 12 20 37 5 7 29 32 10 6 8 14 25 28 38 4 27 0 34 36 11 18 2 33 3 13 39 35 19
0.13 33 7 18 14 36 15 3 11 25 30 38 20 39 5 0 32 24 22 27 12 10 8 34 2 16 21 28 4 31 1 19
0.92 31 30 6 11 27 10 23 35 20 0 39 17 32 7 36 3 21 25 34 18 15 13 38 5 14 33 8 37 4 29 1 16 24 12 9
0.69 29
