1 40 40 2 2658.13
9 1 7 5 5 5 4 9 1 3 10 3 2 7 9 2 9 4 10 3 9 1 7 1 8 10 7 8 5 1 10 1 9 9 1 3 8 1 3 7
0.38 30 0 33 29 5 6 16 19 39 17 11 38 9 4 2 28
0.75 20 19 36 32 4 10 27
0.62 37 35 10 22 5 29 39 19 28 12 15 4 27 3 7 11 14 20 31 2 26 25 0 6 23 32 34
0.35 12 33 19 10 28 7 26 17 25
0.96 18 9 28 6 31 10 24 4 39 35 3 23 15 36 17 0 37 13 11
0.68 25 23 33 34 28 6 2 0 21 37 29 8 27 24 11 3 38 32 18 22 7 36 26 14 9 31 17 12 20 4 30 16 1 35 15 10 19
0.53 16 39 3 14 15 24 26 37 6 7 29 28 5 10 36 9 17 23 12 13 22 2 27 20 8 4 25 11 30 1 33 19 38 35 34
0.18 26 2 4 6 35 19 18 39 33 3 38 36 17 7 28
0.15 7 13 9 1 39 10 28 15 0 35 4 25 14 37 19 12 8 16 20 24 21 26 22 2 31 23 3 33
0.06 8 39 10 11 12 36 14 35 19 32 15 6 24 5 18 21 23 17 38 7 16 25 4 2 31
0.90 9 24 16 10 32 38 4 35 20 37 2 18 22 7 3 29 12 23 6 14 27 31 21 15 11 25 5 17 13 8
0.75 25
0.21 6 29 7 4 18 38 11 32 17 27 0 10 1 24 36 5
0.22 9 30 23 14 33 28 8 21 4 25 3 34 18 11 35 17 1 0 22 24
0.36 34 18 12 8 29 37
0.60 33 31 23 19 8 26 10 27
0.48 25 35 6 24 21 4 20 29 23 28 0 1 8 14 15 33 30 32 12 37 17 2 5
0.33 25 12 0 24 8 19 20 30 31 11 16 33 5 3 13 4 6 34 36
0.06 35 17 19 38 30 8 10 29 22 15 4 21 11 13 26 1 12 9 7 32
0.50 8 30 26 37 31 36 12 4 33 24 18 6 11 10
0.20 38 9 5
0.01 38 29 26 16 23 20 33 28 18 17 25 10 5 2 24 31
0.50 4 21 5 0 26 13 10 18 33 34 12 36 11 14 39 7 9 22 23 19 28 35 17 8
0.63 30 13 22 29 16 36 2 33 4 9 38 8 32 19 15 11 10 18 28 31 26 12 0 14 21 1 24 20 27 5 23 35
0.26 39 13 24 35 31 32 29 36 3 19
0.32 0 3 21 23 34 10 12 7 31 8 17 39 15 2
0.28 13 5 0 30 3 20 19 23 25 11 28 12
0.79 37 24 11 9 16 27 7 13 31 19 26 30 4 23 18 0 33 2 29 10 34 15 32 25 38 21 12 22 35 17
0.49 21 16 7 1 30 33 8 26 37 3 6 15 18 38 17 22 32
0.52 23
0.80 38 11 7 14 25 34 29 1 3 10 35 36 12 13 18 20 28 32 27 26 39 4 21 19 23 33
0.15 1 10 37 34 32 24 31 38 12 17 39 15 14 16 26 30 6 7 19 18 33
0.33 18 4 38 3 24 21 29 0 12 22 14 1
0.32 37 27 39 13 11 17 8 30 2 33 0 22 26 19 38 31 34 3 29 6 7 4 15 12 21 32 28 14 23 18 10 20 36 24 16 25
0.31 37 33 12 35 9
0.15 35 10 17 28 27 18 16 15 11 34 9 21 25 31 7 30 3 19 13 4 23 20 29 32 39 33 26 24 6 5 2
0.13 30 4 20 13 6 7 16 14 21 9 17 31 12 5 39 3 24 2 32 25 28 35 19 33 0 18 15 37 11 10 38 1
0.07 9 11 15 28 34 12 2 38 33 37 35 1 0 22 23 27 13 31 39 8 19 5
0.21 13 0 9 10 32 23 38 31 24 15 3 25 22 2 26 30 39 34 7 14 6 16 17
0.23 34 27 21 20 29 7 25 17 0 22 33 32 39 16 35 13 15 4 8 2 10 5 1 23 18 12 28 30 3 14 11 19 24 6 37 31
