1 80 112 0
4 9 2 8 6 2 2 5 9 2 4 7 8 7 4 4 9 8 9 7 9 8 1 7 10 9 10 1 6 3 4 5 8 9 6 2 3 2 7 4 1 3 2 6 2 3 8 7 7 7 2 10 6 7 1 6 5 8 2 7 5 5 9 10 2 5 4 3 3 1 6 6 2 2 4 5 7 2 5 6
0.07 15 33 17 66 58 3 74 44 48 46 70 67 52 6 54 50 49 62 68 24 40 22 43 25 47 2 72 71 18 38 7 78 4 65 77 21 19 64 11 10 59 9 1 14 27 41
0.46 33 39 62 15 19 43 4 25 23 60 64 63 65 78 50 72 79 70 24 18 48 32 40 45 51 3 73 0 21 42 76 2 57 38 69 49 58 14 12 27 68 16 26 9 10 5 20 77 30 61 47
0.75 45 72 71
0.82 11 40 14 30 44 59 64 45 61 17 78 56 57 67 58 36 69 77 24 60 48 50 12 49 31 27 42 2 16 9 0 55 20 3 34 38 23 68 72 26 19 52 18 5 21 46 43 39 10 4 53 8 6 66 79 13 41 35 25 7 75 1 62 70 29 74 22 33 63
0.29 29 61 75 57 70 14 19 28 51 36 45 43 37 18 50 60 42 2 22 55 17 47 58 7 48 11 10 8 46 63 3 12 77 27 33 32 1 30 79 54 59 40 53 65 56 72 64 76 5 44 23 49 6 74 78 34 16 73 15 39 26 52 68 35 67 62 25 13
0.19 16 29 11 10 4 55 62 49
0.01 72 33 53 70 10 2 66 26 46 60 1 35 15 62 25 69 24 12 4 55 17 9 32 78 39 49 75 58 30 5 64 20
0.17 45 72 0 69 38 29 20 70 77 34 35 78 24 64 6 73 15 19
0.55 74 20 27 23 19 61 7 77 17 56 13 76 78 26 30 79 18 51 22 2 46 72 40 67 9 14 62 32 73 65 21 71 69 1 68 37 29 6 31 53 58 41 52 35 55 33 12 5 70 48 57 44 4 43 39 11 24 15 38 36 28 16 66 34 64 54 59 10
0.28 59 72 46 55 43 48 34 78 44 36 3 33 16
0.73 52 24 39 3 66 73 62 61 29 75 33 20 64 71 10 37 47 45 36 18 30 5 46 43 78 67 8 13 77 59 31 17 72 16 32 14 57 65 38 25
0.05 51 9 49 25 34 1 57 5 31 33 16 70 17 46 43 6 56 8 32 38 52 7 67 54 30 13 12 28 2 26 19 74 10 27 4 22 55 35 53 75 79 63 73 58 44 48 39 62 20 66 40 11 18
0.99 42 18 4 37 58 66 52 14 31 77 53 51 26 78 40 15 21 50 20 64 43 76 29 47 7 79 49 17 75 34 62 22 6 57 45 8 1 0 70 2 69 13 33 61 68 73 28 44 25 38 9 60 74 3 56 35 54 55
0.30 61 24 39 15 41 70 32 20 42 63 76 43 6 62 50
0.97 4 16 78 9 20 0 26 66 52 48 21 12 22 15 2 62 55 79 36 73 29 59 76 10 13 1 23 46 71 42 40 47 43 60 67 63
0.14 71 18 3 47 61 57 39 7 67 76 11 59 41 42 28 1 30 35 54 63 55 29 75 51 22 21 53 46 33 43 26 78
0.51 69 41 16 3 71 17 24 25 64 75 65 44 66 36 13 79 6 0 68 73 20 1 62 2 78 31 43 12 53 42 45
0.97 63 52 6 50 58 9 39 75 40 0 28 51 46 23 62 65 1 48 68 2 42 7 36 24 49 31 56 44 79 34 37 47 17 15 21 57 43 66 59 13 67 35 32 29 73 26 33 10 4 76 61 14 22 69 11 78 54 71 72 53 74 27 41 5 18 12 30 3 19 60 45 20 70 77 38 8 55
0.24 78 68 28 3 29 61 2 10 14 11 7 24 39 73 42 66 47 63 48 17 49 72 60 55 22 56 37 67 41 59 43 6 76 33 8 50 74 13 34 0 21 9 45 64 52 46 77 26 19 70 30 4 5 75 71 35 40 57 20 53 31 44 36 16 54 65 1 25 51 58 27 62 32 23
0.34 36 74 0 25 65 6 50 4 13 43 26 16 40 73 22 57 61 77 17 48 3 70 31 79 52 62
0.34 50 52 51 66 64 30 24 48 41 75 15 70 69 73 38 31 47 71 58 53 49 29 23 32 0 44 39 26 78 1 20 65 25 42 72 54 11 12 67 10 27 34 55 14 16 61 74 5 2 43 8 40 59 37 33 62 56 76 3 28 68 13 9 46 6 22 7 17 79
0.91 23 8 58 27 39 14 25 20 22 45 65 66 51 19 36 18 10 69 79 1 28 17 76 31 37 47 78 30 34 13 43 62 38 24 21 41 5 6 40 72 35 3 68 67 12 29 0 73 59 77 60 61 11 48
0.85 42 55 57 54 60 28 2 3 50 38 74 32 16 61 36 67 21 75 9 11 27 44 23 10
0.89 44 46 73
0.54 73 49 30 3 64
0.95 51 45 42 50 37 72 29 3 54 63 60 31 41 15
0.06 75 39 33 11 37 48 79 17 2 29 7 49 78 36 73 24 27 68 41 45 44 26 59 72 8 19 35 16 20 10 76 69 62 51 42 4 70 25 18 31 22 34 32 13 61
0.67 70 38 16 66 28 68 9 49 55 19 65 3 25 53 0 43 50 22 15 47 35
0.84 40 14 63 0 49 66 71 11 36 41 47 54 67 6 17 77 26 34 31 45 72 56 69 16 64 74 38 59 15 55 4 70 60 2 3
0.25 2 32 30 75 35 29 8 22 56 25 17 34 49 7 13 28 23 72 10 78 76 19 16 58 51 71 20 24 42 74 44 11 43 12 66 69 9 36 73 61 54 4 62 21 39 6 33
0.39 40 7 13 3 60 76 59 38 65 53 45 28 14 51 12 27 54 33 41 48 35 34 18 15 77 62 68 56 64 52 44 25 46 23 47 9 5 30 67 16 73 55 26 6 20 43 2 61 31
0.46 29 46 3 24 74 60 62 16 38 76 25 21 11 32 58 50
0.66 65 7 11 4 41 61 24 38 66 1 78 20 18 56 10 77 62 37 47 2
0.67 38 51 44 14 67 54 59 17 1 58 64 23 16 34 20 13 26 4 43 79 78 21 50 55 47 72 40 15 8 11 49 31 76 2 6 73 46 0 41 35 61 12 27 37 33 39 52 28 29
0.90 27 64 58 42 62 67 47 28 29 40 6 66 22 43 33 54 39 5 59 75 13 49 77 70 71 56 79 48 19 14 4 8 72 10 55 31 60 46 73 53 35 52 32 76 26 45 11 18 63 20 1 17 16 65 68 25 51 7 23 38 30 15 3 2
0.84 24 12 13 34 23 30 15 49 51 21 73 68 44 41
0.48 65 22 25 77 50 60 14 33 26 47 5 52 41 8 79 28 71 72 69 45 51 16 4 68 27 11 0 67 44 30 1 10 73 58 76 75 13 17 6 35 62 70 21 66 9 55 78 37 74 59 31 40 54 38 43 18 2 64 56 49 36 12 46 7 48 42 39 20 61 63 53 34 24 57
0.17 39 63 38 35 58 21 78 5 33 15 13 29 36 47 14 53 75 1 67 8 31 54 0 77 37 61 40 18 74 49 45 79 48 16 20 69 7 23 43
0.20 14 39
0.95 42 24 4 78 25 37 52 31 23 56 22 76 14 60 47 63 32 19 72 5 1 38 44 62 0 51 26 33 20 50 45 3 29 30 49 48 66 12 68 8 54 61 69 43 55 17 21 2 18 35 46 39 64 58 74 65 10 15 57 6 27 59 71 41 70 67 75 40 34 11 7 53 79 73 13 36 77
0.97 64 63 71 35 12 29 60 43 15 75 3 7 20 42 40 34 61 28 23 51 18 13 50 79 2 59 49 77 69 39 62 4 73 46 38 10 33 21 22 74
0.15 37 64 30 24 41 25 54 78 28 62
0.18 56 47 77 44 32 57 23 18 73 64 19 63 50 48 37 42 58 68 13 25 14 59 28 67 11 26 74 10 0 71 9 41 69 16 62 51 20 55 27 4 21 36 72 6 35 17 75 30 7 2
0.59 18 52 75 60 6 21 31 40 26 23 29 63 69 54 79 27 51 5 45 39 3 55 41 66 24 76 68 49 19 33 7 12 61 13 72 35 74 77 17
0.31 41 3
0.99 34 55 63 74 8 24 78 16 29 72 35 33 46 26 14 36 38 67 70 40 77 42 25 45 13 22 64 31 52 54 49 23 39 71 18 20 59 0 4 66 47 75 43 79 65 7 17 58 68 41 19 11 60 9 53 69 3 6 28 37 51 30 1 15 62 2 73 21 12 5 76 32 48 56 61 50 10
0.06 19 44 38 68 55
0.11 20 53 70 51 45 49 24 33 29 30 19 2 32 55 57 23 34 68 66 8 52 31 41 63 54 15 14 58 72 71 4 12 6 28 16 47 42 60 59 22 9 73 74 38 5 75 0 43 50 7 13 78 67 1
0.02 76 5 19 13 56 75 72 14 50 8 59 68 23 55 45
0.18 37 60 33 50 55 47 22 0 79 72 44 4 45 58 29 9 14 62 57 71 41 21 42 32 52 63 28 36 7 40 56 27 25 18 5 16 59 66
0.10 32 23 62 25 28 24 19 6 2 26 21 10 69 51 58 72 55 15 70
0.15 59 54 79 3 11 78 58 15 49 25 18 48 65 67 28 70 5 22 46 76 43 63 9 64 61 71 75 37 16 19 52 27 2 55 36 0 68 33
0.35 72 55 44 57 22 9 73 63 2 33 58 49 12 18 42 32 64 38 17 14
0.22 45 68 54 31 27 70
0.23 34 72 29 77 10 1 55 62 69 59 17 67 12 63 76 73
0.17 34 61 78 0 63 26 62 67 18 10 72 43 14 55 12 73 13 50 45 37
0.54 18 42 71 14 22 44 64 48 51 6 32 35 53 4 30
0.24 40 74 70 17 55 60 26 63 50 48 41 73 67 77 44 7 56 69 9 14 37 71 66 57 32 23 11 51 38 19 43 36 33 29 35 78 79 30 12 52 49 2 45 58 22 39 15 28 5 61 59 54 8 4 76 18
0.69 20 14 39 16 28 42 58 52 53 32 64 21 3 10 19 60 51 72 34 46
0.83 63 36 4 72 14 65 3 61 17 0 66 40 12 9 23 56 38 57 39 20 62 32 18 68 16 5 52 29 33 70 6 34 27 24 19 43 7 76 42 77 44 51 2 13 73 54 30 25 37 22 67
0.15 12 73 30 8 61 31 74 4 64 42 41 34 48 59 7 18 22 54 27 23 45 25 71 19 32 10 35 13 79 62 56 9 40 2
0.27 49 45 54 26 12 56 5 65 47 24 35 23 16 72 61 55 74 59 18 52 63 29 73 37 79 68 53 36 32 28 3 41 7 17 66 11 46 58 30 20 9 75 39 40 38
0.08 46 76 53 11 24 66 1 61 57 17 3 19 9 10 51 59 68 21 42 38 29 69 54 26 70 31 15 36 60 75 73 74 45 35 13 62 72
0.24 21 69 17 75 32 43 28 9 78 8 67 54 73 2 61 70 58 51 33 57 53 23 56 71 31 41 0 77 62 74 79 49 76 37
0.34 5 67 23 37 58 48 20 15 14 61 0 69 52 75 24 32 29 47 65 57 43 3 62 1 28 78 31 79 26 53 55 34 33 9 27 25 63 17 74 8 42 50 38 40 10 64
0.30 8 36 42 13 74 77 59 58 41 14 66 49 57 1 43
0.47 28 63 74 35 19 30 69 71 12 75 37 27 15 33 11 56 41 32 21 20 5 51 10 22 66 44 26 47 0 61 48 36 46 8 60 76 29 42
0.21 21 58 71 38 74 35
0.18 51 24 43 74 68 65 22 31 1 6 62 14 47 76 57 39 36 0 55 37 30 70 45 10 28 52 2 26 19 15 5 18 23 11 38 42 71 40 48 21 4 41 66 54 33 32 46 3 20 75 29 58 61 13 8 25 67 17 35 34 44 63 77 56 9 78 12 79 64 27 7 72 59 53 73 49 69 50
0.95 33 77 8 18 73 44 55 30 11 53 9 31 51 58 64 32 46 38 2 66 14 1 57 40 19 76 48 61 56 15 50 12 13 7 26 20 22
0.24 35 57 2 45 21 29 47 48 76 71 62 16 11
0.84 38 10 77 35 43 76 0 61 73 72 17 55 50 31 6 63 36 27 37 28 47 58 74 25 21 23 57 2 62 44 49 46 68 20 9 54 4 79 67 65
0.06 20 63 53 21 36 15 10 25 52 9 12 3 33 75 43 30 7 4 60 64 29 51 59 14 6 42 47 40 76 72 70 11 2 65 44 24 66 19 38 54 57 27 77 5 39 18 69 26 67 35 17 61 28 31
0.80 44 20 35 67 2 8 65 60 22 61 18 39 0 58 70 40 73 24 11 25 9 7 48 51 74 53 79 1 64 38 27 78 23 56 57 28 47 13 33 5 71 21 76 10 45 77 72 14 3 55 59 16 26 34 32 49 75 54 62 6 15 50 69
0.89 32 30 11 55 46 39 22 43 4 35 54 6 19 66 28 38 2 48
0.23 26 72 76 10 34 62 61 45 24 79 55 2 33 39 56 37 73 21 42 44 71 36 17 77 38 68 19 63 46 58 65 53 52 9 49 3 14 57 50 54 1 11 0 66 25 5 31
0.88 75 64 22 63 50 25 74 76 49 4 59 12 29 40 7 41 30 65 38 62 46
0.48 74 5 63 57 65 33 35 62 17 36 70 24 52 45 54 32 15 46 59 51 78
0.64 13 36 26 34 56 50 53 21 31 24 17 60 43 29 4 77 30 2 51 49 35 55 8 70 5 1 64 6 75 23 11 44 63 45 37 22 76 15 65 61 12 3 9 66 42 79 10 14 73 52 74 19 69 28 0 47 25 27 40 68 33 59 58 38 71 16 57 67 39 7
0.02 45 70 69 47 50 21 5 4 66 15 25 20 58 24 42 12 38 3 18 77 55 65 76 61 52 51 1 0 49 72 35 64 17 75 53 71 54 44 56 63 40 9 57 8 48 39 36 32 41 73 59 62 33 23 46 74 31 11 10 78 22 29 68 14 13 2 60 7 28 19 79 43 30 6 26 27 37 16
1.00 48 22 62 46 1 15 75 55 66 72 51 56 74 64 52 67 76 10 77 30 59 12 32 79 60 21 4 28 63 11 39 26 49 29 13 65 16 20 38 68 73 41 54 19 6 9 44 27 40 8 61 18
0.78 76 14 67 20 55 18 77 23 61 60 53 59 65 29 41 12 28 71 31 17
0.18 78 52 11 54 33 9 69 47 64 39 14 16 32 5 61 28 75 46 63 73 7 62
0.56 50 66 20 32 41 57 60 43 0 74 9 15 38 16 8 59 29 40 44 63 42 45 51 27 12 39 7 68 31 10 58 5 67 26 4 33 65 47 37 69 55 48 70 62 2 30 22 49 76 18
0.44 46 73 13 51 19 50 57 62 63 67 78 4 25 35 15 12 79 37 61 41 20 27 47 22 49 43 65 44 42 71 66 28 31 70 56 74 60 23 8 68 39 55 30 0 7 3 45 29 72 58
0.25 19 58 3 10 45 2 13 33 0 50 22 69 75 1 21 61 51 48 37 44 56 79 77 52 49 39 8 73 16 62 30 70 36 41 67 78 4 25 11 7 71 6 18 68 15 24 32 53 65 17 34 27 20
0.98 59 63 52 35 3 8 51 71 23 1 22 44 53 70 58 0 42 9 31 33 75 69 2 56 36 15 45 17 20 12 10 43 11 57 21 4 48 73 55 40 50 25 14 28 47 76 74 60 67 13
0.31 79 20 18 43 25 41 23 10 2 34 6 32 39 64 62 5 16 53 8 54 31 59 12
0.62 42 15 40 62 13 22 77 76 61 70 41 55 67 25 78 35 21 49 75 64 39 48 10 24 27 47 30 19 50 58 5 29 7 46 68 43 52 54 71 9 34 2 66 8 0 16 36 3 57 69 20 1 63 59 73 33 60 18 12 74 31 14
0.13 66 50 19 37 36 38 1 26 34 73 77 40 75 25 22 18 52 13 0 15 27 31 51 24 49 33 48 46 78 64 69 76 35 67 43 2 72 63 71 61 3 42 32 10 56 30 54 68 60 41 5 45 8 39 47 53 23 58 9 70 21 57 59 7 28 44 4 20 12 16 62 74 17 65 79 11
0.24 42 2 20 69 11 48 43 59 46 18 77 9 41 15 31 78 76 61 60 63 17 79 24 23 72 44 53 39 6 40 68 45 50 32 51 8 27
0.17 6 9 49 70 79 25 51 16 18 61 17 39 40 56 66 53 34 71 1 74 38 32 65 42 44 20 31 35 60 10 13 19 54 59 55 26 3 12 15 50 73 14 58 47 75 7 72 22 11 23 4 33 68 69 45 5 48 24 37 21 67 30 41 62 77 63 52 2 78 64 0
0.74 59 28 78 54 43 66 26 75 76
0.64 4 35 79 16 75 46 31 28 51 17 49 0 23 7 32 6 24 21 29 10 19 68 59 58 67 12 18 5 37 50 73 57 44 1 61 13
0.47 31 6 77 55 40 21 74 3 75 76 27 47 42 66 11 56 45 5 18 51 49 69 57 14 50 60 41 59 64 0 61 65 73 36 13 67 43 34 72 33 2 20 48 7 19 68 8 29 46 35 24 32 39 70 4 12 10 44 58
0.76 8 44 50 65 53 41 28 16 77 58 13 47 33 52 68 32 19 73 42 36 7 29 66 26 48 60 40 37 34 10 56 45 39 0 69 78 70 63 74 57 64 3 17 11
0.93 69 13 68 55 76 3 63 56 67 21 43 2 59 35 30 28 74 51 58 60 79 22 50 4 1 17 61 66 14 45 78 6 62 0 42 48 25 10 5 11 70 57 34 38 33 7 52 16 19 41 72 49 44 47 15 65
0.50 46 3 68 1 42 62 26 38 8 75 40 12 39 70 48 4 76 56 0 35 36 58 14 11 18 67 22 32 50 54 65 33 27 17 53 64 69 61 23
0.09 40 35 74 30 79 19 1 41 73 38 18 22 70 33 78 46 32 27 5 43 12 10 26 23 49 14 8 75 25 6 71 17 20 36 72 47 57 7 63 21 67 4 13 68 48 2 65 31 37 61 56 53 44 64 16 42 76 28 39 0 9 54 62 11 3 58 24 77 51 69 55 66 29 59
0.16 3 24 32 31 67 36 56 53 9 29 43 7 50 65 60 45 38 10 64 49 76 51 11 73 2 59 39 46 0 30 23 21 4 33 47 62 5 17 68 58 15 69 19 57 77 13 66 6 14 78 61 63 22 16 55 35 54 41 52 75 72 27 42 44 8 74 48 28 70 18 79 71 20 12 25 26 34
0.46 78 18 54 73 25 22 35 21 45 69 7 11 27 9 79 33 26 74 44 63 17 47 72 30 76 36 52 58 61 57 48 38 64 3 40 28 65 4 34 50 23 16 71 51 43 2 10 41 68 6 49 8 1 77 31 0 13 14 70 39 29 42 53 15 5
0.52 51 70 16 25 33 31 15 6 40 63 76 73 37 21 45 3 24 65 58 1 64 75 36 2 11 79 47 39 42 67 17 50 32 35 22 60 69 14 0 30 12 59 54 7 41 34 77 68 19 26
0.21 29 25 67 33 41 1 26 35 43 3 28 7 24 68 12 8 0 4 52 20 61 17 32 53 50 11 59 31 60 6 58 79 10 57 19 15 30 42 40 16 45 63 48 75 5 49
0.47 73 78 61 12 75 38 41 15 56 18 10 17
0.71 43 66 15 12 36 7 77 65 47 42 10 46 72 68
0.20 37 34 10 79 23 63 36 26 45 75 18 19 60 58 25 43 56 38 32 4 57 29 7 62 11 67 73 66 50
0.88 45 1 11 38 62 40 12 31 50 15 5 61 3 42 72 75 25 0 9 60 59 70 57 10 48 23 77 68 8 28 76 54 30 16 41 2 44 17 21 79 19 46 35 32 13 49 39 4 65 43 36 14 27 47 7 52 67 51 64 6 29 78 34 58 37 74 33
0.32 49 46 61 79 0 60 30 28 15 21 57 33 5 70 42 44 24 67 2 23 65 58 1 17 51 38 66 71 18 4 39 64 36 37 63 26 55 68 3 52 35 41 69 14 10 11 56 47 31 20 25 40 53 48 32 22 78 73 34 7 77 50 75 27 54
0.78 36 78 44 11 39
0.93 73 5 76 39 59 38 70 7 1 67 47 44 45 56 9 43 71 53 60 17 48 68 24 21 15 57 77 14 72 62 12 28 8 35 23 51 3 32 0 55 79 75 6 50 19 22 16 49 31 33 18 4 52 78 42 69 37 34 2
0.47 3 15 26 16 38 2 43 57 53 75 0 25 42 29 47 8 56 72 10 49 59 9 61 18 54 76 66 39 32 48 24 37 70 1 64 58 23 17 77 67 21 60 78 74 73 79 63 68 22 40 62 12 52 51 28 45 69 35 27 33 46 11 4 41 5 30 34 14 36 50 20 13 31
0.73 46 12 65 51 15 58 76 11 43 23 60 67 39 69 55 40 24 31 30 8 44 42 25 33 79 75 20 71 1 3 78 32 19 77 6 16 53 73 59 54 66 41 13 36 9 52 28 5 34 63 50 7 62
