1 80 48 2 7676.09
4 2 8 1 8 3 10 7 1 5 5 5 6 8 10 4 1 1 3 10 9 10 9 5 9 8 3 5 4 10 9 8 2 3 3 5 6 9 6 9 10 6 4 5 3 8 6 1 6 3 7 3 1 1 9 4 4 3 4 9 10 6 5 8 7 2 2 2 3 2 8 2 6 2 3 6 9 4 3 8
0.16 73 49 39 23 18 29 62 22 4
0.04 50 64 19 4 25 66 8 60 55 52 28 43 29 12 56 79 14 41 36 40 33 63 44 6 15 21 42 0 70 51 47 49 72 59 35 74 61 37 7 57 39 1 46 11 69 22 24 17 54 2 71 78 53 68
0.96 47 49 2 33 41 9 54 40 11 53 35 46 76 59 51 67 31 27 60 78 37 3 4 77 19 28 34 22 6 25 17 56 30 13 71 45 61 55 10 48 18 8 62 15 5 32 74 64 38 20 57 79 73 68 69 42 0
0.47 3 34 69 70 2 78 64 24 19 58 72 45 18 27 55 79 5 38 68 60 40 51 8 76 35 9 13 49 15 50 30 7 47 28 57 20 12 22 29 6 53 71 63 23 59 1 33 54 14 25 32 46 17 21 74 77 36 62 73 66 39 43
0.06 55 70 13 74 47 4 48 40 59 77 35 37 26 45 15 14 41 3 69 58 49 22 71 52 53 73
0.19 40 21 77 52 69 72 67 24 9 13 68 20 35 49 57 17 65 2 45 51 27 71 38 64 29 75 3 79 18 31 42 47 8 25 66 36 10 43 50 4 63 5 56 19 53 70 12 6 78 11 62
0.44 48 36 17 11 20 53 4 71 79 1 24 28 26 54 38 62 55 18 78 6 12 8 41 45 50 32 42 68 29 10 3 40 76 58 49 2 13 72 31 27 61 74 73 47 51 9 15 22 59 57 25 44 52 56
0.37 30 73 75 72 20 37 49 1 23 56 31 77 14 58 28 41 78 10 25 15 65 51 70 42 74 27 34 4 68 66 47 57 35 46
0.87 25 22 30 35 60 70 54 57 36 47 44 68 39 26 43 0 71 27 58 59 52 79 29 16 20 8 49 78 77 24 38 51 72 17 10
0.15 50 68 34 44 67 10 31 15 23 49 0 76 26 14 25 77 53 33 9 72 71 1 59 28 30 11 61 27 62 47 41 48 43 78 42 73 39 4 17 69 19 7 55 24 60 37 65 58 21
0.03 45 69 75 55 13 49 12 37 40 10 71 74 19 15 16 67 29 7 57 36 3 9 51 32 42 27 44 17 54 76 68 6 39 59 78 34 38 53 65 35 46 5 61 72 8 18 79 25 31 30 1 56 4 52 2 62 63 21 47 20 73
0.75 66 65 31 27 36 10 12 72 57 70 17 0 13 49 76 75 68 38 74 61 25 69 34 64 23 5 43 24 35 45 55 16 14 48 19 47 73 53 78 37 71 29 30 46 79 33 2
0.11 13 4 63 62 22 41 77 54 71 34 8 42 6 5 72 14 69 35 32 55 31 20 74
0.93 72 53 46 3 7 23 5 48 16 22 79 39 65 28 73 10 1 50 32 68 13 51 37 24 63 6 40 62 66 38 78 55
0.47 3 35 57 33 53 9 75 48 29 67 24 64 10 14 72 17 46 42 20 30 51
0.18 22 42 8 2 26 32 66 57 29 73 31 9 3 78 58 11 74 39 25 54 35 53 38 79 24 71 47 51 14 67 64 43 65 37 20 6 28 18 75 4 52 56 1 0 30 27 21 44
0.27 40 32 12 5 77 14 6 22 10 70 47 23 56 34 30 58 61 73 54 43 59 49 67 7 65 27 66 19 8 44 11 3 72 9 15 24 79 17 33 52 0 20 50 39 1 51 60 29 21 76 48 55 53 16 64 31 75 26 78 18 36 37 38 62 13 68 69 45 46
0.86 23 40 26 28 32 31 10 12 66 33 68 27 67 51 34 7 70 25 74 62 75 11 72 29 22 77 18 45 17 65 71 1 78 13 76 35 48 58 56 19 49 16 44 5 37 15 9 59 46 24 53 21 79 2 3 43 6 8 50 0 4 69 64 41 63 42 38 14 60 52
0.09 64 38 33 67 78 9 41 14 23 32 58 52 74 2 51 61 54 13 39 45 20 49 27 63 37 18 36 40 62 28 73 6 72 44 68 50 30 17 11 19 4 3 22 47 7 16 60 66 75 35 12 76 77 25 5 57 69 42
0.38 74 63 20 6 67 2 27 61 10 62 34 18 75 23 26 37 72 12 24 52 77 33
0.40 43 71 77 73 35 32 67 70 7 46 29 42 76 49 39 44 17 12 62 48 69 6 59 36 40 68 74 79 47 72 14 75 2 57 23 16 11 52 20 31 34 15 45 56 53 58 10 64 63 13 9 37 65 38 54 33 78 60 1 41 24 19 30 66 61 22 3 21 0 5 4 25 28
0.47 79 15 31 69 41 9 78 16 0 57 66 19 29 26 58 54 64 56 35 38 74 59 5 77 11
0.48 73 30 67 57 58 74 6 63 38 72 9 42 54 17 76 79 0 8 39 19 4 37 52 66 18 14 46 65 27 53 2 77 10 5 40 31 78 3 41 34 59 64 71 51 48 62 49 44 33 23 12 75 7 35 11 69 20 70 56 21 61
0.98 79 76 24 34 71 57 59 16 67 5 35 25 41 68 14 75 77 2
0.50 9 23 43 36 18 64 44 41 6 5 63 21 77 72 22 60 15 79 78 25 57 40 13 24 75
0.19 1 61 67 58 56
0.32 36 52
0.47 29 4 76 47 75 70 7 5
0.05 26 52 21 77 46 13 74 34 67 14 28 63 54 45 44 19 57 79 31 33
0.72 4 41 28 27 75 69 60 36 46 10 29 3 67 42 58 6 2 39 30 57 70 13 73 48 40 31 9
0.52 21 39 60 61 3 8 28 38 57 69 44 74 59 50 41 15 24 36
0.59 60 38 66 25 15 1 68 22 35 24 78 32 27 59 18 40 41 34 8 65 0 56 7 49 63 57 10 45 29 62 46 61 20 11 77 17 23 74 50 12 19 48 53 55 21 3 14 76 33 37 36
0.84 4 48 42 11 41 10 78 40 67 54 23 56 2 8 47 9 17 26 31 77 13 19 55 3 74 28 7 59 52 21 12 72 27 71 38 30 33
0.90 8 15 74 2 16 49 53 75 63 0 70 21 12 72 41 69 19 47 56 22 46 10 54 52 68 31 76 67 9 32 34 6 25 26
0.63 15 74 47 7 3 66 26 54 8 39 67 11 56 32 37 58 45
0.19 14 52 76 0 75 21 26 57 11 33 7 69 47 3 78 36 43 50 4 53 67 12 39 70 68 15 73 77 34 42 65
0.74 33 59 26 75 58 10 12 57
0.08 15 78 64 10 50 72 58 42 56 73 55 22 13 48 69 2 25 30
0.58 2 31 14 17 61 1 36 35 48 18 44 49 77 20 41 72 67 47 32 46 30 23 59 12 16 39 45 70 11 43 5 65 54 26 79 6 40 76 55 24 50 52 21 64 22 34 78 3 74 60 4 42 7 53 68 75 37
0.56 5
0.35 55 51 71 30 61 6 72 5 17 54 20 27 46 78 63 74 4 32 10 22 29 3 73 37 34 69 44 79 64 23 59 75 41 24 53 28 56 13 67 9 2 16 38
0.75 69 25 44 10 75 16 34 5 46 48 73 28 13 52 70 20 60 29 65 30 59 58 43 12 27 7 21 63 38 3 8 0 66 57 76 62 19 74 11 54 47 72 35 49 42 31 41 36 22 37 23 6 2 77 14 9 53 39 18 33 78
0.44 34 77 7 60 78 15 1 51 29 73 26 44 52 21 42 23 30 47 64 36 53 40 22 9 46 67 45 74 55 79 25 75 12 68 19 39 13 10 50 38 56 2 61 14 43 48 4 37 8 31 71 76 28 6 70 3 58 65 72 66 49 17 62 57 33 20 32 59 41 35 16 0 11 24 69
0.42 24 10 59 75 63 76 11 46 36 32 4 69 50 26 57 19 48 14 35 31 73 51 23 58 12 70 74 7 62 13 8 3 40 22 47 38 1 27 21 17 52 15 60 28 20 64 29 0 43 45 42 49 65 72 66 44 33 18 77 79 61 55 71 34
0.67 3 59 50 16 52 78 47 69 19 65 23 4 32 6 58 68 45
0.12 72 58 10 76 75 39 26 17 5 62 16 9 51 46 78 53 1 77 60
0.47 45 78 79 15 38 29 37 12 18 39 3 24 47 7 55 19 42 48 56
0.75 58 38 4 63 13 10 2 22 8 21 36 79 19
