1 80 48 1 8888.19
6 8 2 7 5 2 7 6 10 4 3 9 2 3 1 1 3 4 4 7 9 1 10 9 6 9 1 5 2 3 10 8 10 5 9 4 7 3 8 7 10 4 10 8 5 10 8 4 5 5 3 9 6 10 5 6 1 6 8 8 6 5 9 6 2 3 5 9 1 8 5 5 7 2 2 1 9 1 4 8
0.61 18 48 70
0.51 51 66 12 73 37 8 65 23 53 55 76 44 27 79 78 68 40 10 42 75 64 77 24 74 26 48 46 56 21 70 2 35 54 49 63 67 34 1 14 5 19 36 6 16 28 45 4 13 0 47 69 15 39 18 3 9 17 59 38 7 30 25 11 33 72 32 57 50 29 60 43 41 22 62 71
0.40 42 61 19 46 55 76 43 6 72 13 60 66 54 68 18 75 57 59 50 34 28 17 7 11 22 44 79 69 45 52 53 47 8 27 78 33 71 26 58 32 40 16 4 39 62 15 3
0.19 10 62 37 31 73 21 78 71 4 22 41 45 46 38 51 72 8 56 9 0 48 33 69 44 77 3 74 53
0.79 4 78 12 7 41 50 72 6 77 49 60 64 62 21 47 25 67 68 19 59 66 31 39 65 33 24 40 75 17 10 32 18 36 46 53 54 57 9 56 63 22 58 73 16 30 55 37 51 44 2 11
0.02 49 55 79 31 62 8 24 0 71 26 11 12 38 29 18 34 68 63 23 48 20 15 74 44 2 32 27 4 10 14 54 65 51 25 17 67 60 50 46 53 42 1 59 47 56 35 76 70 66 40 9 61 30 6 21 36 13 37 3 16 75 22 19 78 77
0.66 66 37 40 55 17 19 4 35 77 44 68 63 30 16 54 26 61 2 50 74 39 70 15 79 73 28 23 72 25 60 34 33 21 12 75 53 22 41 69 57 58 47 3 62
0.92 49 55 68 75 27 10 53 21 0 43 46 69 37 60 64 19 14 16 45 56 15 13 36 54 47 5 67 26 6 42 32 31 17 28 73 66 44 63 29 11 70 52 4 35 41 77 24 2 76 59 39 7 48 79 38 51
0.69 31 23 55 69 26 3 51 7 18 27 36 35 37 58 45 24 52 76 65 1 42 9 46 16 38 43 71 19 15 72 67 30 49 21 47 78 12 66 50 40 5 77 79 61 56 11 28 54 74 34 53 64 73 29 4 33 75 17 25 44 59 57 6 0 39 48 70 10 14 62 20 2
0.88 36 48 68 19 42 40 57 70 78 29 77 31 52 38 18 23 50 8 1
0.94 59 0 17 49 28 69 61 6 31 37 22 63 20 48 57 55 21 10 11 33 8 53 38 24 71 18 3 45 16 26 13 23 68 50 30 41 40 64 58 52 7 77 67 42 54 65
0.80 49 59 21 8 72 58 63 9 60 65 11 16 70 26 51 62 71 77 67 42 17 39 45 57 40 48 44 14 13 61 27 50 20 3 47 53 78 37 52 0 6 35 30 73 29 66 19 32 5 34 12 1 18 23 76 46 54 28 4 22 24 36 7 68 31 10 41 38 75 15 43 56 33 74 55 2 79
0.26 54 12 18 64 10 45 29 44 32 40 66 61 7 67 46 17 43 71 9 22 50 70 63 39 6 68 24 78 11 3 25 37 42 75 58 8 79 5 48 53 47 20 73 52 21 13 30 57
0.60 79 19 3 0 34 59 33 11 8 45 41 20 49 23 7 6 29 5 66 60 39 25 27 68 74 76 9 38 18 73 36 69 40 53 4 10 13 44 30 64 31 42 17 26 55 47 57 67 78 62 37 46 54 15 71 14 63 65 1 16 21 77 22 28 48 58 12
0.31 13 53 10 36 28 71 66 78 9 72 74 32 42 49 12 14 18 27 58 59 73 5 26 34 63 21 29 76 64 51 4 2 3 30 45 35 68 20 22 47 67 65 57 44 54 17 62 39 6 24 69 77 52 43 70 31 75 11 8 0 15 48 40 16 55 60 56 37 19
0.45 52 61 26 41 33 22 64 13 32 79 16 21 25 44 68 6 38 47 9 2 10 18 20 0 66 12 17
0.21 13 29 69 52 19 79 23 14 70 39 71 21 32 5 59 34 17 2 66 63 45 48 26 1 28 49 7 64 43 62 16 30 35 41 61 68 36
0.77 79 11 17 5 74 32 48 20 51 21 65 49 7 38 63 55 12 16 31 10 71 76 33 3 64 29 62 67 6 35 60 69 42 28 41 13 73 53 9 78 2 77 39 26 47 14 58 24 46 37 4 72 15 75
0.42 12 75 30 79 51 22 57 16 63 26 36 41 34 45 47 32 66 39 69 8 53 56
0.10 58 68 40 13 54 7 37 70 8 49 43 51 74 75 63 9 66 47 12 34 55 6 19 24 4 21 18 76 26 28 11 42 56 62 20 50 33 30 60 10 32 41 79 27 23 1 45 64 52 14 44 53 5 31 2
0.35 30 68 13 54 28 48 11 2 4 43 31 46 14 22 45 38 32 5 66 61 27 79 72 42 65 44 18 7 67 78 59 41 74 6 16 58 21 0 60 73 23 53 40 39 47 70 51 9 63 55 8 71 15 49 10 64 17
0.91 38 53 71 2 29 9 1 19 36 18 0 64 11 42 22 57 73 74 25 65 32 69 30 62 31 13 61 63 52 70 45 51 12 46 27 10 35 4 78 26 56 21 20 40 37 50 47 77 7 6 23 72 58 8 49 67 60 39 33 3 34 15 66 28 24 76
0.95 70 23 52 60 22 69 31 6 54 37
0.07 51 21 25 61 48 38 50 52 74 44 20 58 9 78 4 63 64 54 33 65 43 37 34 24 22 68 29 30 71 67 18 2 16 42 12 27 69 0 17 75 1 62 28 39 32 55 70 56 11 60 46 15 7 31 72 41 23 59 77 19 6 66 79 57 10 47 26 14 73 13 35 3 36 53 76 8 49 40
0.34 63 8 61 2 64 55 35 48 21 46 33 0 32 17 23 13 60 30 56 72 26 20 27 78 5 40 69 73
0.36 49 12 37 74 69 30 78 39 54 34 50 41 9 42 28 65 35 47 36 60 57 63 64 22 15 33 17 61 32 16 59 68 27 2 20 7 76 31 11 75 13 73 40 79 72 67 1 4 58 70 66 0 14 26 56 62 48 18 25 29 53
0.69 39 20 73 22 30 38 9 13 77 45 42 16 23 61 64 19 57 15
0.25 38 55 20 7 36 32 2 0 34 43 5 6 24 1 22 74 79 35 16 23 73 63 13 30 78 52 66 60 49 67 46 54 50 41 27 51 29 4
0.10 63 2 20 34 78 37 40 21 36 29 0 13 60 10 39 22 42 47
0.71 53 14 41 36 26 52 40 74 49 70 44 62 19 64 57 45 18 47 67 8 35 61 38 48 78 37 73 28 0 22 13 50 58 5 66 21 76
0.67 65 8 25 63 4 68 29 72 38 70 48
0.00 77 16 22 24 51 55 17 31 58 57 50 71 8 23 78 67 9 54 52 3 21 56 38 47 29 14 32 26 19 73 25 43 13 6 5 45 72 74 27 70 46 33 37 69 1 30 34 35 39 68 4 42 62 28 12 49 79 20 41 53 2 66 65 36 44 18 10 15 59 7 60 76 64 48 75
0.22 64 20 47 46 51 22 5 66 33 57 38 24 78 67 34 30 35 71 4 59 60 2 21 55 50 19 74 68 58 25 15 28 10 3 0 56 41 36 8 42 14 40 75 73 32 29 69 63 48 9 7 43 12 26 23 27 61 49 17 44 53 1 65 72
0.83 29 71 60 51 6 35 38 14 23 69 1 45 61 7 54 56 58 41 79 74 49 8 39 31 20 43 18 75 32 64 63 3 52 77 0 25 50 28 67 78 10 19 9 76 55 62 68 26 21 11 47 40
0.35 25 32 3 59 60 23 71 18 10 9 40 26 4 76 58 56 11 15 47 36 0 39 55 21 22 20 8 70 7 29 54 68 50 77 78 43 24 79 51 30 69 16 31 44 61 64 13 66 33 57 73 72 45 5 48 35 27 34 65 14 53 42 74 17 12 62 75 28 2 63 41 37 67
0.89 24 48 19 57 20 55 53 8 17 60 5 73 62 15 1 49 29 75 40 0 66 39 47 21 54 12 44 6
0.91 65 48 70 14 2 4 78 38 11 76 42 0 61 58 1 21 39 13 8 51 68 35 41 10 36 57 72 73 29 30 47 56 46 27 44 79 66
0.16 12 41 31 74 8 13 2 47 28 29 15 62 0 64
0.79 62 3 70 56 60 26 51 73 20 29 66 0 47 33 44 71 21 25 50 78
0.79 5 73 64 68 27 23 54 76 70 77 40 71 78 25 49 35 41 10 11 39 72 26 13 56 20 60 47 50 3 12 22 9 4 52 55 33 42 63 30 31 44
0.08 14 2 61 53 38 77 18 29 42 3 11 34 20 5 72 39 50 55 0 57 7 48 27 51 6 33 32 43 41 44 36 58 67 40 78 22 24 76 1 4 69 12 74 13 64 63 73 60 30 8
0.53 25 38 63 59 29 30 56 39 58 19 0 66
0.23 56 74 68 5 43 6 14 25 28 27 51 32 2 55 49 18 31 39 21 23 62
0.59 68 17 52 63 36 24 64 44 35 10 75 47 72 71 11 53 48 42 65
0.15 18 6 64 50 20 31 65 0 3 25 36 67 58 27 5 24 35 49 33 8 48 43 37 42 22 53 55 69 79 62 75 19 74 73 23 39 32 4 46 44 78 40 63 52 54 15 41 29 47 38 21 56 57 71 1 7 70 68 72 34 45 26 16 2 60 66
0.36 37 23 47 56 48 5 33 20 17 35 8 15 7 27 61 16 75 54 72 59 12 49 24 4 76 65 52 14 77 2 29 38 42 74 28 73 63 70 68 62 50
0.11 46 49 5 74 63 25 33 71 23 28 10 37 1 21 60 32 8 11 58 31 19 41 52 57 43 62 53 51 76 36 3 48 70 40 61 22 64 34 39 78 54 67 44 13 6 55 9 35
0.88 47 16 0 76 72 8 43 27 70 75 67 23 21 49 20 5 53 78 34 2 18 73 7 42 58 1 32 6 45 77 46 15 64 26 13 40 51 52 69 66 4 71 33 63 19 44 41 24 17 59 31 22 56 29 55 11 68
