1 80 80 1 13453.46
5 2 10 2 6 1 1 8 4 2 8 7 4 4 7 3 5 8 4 1 4 4 1 5 7 1 10 2 9 1 1 10 9 10 10 3 2 10 7 1 6 2 2 2 1 1 1 3 2 8 2 1 3 4 9 6 7 1 10 8 8 3 2 3 7 8 2 6 9 10 5 3 8 1 6 6 5 6 5 9
0.08 12 45 44 73 49 72 63 26 13 75 64 47 76 35 28 69
0.31 64 65 32 27 33 51 26 54 72 57 66 16 25 19 73 55 76 50 10 3 24 52 56 78 39 75 41 12 77 0 49 15 18 20 14 47 53 40 7 46 23 63 1 30 60 59 5 6 69 4 61 22 29 71 45 58 79 13 35 44 48 70 67 42 38 68 37 74 36 28 8 2 11 9 17 21 62 34
0.06 47 71 19 17 4 52 60 14 30 20 43 21 26 48 69 55 54 16 42 62 8 37 13 0 46 39 64 74 59 70 12 38 18 45 75 76 72 77 1 56 67 23 35 2 31 51 40 6 44 58 15 65 5 79 32 63 28 22 53
0.82 20 6 72 76 71 46 48 57 25 65 42 33 9 60 19 38 2 55 24 37 18 4 15 49 36 35 32 64 69 27
0.78 59 32 38 21 9 3 79 51 43 63 31 58 52 10 13 61 12 45 30 54 4 0 17 53 65 14 36 28 46 48 49 18 44 37 67 16 27 62 34 8 15 69 64 20 77 72 42 47 29 5 24 39 25 56 33 40
0.93 22 29 8 68 26 77 41 52 76 62 46 37 17 34 33 60 14 24 38 55 4 30 11 48 36 43 47 10 21 16 78 65 57 74 2 23 53 66
0.72 35 5 60 72 50 21 23 71 69 22 53 67 46 57 42 76 9 48 47 8 32 2 25 52 77 30 70 37 19 31 28 61 62 68 40 6 66 38 45 54 7 14 63 55 39 27 58 11 4 56 75
0.12 61 54 59 29 25 26 27 49 21 31 4 43 20 53 24 15 60 30 48 50 19 75 38 17 64 41 34 66 73 57 23 22 78 13 12 77 40 79 74 2 42 28 0 58 72 3 56 39 11 7 14 10 33
0.70 45 19 65 48 69 46 4 40 72 12 16 14 70 60 42 2 38 58 49 79 28 11 41 68 13 6 50 3 62 44 17 52 61 30 33 5 10 35 26 66 8 54 36 7 9 53 29 32 59 39 24 56 75 15 74 78 57 0 76 71 43 51 64 47 67 1
0.11 28 17 10 37 70 73 79 16 9 38 51 57 54 13 47 24 45 27 12 75 5 50
0.47 34 13 1 41 9 39 6 58 22 68 71 17 62 75 35 46 24 57 37 67 72 40 18 63 36 70 49 23 48 15 20 28 26 45 33 79 50 61 10 38 5 32 76 64 53 47 4 16 3 2 56 12 27 59 29 54 73 25 52 8 60 19 30 74 69 31 78 21 44 7
0.22 14 59 67 77 26 6 50 75 47 4 29 79 1 34 45 16 12 37 36 3 54 69 22 68 41 19 78 61 64 24 28 48 0 51 62 53 13 17
0.31 19 63 34 66 17 2 11 6 22 12 36 1 49 26 8 7 16 72 57 21 5 67 70 60 4 78 41 20 29 3
0.72 61 78 43 26 6 44 4 0 67 46 56 60 21 22
0.94 16 5 14 55 64 11 10 66 65 79 46 72 37 51 61 24 21 63 75 54 77 58 73 49 52 50 34 67 17 69 6 76 36 74 47 45 35 33 68 56 32 22
0.58 7 74 67 41 54 28 64 79 53 60 35 48 34 20 52 5 0 17 21 61 14 29 15 36 16 63 23 62 25 11 32 65 47 68 50 57 71 75 44 40 33 72 10 19 55 58 69 2 56 51 27 3 73
0.68 73 22 68 23 38 24 59 33 34 36 8 18 26
0.87 45 8 33 66 24 67 42 74 43 35 16 26 11 12 77 3 15 4 41 40 46 1 21 5 64 68 39 47 69 60 28 29 58 59 73 20 7 61 56 44 70 37 54 27 32 65 50 6 2 9 57 53 55 13 63 10 25 78 51 31 30 75 62 17 49 79 71 18 48 14
0.40 47 78 35 14 68
0.60 69 58 78 7 70 50 10 45 20 14 31 46 2 76 60 6 32 9 29 62 48 15 41 38 8 44 1 5 26
0.26 56 8 29 27 13 19 31 5 25 11 37 72 30 62 50 38 2 64 0 76 1 70 65 74 71 34 44 45 35 10 24 6 58 4 17 47 28 15 26 60 3 14 32 49 48 57 21 33 23 59 46 68
0.27 58 15 3 34 35 39 30 38 65 16 33 75 72 57 20 14 29 43 4 10 55 45 71
0.95 79 31 1 14 22 65 59 13 3 63 10 51 18 75 60 71 23 32 45 41 19 58 7 70 76 6 16 53 28 37 5 40 46 38 56 34 24 25 62 72 43
0.86 18 38 24 65 78 13 77 47 44 2 14 55 49 73 9 52
0.40 26 75 63 57 19 58 73 32 23 38 21 36 22 55 9 17 6 68 33 16 15 8 43 71 60 64 29 30 13 54 77 35 70 59 48 66 11 41 24 7
0.22 54 76 42
0.09 79 1 58 10 3 14 41 55 43 32 54 73 70 7 57 76 53 45 48 60 64 21 28 44 51 49 13 18 24 19 77 67 4 35 17 33 20 38 63 71 72 25 61 68 39 31 9 12 6
0.64 27 47 30 38 24 50 15 68 41 9 29 18 69 25 3 51 65 77 16 26 79 60 67 76 7 59 71 37 33 63 73 8 45 64 2 55 0 19 4 66 42 62 40 32 10
0.37 40 11 16 2 46 0 38 12 20 51 49 52 55 68 35 23 60 76 15 70 7 32 53 73 67 19 78 25 9
0.04 7 52 62 21
0.57 64 78 75 28 67 7 22 62 17 1 12 59 50 79
0.58 52 65 6
0.51 7 11
0.39 30 7 51 73 12 14 47 72 25 43 69 56 44 76 34 67 45 4 9 52 63 32 23 6 79 53 11 60 21 16 39 70 29 36 65 74 17 2 24 18 55 26 61 19 46 22 42
0.46 58 0 27 72 76 34 20 25 39 37 28 51 7 50 43 5 73 60 35 32 52
0.66 1 17 57 70 48 38 58 3 55 14 0 75 35 20 37
0.57 8 30 61 27 52 66
0.18 35 6 31 48 53 74 18 8 0 38 33 23 11 2 39 77 76 55 73 78 4 27 67 69 19 64 57 45 5 7 34 26 1 32 46 14 70 22 54 12 3 59 56 62 25 68 24 52 9 13 30 75 51 79 10 63 43 44 60 61
0.94 67 54 77 37 63 59 65 52 44 21 39 16 23 56 53 78 6 7
0.82 27 64 28 13 21 17 3 56 32 1 25 4 48 10 57 31 75 15 8 49 41 0 24 11 19 53 16 69 78 34 37 5 65 43 46 76 71 22 42 30 40 70 9 50 33 26 14 73 54 23 52 63 61 36 77 68 39 72 29 47 67 7 20 2 51 55 18 79
0.89 51 16 49 54 50 9 22 57 1 12 15 41 48 70 39 69 43 46 35 25 19 14 27 61 53 32 26 63 59 55 18 64 62 17 74 4 47 38 13
0.84 37 56 13 65 60 30 15 53 74 7 40 29 18 2 35 55 79 70 10 32 69 57 78 14 5 72 71 12 50 17
0.00 25 69 27 17 6 38 30 79 11 9 57 44 55 23 68 28
0.38 17 3 19 66 51 7 25 52 47 59 35 67 54 29 0 20 65 68 23 75 12 60 50 4 57 48 21 39 34 40 11 70 73 30 71 76 15 77 2 38 1 78 36 79 10 18 28 46 62 74 45 56 33 31 13
0.72 49 61 10 76 78 13 43 23 72 52 47 31 40 0 37 57 5 25 15 50 44 11 14 6 16 74 3 36 68 38 60 48 17 26 70 18 42 27 19 2 73 20 8 51 9 30 29 69 54 46 59
0.34 38 35 19 28 25 26 17 37 76 75 10 72 7
0.61 71 19 53 74 67 76 61 55 48 10 32
0.73 58 11 26 65 16 53 73 0 71 17 19 5 55 56 39 1 61 25 10 43 32 40 44 31 34 76 13 20 63 21 22 45 69 79 52 14 66 30 74 47 51 59 78 60 23 68 50 64 4 9 15 37 49 24 35 28 33 75 72 27
0.17 64 34 1 21 55 35 79 40 67 68 0 37 58 74 53 28 52 57 39 31 2 9 12 17 14 44 41 33 45 10 60
0.05 20 42 75 71 21 0 9 50 5 8 51 27 58 35 31 49 30 29 73 18 74 47 78 55 7 65 64 37 70 2 38 1 41 6 46 24 77 48 69 19 23 57 39 13 54 25 56 60 45 17 43 66 32 33 59 76 3 72 11 34
0.50 75 10 20 27 67 65 13 73 79 68 74 70 25 45 44 41 4 52 9 26 32 1 36 48 12 59 35 61 63 5 56 53 6 38 23 17 24 51 28 15 66 47 76 2 60 22 58 19 21 0 78 46 37 72 30 14 7 11 54 8 39 49 55 57
0.21 64 7 9 79 10 47 1 12 63 65 25 17 61 13 73 0 21 62 31 14 28 42 26 51 32
0.54 30 24 21 16 22 37 28 41 53 25 47 18 9 44 38 35 48 17 62
0.65 39 79 31 49
0.33 58 64 74 43 5 42 45 41 13
0.98 33 74 59 73 14 10 30 42 51 61 44 66 72 5 40 68 75 12 25 0 70 24 65 37 56 28 69 11 17 55 57 34 76 43 62 39 71 8 21 48
0.69 75 74 5 26 64 63 59 33 46
0.61 18 73 46 23 52 64 28 70 39 0 10 66 7 57 61 30 60 15 41 31 3 21 40 13 4 33 36 47 56 79 43 24 63 44 69 26 54 14 65 6 12 22 9 42 8 71 51 37 72 34 38 11 1 75 25 78 48 17 45 76 32 68 55 16 67
0.47 11 59 10 29 22 30 47 46 17 5 63 65
0.55 51 0 17 42 3 46 23 32 19 66 6
0.93 71 7 75 79 28 27 17 38 2 72 78 61 5 73 62 66 22 49 35 34 51 26 46 19 1 15 65 55 67 0 25 40 8
0.50 42 79 63 30 18 71 53 28 15 76 72 69 8 77 35 11 38 24 27 2 16 73 37 26 7 41 50 3 33 36 48 65 51 6 68 9 78 40 45 75
0.71 46 34 31 55 67 48 77 44 23 59 21 63 47 43 58 16 15 52 42 70 9 5 50 62 79
0.30 3 14 75 21 0 31 28 65 54 12 29 79 5 56 32 41 71 62 78 64 19 68 42 74 36 73 60 37 11 13 26 52 27 33 8 49 63 67 76 2 57 22 4 45 48 55 59 24 50 70 9 15 51 38 66 17 44 25 72 16 30 10 20 34 18 47 23 6
0.86 72 48 9 27 51 21 16 52 54 30 44 18 24 19 71 74 61
0.40 42 5 32 57 38 33 34 0 70 29 55 10 8 11 30 39 51 14 26 48 18 31 52 13 23 27
0.30 65 8 49 74 18 38 42 29 5 75 30 25 47 27 63 24 13 57 70 52 61 26 67 31 77 78 71 54 79 72 41 2 35 60 46 10
0.68 35 51 76 2 47 68 36 3 78 38 39 75 72 50 6 77 25 21 32 8 63 9 16 45 37 61 79
0.11 52 35 16 23 42 12 25 56 28 49 64 36 55 17 77 24 58 34 2 0 6 72 71 69 40 62 48 65 9 44 68 57 27 50 73 29 39 76 46 7 11 70 22 14 32 60 47 5 38 8 67 37 18 33
0.40 55 77 10 39 35 72 58 60 27 54 53 17 13 7 16 45 48 25 30
0.49 37 59 31 65 50 27 78 13 73 67 60 30 66 71 75 70 25 43 10
0.57 4 65 13 23 25 20 8 12 52 2 1 42 47 60 34 37 53 64 59 28 79 66 29 50 10 9 15 40 75 21 77 6 7 63 41 48 30 67 69 17 55 11 5 56 54 22 76 38 39 3 44 62 51 58 33 16 31 27 57 32 46 70 35 74 24 68 61 73
0.76 30 38
0.13 54 53 70 38 73 68 35 30 75 43 1 46 20 59 56 27 19 0 47 78 11 72 9 17 28 63 3 26 2 23 67 62 36 74 77 41 21 49 10 32 71
0.26 17 25 74 34 31 56 49 64 65 68 60 5 38 41 63 36 76 29 62 30 16 46 75 35 11 2 59 77 53 6 73 21 22 66 78 7 20 12 4 9 3 40 13 72 50 55 61 32 70 52 39 14 33 69 79 42 51 43 48 0 1 15 28 24 71 67 18 58 54 10 44 26 57 23 19 8
0.67 69 51 12 47 79 28 4 15 76 20 3 1 21 48 70 71 59 38 61 72 18 0 40 45 34 56 23 17 75 58 26 32 50 73 7 41 27 22 14 62 10 5 68 65 24 43 46 9 77 49 78 33 13 63 60 55 6 39 35 2 8 37 67 16 31 44 52 57 54 64 11 29 42
0.88 43 73 76 33 26 20 22 53 51 44 79 5 41 61 23 1 12 27 77 47 34 30 8 3 9 42 52 72 11 39 16 69 28 7 40
0.76 28 78 52 46 47 25 49 76 70 26 42 8 10 23 79 71 29 3 56 39 55 34 0 65 66 69 21 19 1 13 22 37 15 20 9 75 36 24 45 74 43 44 58 62
0.50 60 7 37 15 41 76 55 6 26 53 74 19 10 73 31 34 36 72 49 11 67 78 2 77 75 38 1 29 68 43 14 5 45 17 65 22 30 13 47 62 3 64 54 46 12 57 25 33 32 79 20 69 0 39 48 50
0.39 12 67 62 64 68 26 19 39 74 40 15 34 42 66 43 59 9 18 37 76 11 53 20 36 21 33 28 30 75 5 71 32 72 25 16 45 58 46 1 56 6 51 14 49 13 48 44 4 29 10 54 38 7 27 50 79 31 47 3 22 55 23 70 78 35 2
