1 80 112 2
8 4 3 6 5 10 1 6 8 5 7 10 6 6 10 5 8 6 5 4 10 5 8 6 8 5 1 6 2 5 5 7 9 6 6 3 9 4 7 5 6 2 6 6 9 7 10 7 3 10 6 4 5 10 6 2 1 10 3 10 5 4 2 2 9 6 5 4 4 3 1 9 7 6 4 5 8 5 1 7
0.93 4 66 38 75 6 49 12 43 16 0 27 36 22 69 58 2 63 60 53 20 7 76 44 3 24 26 34 48 37 77 1 64 15 55 31 9 78 25 54 11 32 46 40 5 21 59 14 79 71 8 74 47 72 19 30 70 56 41 42 13 33 29 52 35 67 28 50 65 73 18 68 39
0.04 27 51 56 8 35 71 17 55 61 74 75 78 52 6 77 66
0.79 45 10 11 69 68 60 49 36 41 66 58 19 77 13 62 0 40 26 32 44 39 35 8 53 46 16 22 17 67 52 75 23 3 6 70 79 25 56 73
0.88 68 27 31 28 75 1 44 26 32 71 6 43 70 72 48 4 23 53 45 29 40 2 50 62 37 0 18 14 21 22 3 35 39 5 49 78 15 10 8 34 67
0.86 65 67 13 37 6 2 61 42 33 73 22 68 66 57 27 25 48 29 16 32 53 28 5 4 7 8 62 20 26 50 54 10 63 75 59 72 78 18 23 51 30 74 9 17 12 35 36 46 77 44 41 0 49 79 14 47 34 45 70 52 76 11 55 38 56
0.50 33 55 34 74 44 72 56 73 60 6 14 28 48 29 71 49 23 77 57 22 12 78 42 27 21 19 50 41 5 37 32 62 26 66 15 39 16 8 53 54 4 63 11 79 3 46 13 51 2 69 9
0.35 24 11 0 18 72 1 7 23 30 22 51 57 69 63 8 25 41 38 15 50 10 54 35 20 71 32 66 42 76 34 26 17 65 77 62 61 45 56 49 74 78 46 48 79 28 29
0.13 33 45 61 3 49 67 63 40 71 13 43 72 35 7 19 46 32 27 23 0 17 4 22 77 6 76 64 54 69 75 12
0.96 5 74 31 34 0 3 48 9 4 11 71 33 67 56 43 45 65 13 14 68 37 57 60 6 47 49 50 39 44 70 69 73 28 40 24 22 51 64 21 76 20 7 79 23 77 62 59 75 38 61 10 53 16
0.85 41 10 57 32 39 38 31 55 69 56 6 8 18 20 37 65 71 35 36 66 50 3 47 27 70 75 11 34 63 52 44 48 13 1 25 54 73 28 42 53 64 5 21 9 40 51 29 77 12 16 14 67 17 49 76 58 0 30 60 19 61 26 45 59 74 24 43
0.34 20 32 71 52 46 38 76 7 14 79 43 25 67 9 29 61
0.79 32 47 23 19 34 48 78 42 12 53 26 45 40 50 55 66 38 69 71
0.53 52 61 31 62 57 64 29 25 60 6 13 43 39 27 67 22 68 21 33 3 12 15 26 71
0.12 52 65 18 27 25 60 79 49 57 73 9 51 28 34 15 39 72 14
0.46 13 53 51 29 12 23 58 3 15 27 44 22 69 39 65 10 75 55 63 62 9 14 34 45 21 54 5 32 1
0.51 13 58 46 26 68 18 21 20 31 5 15 39 4 34 24 54 64 36 52 75 0 50 74 59 78 57 69 72 16 51 12 66 47 19
0.99 12 33 45 9 13 61 54 47 4 26 18 66 46 56 7 72 22 42 57
0.45 34 32 55 27 67 79 30 36 44 15 37 61 21 22 65 54 17 63 29 42 40 18 28 53 52 62 49 45 41 4 74 8 16 10 5 6 58 60 11 66 20 0 13 76 38
0.94 61 16 72 59 43 52 51 33 66 35 77 78 79 28 45 15 73 27 55 38 23 4 24 12 69 30 3 22 31 11 49 41 2 13 36 6 37 34 25 63 46 1 58 68 75 40 7 50 0 53 9 64
0.40 57 4 23 8 44 26 24 73 54 3 18 2 17 76 15 63 67 68 45 72 55 1 6 59 35 65 77 75 22 49 58 36 40 52 60 31 33 56 69 64 78 16 0 48 12 30 29 25 37
0.51 29 6 74 18 23 42 45 73 39 34 66 61 50 20 33 17 69 63 16 24 38 8 57 19 64 72 2 67 31 1 70 41 30 49 15 7 60 21 10 58 59 11 37
0.74 44 21 1 7 54 78 49 75 65 57 58 11 16
0.01 12 3 0 34 53 5 42 28 33 9 74 50 23 36 8 65 43 78 51 37 72 32 17 6 4 29 7 54 57 62 66 49 77 68 20 63 69 13 47
0.43 69 48 72 26 22 43 53 39 56 57 12 40 9 7 42 31 3 21 65 54 33 73 29 76 75 60 67 52 58 66 34 13 64 77 11 61 8 25 0 70 28 74 36 18 35 32 50 79 38 27 78 55 37 4 5 14 44 23 30 24 71 19 1 16 46 2 15 62 6 45 63
0.57 27 55 51 70 60 17 25 35 34 36 1 65 10 29 66 32 59 15 64 77 11 63 9 79 33 22 75 2 48 3 31 8 21 42 54 38 6 41 68 71 57 18 53 19 45 14 16 69 62 24 43 61 37 7 46 74 76 52 40 56
0.06 38 77 53 19 49 11 59 9 6 68 56 52 12 25 3 34 50 22 47 42 43 45 48 20 58 39 31 40 36 79 33 78 62 73 32 44 2 28 29 35 37 74 57 46 7 26 14 63 24 67 64 66 8 1 13 5 17 21 65 60 70 0 23 75 18 61 27 76 54 30 69 4 15
0.67 59 66 50 21 20 52 29 3 40 54 28 24 33 64 12 14 79 37 4 44 62 8 61 6 23
0.58 48 73 33 34 19 24 60 79 39 23 36 76 52 27 14 12 61 21 38 30 46 42 69 10 44 66 28 57 16 55 77 62 59 49 29 58 67 15 45 41 53 31 72 54 78 32 68 22
0.76 10 46 44 69 45 15 5 52 73 66 61 60 72 22 31 38 18 57 40 64 6 24 50 1 4 8 34 12 68 2 63 37 21 25 70 9 35 0 51 71 30 23 62 7 53 56 55 17 78 67 14 26 54 29 39 65 27 48 42 33 74
0.54 39 57 8 66 44 34 65 75 78 56 64 26 30 22 41 59 27 14 18 10 28 6 3 63 13 50 25 52 29 54 35 15 43 31 1 21 20 33 53 11
0.27 13 38 64 45 75 8 26 23 41 25 51 18 54 66 21 70 4
0.05 44 73 29 77 67 76 46 58 25 64 23 53 33 59 27 36 38 2 51 9 26 54 72 19 14 68 7 63 8 12 52 50 78 22 32 20 65 61 35 49 74 71 39 10 11 41 56 43 17 70 21 40 13 16 55 15
0.59 15 25 58 63 28 12 19 3 34 70 18 1 45 47 7 56 71 13 68 72 8 51 21 17 55 64 66 24 41
0.82 65 21 43 78 57 23 52 60 17 46
0.65 2 58 47 33 7 39 42 64 69 72 54 67 38 41 74 5 27 60 68 79 16 12 23 53 73 46 32 66 17 3 30 59 29 28 24 36 9 40 31 75 20 50 49 63 19 57 15 26 37 11 56 62 21 34 76
0.52 12 30 36 4 33 28 13 35 45 79 18 29 37 43 56 42 31
0.13 4 2 3 39 35 45 33 64 23 76 52 59 27 7 25 46 54 70 32 38 10 66 62 22 74 19 31 26 41 49 17 6 29 61 16 5 12 47 77 73 57 72 28 8 9 56 53 0 1 69 40 55 42 14 24 44 11 67 65 58 30 36 63 37 51 20 79 43 75 21 78 60
0.42 2 71 64 51 62 53 70 56 37 6 73 68 41 28 34 74 76 67 20 21 27 63 14 48 23 0 77 16 75 38 72 29 19 9 44 78 45 61 47 59 69 26
0.60 60 48 37 19 6 8 54 65 76 68
0.72 42 63 2 75 41 32 13 65 40 29 55 19 30 73 78 24 68 76 11 56 37 28 79 8 17 39 60 66 70 25 9 47 51 44 45 3 59 72 14 26 49 27 62 22 35 54 18 77 71 50 23 57 5 64 53 36 1
0.89 49 42 35 67 73 53 14 19 23 36 27 24 26 78 3 32 39 2 6 9 5 72 34 38 44 4 60 13 70 52 68 37 58 54 59 61 47 51 20 55 1 0 50 12 22 17 65 40 30 33 77 11 62 18 66 48
0.08 61 49 11 14 37 59 79 54 7 56 38 69 17 51 35
0.14 6 4 8 28 75 19 78 57 2 66 54 72 35 63 7 0 20 32 21 55 51 38 79 40 1 76 67 62 70 43 41 77 23 3 46 33 13 68 27 65 31 16 74 22 5 18 34 69 61 64 49 71 44 37 60 42
0.24 51 22 24 71 32 14 57 74 48 30
0.04 25 6 7 38 14 21 60 29 58 43 17 47 73 78 32 12 8 71 65 0 19 22 42 51 39 79 54 2 5 56 49 72 30 68 45 26 62 16 31 41 20 67 75 66 3 77 70 69 9 24 36 63 18 46 57 40 35 74 15 48 23 61 13
0.42 0 48 57 40 12 11 39 15 43 25 37 50 27 2 67 58 64 26
0.94 65 12 36 23 63 72 79 24 6 78 25 76 17 64 39 35 38 2 11 53 5 62 60 71 66 49 26 9
0.23 27 1 3 12 35 76 34 4 28 11 39 13 61 24 8 70 59 21 17 57 9 25 79 53 78 44 75 60 68 6 74 63 23 58 55 42 62 5 43 50 49 2 65 30 69 46 71 7 20 40 56 22
0.44 35 64 31 44 34 10 41 32 42 45 19 56 72 23 74 53 12 1 40 50 65 73 52 36 48 76 14 71 30 38 55 49 0 29 24 67 46 27 15 39 69 2 79 47 25 77 43 66 9 51 7 37 26 61 57 78 63 75 17 6 16 22 3 8 11 59 54 70 4 60
0.94 53 38 31 6 78 36 39 8 16 77 19 29 74 27
0.62 64 69 27 21 43 24 52 0 57 55 40 11 25 58 16 1 30 18 15 28 5
0.28 2 36 16 19 18 43 0 33 49 53 24 75 35 28 60 64 5 62 20 37 50 77 70 7 15 74 58 3 1 23 65 67 13 38 34 79 21 4 69 57 12 17 26 68 66 27 76 61 8 47 11 46 48 51 32 55 71
0.85 64 73 6 29 70 12 62 78 37 57 72 5 74 49 25 59 38 46 66 42 16 14 53 28 48 23 56 1
0.61 25 76 48 41 17 30 5 24 77 0 29 59 28 71 4 31 67 39 23 42 45 19 55 16 69 47 18 40 34 75 49 14 12 62 10 50
0.34 64 35 15 0 45 6 1 69 19 70 71 79 50 74 63 62 44 38 39 2 41 65 52 56 22 17 66 75 5 77 55 72 53 73 21 14 57 7 8 32 25 11 20
0.53 76 71 11 63 72 77 51 52 69 70 19 56 30 40 25 46 29 65 27 15 3 36 31 24 54 43 74 18 47 44 33 60 23 39 73 6 64 21 50 55
0.91 50 59 18 17 27 72 62 48 60 28 40 52 21 67 57 11 44 26 37 36 3 53 22 58 5 75 20 31 63 41 23 9 29 71 78 45
0.97 6 34
0.09 64 7 22 21 31 23 72 71 1 53 44 48 62 8 39 79 17 50 52
0.86 53 43 32 38 44 16 18 48 66 77 41 30 3 5 35 54 76 63 46 72 7 26 33 8 23 15 52 21 51 37 45 62 47 56 58 64 10 14 17 74 31 4 39 67 11 61 71 12 19 22 34
0.48 19 43 22 14 12 75 9 25
0.31 70 32 1 78 71 48 26 15 49 76 29 16 14 34 64
0.33 49 30 44 76 20 78 58 26 61 31 21 23 33 56 67 69 75 19 59 13 27 38 34 52 1 2 25 24 6 39 72 65 70 18 79 62 54 9 47 0 40 14 57 17 10 71 41 28 16 66 68 35 15 46 63 36 37 12 60 48 22 42 53 45 8 73 3 32 55 77 7
0.15 75 11 46 76 61 48 56 3 32 42 34 67 55 16 69 4 47 68 21 49 23 64 73 57 59 77 22 71 24 9 31 20 53 70 2 65 63 78 19 43 54 66 58 12 10 15 50 13 39 5 38 33 18 52 37
0.81 8 15 42 45 19 39 58 57 63 31 18 34 10 62 17 5 55 76 33 59 3 13 52 37 73 16 66 25 60 38 72 68 65 4 69 53 29 36 1 47 70 77 74 54 32 14 26 79 71 51 21
0.17 58 51 55 49 50 62 8 5 22 56 67 71 12 60 69 38 41 2 7 24 35 14 79 16 26 53 46 44 6 65 59 33 18 3 25 23 34 70 19 28 43 47 9 13 20 36 39 57 61 15 76 32 78
0.29 28 59 76 8 18 55 74 10 27 53 23 58 71 6 60 0 21 43 50 9 31 37
0.54 45 18 10 52 8 57 4 27 34 47 13 60 76 35
0.01 72 7 77 55 66 58 14 74 15 25 78 49 61 48 27
0.03 2 11 77 18 28 21 4 8 70 51 22 54 46
0.47 78 68 55 37 4 6 9 38 49 26 67 60 20 30 66 58 73 17 23 21 39 11 65 1 33 8 63 16 53 34 29 61 14 79
0.86 5 23 31 68 72 16 73 42 64 61 30 28 77 78 41 74 35 57 76 29 55 46 32 33 26 9 37 7
0.90 59 56 0 73 44 24 18 23 25 12 67 5 71 64 39 38 62 26 55 1 52 45 22 35 49 76 7 43 14 48 72 4 69 70 8 42 61 75 3 40 41 15 77 28 31 32 36 65 17 34 33 21 57 27 63 6 47 30 46 79 51 16 2 58 11 29 19 53 54 66
0.86 36 21 30 23 53 20 1 13 7 38 12 2 14 15 59 10 19 40 4 51 61 48 70 74
0.90 77 60 6 25 28 78 7 42 56 76 61 48 59 38 40 79 5 8 16 73 44 50 35 20 63 41 14 3 67 65 32 66 15 24 70 9 46 33 72 57 52
0.96 31 20 27 3 50 33 66 41 5 35 26 54 64 2 39 43 58
0.81 27 51 65 6 41 30 55 50 72 12 26 49 76 21 20 11 16 31 74 35 2 68 43 53 22 64 10 73 67 36 1 59 63 38 48 58 9 19 52 71 14 66 3
0.26 6 18 74 15 11 38 7 20 19 67 12 42 8 21 59 16
0.43 50 46 70 16 3 69 25 65 13 5 68 0 21 17 4 29 73 52 9 39 55 78 1 31 54 64 26 63 62 79 10 41 57 71 53 40 2 30 19 33 38 12 44 32 7 37 72 66 42 8 47 67 36
0.31 12 19 52 11 37 3 23 63 51 16 66 4 45 9 39 24 31 27 68 65 1 26 57 13 22 10 20 77
0.70 41 5 0 33 50 45 66 7 21 46 35 31 68 74 49 14 27 29 34 75 30 16 43 39 63 73 52 53 65 22 26 19 10 36 55 23 13 44 69 67 6 59 24 77 12 28 1 58 42 48 38 9 4
0.52 59 42 15 1 10 37 24 14 34 8 25 49 52 51 9 60 46 56 32 68 77 73 44 36 64 21 5 20 18 43 45 39 70 3 53 12 47 35 65 2 72 48 16 63 78 74 11 38 4 23 41 7 27 22 67 13 57
0.94 54 3 36 17 42 35 21 15 33 2 29 43 79 4 18 51 6 26 1 38
0.75 78 21 74 79 32
0.45 7 66 70 54 9 60 35 53 52 62 5 26 25 28 38 46 10 43 34 0 79 56 75 32 64 57 23 45 42 36 37 72 63 21 40 67 59 3 8 73 16 69 47 61 74 22 12 65
0.47 43 25 47 63 49 70 61 16 41 65 74 40 13 30 78 42 12 79 29 36 26 53 22 71 18 11 68
0.40 24 6 11
0.71 19 67 62 1 58 33 27 69 60 64 39 75 55 20 4 49 73
0.70 41 79 52 53 22 75 73 25 6 77 47 31 14 57 26 72 51 10 9 38 70
0.71 10 18 1 21 33 16 75 73 27 47 19 30 68 35 39 43 60 17 42 55 32 36 52 34 14 74 50 58 26 77 63
0.59 59 5 24 17 21 7 55 64 25 12 22 56 19 0 57 74 75 61 4 16 34 28 62 3 11 10 38 29 72 76 49 39 27 37 2 47 70 23 44 20 69 66 41 36 33 68 35 65 31 51 46 13 54 1
0.43 13 50 56 9 67 7 14 22 49 3 25 32 17 4 41 2 76 62
0.39 38 79 41 19 67 7 11 65 51 76 5 48 47 56 63 60 46 34 16 21 2 66 8 70 45 61 55 35 30 3 37 15
0.66 72 24 1 49 41 26 27 47 29 43 31 40 9 79 30 4 74 59 48 22 32 36 53 13 76 46 77 39 69 52 75 38 78 35 34 23 14 63 65 12 45 68 0 5 71 28 73 6 10 51
0.45 38 43 65 28 62 60 3 71 0 77 73 51 58 67 8 44 45 26 50 79 4 23 61 46 69 24 1 19 18 12 68 55 31 6 76 57 22 35 36 16 72 25 30 52 39 70 32 21 11 49 34 5 17 53 40 14 78 42 66 37 63 41 56 27 10 29
0.20 10 16 6 30 32 75 5 53 43 25 65 56 70 23 49 15 59 2 38 19 72 33 63 46 76 39 4 54 78 27 18 9 69 57 55 34 36 74 21 40 67 62 45 52
0.40 63 62 78 55 3 46 76 75 11 26 57 58 60 1 71 24 79 7 64 35 15 28 40 50 25 18 38 42 70 19 32 12 17 27 22 77 31 0 34 4 49 5 2 56 23 69 61 33 6 51 73 30 8 65 48 53 52 66 54 21
0.67 7 53 25 3 46 55 49 31 72 12 73 54 62 48 51 42 6 9 38 39 27 10 18 47 21 33 64 36 52 15 66 57 35 74 44 40 30 37 16 19 14 0 1 65 45 2 77 60 79 70 56 69 43 28 76 58 8 34 71 24 4 23
0.60 4 64 66 57 8 48 16 46 38 79 31 44 58 21 74 22 71 73 68 40 36 60 42 59 50 24 77 56 39 26 14 29 13 0 35 19 34 54
0.73 27 49 18 11 57 67 39 68 20 35 33 2 78 79 74 53 23 59 26 40 4 69 5 31 14 10 41 6 66 47 0 58 16 52 70 54 17 61 34 7 29 75 65 42
0.18 65 30 50 51 35 46 61 2 23 43 6 57 25 79 37 38
0.50 20 24 27 53 47 63 10 32 74 50 49 2 33 54 68 7 39 44 3 60 76 16 34 22 40 65 17 36
0.66 42 40 61 64 51 0 7 53 12 8 65 32 67 72 75 76 69 27 55 16 9 68 48 2 10 26 28 4 74 24 29 21 33 38 37 39 47 78 23 73 35 59 18 77 31
0.04 6 38 16 2 13 29 46 69 58 47 17 71 35 36 1 49 75 51 8 10 53 34 66 32 68 59 54 61 27 45 14 52 21 57 76 63 0 15 23 74 65 11 19 3 12 50 77 43
0.33 52 8 22 9 4 46 71 23 64 1 42 68 60 56 73 59 21 24 39 14 29 43 74 15 11 65 38 61 25 47 48 69 40 37 18 51 66 35 76 57 20 33 55 27 13 26 17 50 58 54 63 41 79 31 12 0 2 72 75 67 30 44 6 32 45 70 10 16 77 7 78 5 49 34 28 62
0.45 55 64 8 4 71 36 15 59 70 34 54 43 75 28 9 13 51 78 19 16 58 12 52 31 0 5 40 49 22 32 60 77 42 37 66 21 48 26 27 53 72 2 14 20
0.22 27 16 67 2 10 24 60 25 43 61 12 70 30 40 3 33 42 28 73 20 48
0.40 40 6 46 69 18 5 66 19 29 37 39 43 58 65 68 76 54 16 22 72 60 53 15 78 70 63 9 3 11 59 34 10 67 61 28 25 74 12 7 73 52 77 49 26 33 55 48 31 71 38 23 24 0 2 79 56 47 44 20 50 57 8 21 4 1 51 45
0.02 61 62 59 3 35 41 22 24 43 8 14 37 48 23
0.20 14 47 53 59 38 33 26 50 74 42 10 79 6 67 32 31 48 72 64 43 11 44 0 46 69 54 73 24 52 41 16 40 77 36 30 37 18 25
0.87 0 67 58 40 52 18 59 54 23 68 50 74 14 29 60 44 27
1.00 6 67 44 66 29 59 5 4 33 34 63 1 64 49 50 72 27 40 20 69 73 21 3 31 43 45 46 12 14 7 62 22 70 0 60 48 56 39 8 38 10 17 78 51 75 79 58 9 18 41 68 2 52 65 25 61 54 77 35 19 42
