1 80 80 2 14310.83
1 5 10 4 8 10 3 2 4 10 5 2 9 2 8 4 4 9 4 5 2 8 7 2 4 4 7 8 5 4 8 1 2 4 7 3 7 8 7 6 10 1 10 4 6 1 4 1 4 1 9 10 2 4 7 5 1 5 9 4 8 1 7 10 10 3 9 3 4 9 9 6 7 8 9 1 9 8 8 5
0.61 25 76 60 22 35 70 79 56 5 27 34 57 7 21 13 48 67 26 63
0.84 58 63 71 5 9 62 49 53 69 75 14 33 65 45 24 66 20 21 51 8 54 60 39 38 50 68 18 72 0 56 29 73 16 43 13 40 42 36 46 31 57 52 1 11
0.53 57 12 33 48 56 36 16 19 70 73 59 28 27 72 60 63 21 39 43 49 32 74 51 34 55 68 3 64 17 5 15
0.18 14 23 79 2 46 77 75 66 60 54 62 0 76 48 10 43 55 69 35 34 70 50 21 15 31 36 42 37 67 13 64 16 7 17 41 26 8 63 57 19 4 20 24 61 6 12 38 25 27 3 45
0.84 53 44 27 20 40 61 38 73 58 35 46 26 3 70 10 17 45 51 8 72 47 9 23 22 16 75 50 63 41 60 59 15 7 6 29 33 42 18 66 21 30 0 76 52 39 12 67 1 34 79 36 5 68 43 31 14 48 74 19 64 55 11 13 37 69 25 71 24 49 28 56 54 62 4
0.11 77 58 2 45 36 6 67 49 76 10 4 8 52 70 55 19 18 12 64 13 27 53 48 22 0 3 39 17 68 59 71 57 7 50 63 47 1 9 78 5 24 51
0.11 16 11 67 38 72 65 70 14 56 25 45 66 43 71 26 29
0.13 3 17 33 72 48 66 79 4 23 21 30 8 14 58 49 64 24 34 46 60 20 12 57 5 71 31 53 2 19
0.61 65 5 13 35 26 50 6 20 32 0 39 3 30 78 53 38 10 68 40 19 66 67 24 27 2 73 74 72 37 48 59 58 18 57 31 64 33 44 77 70 8 9 45 56 71 7 42 41 23 51 47 17 14 54 12 34 75 1 36 43 15
0.82 49 54 19 28 37 72 33
0.74 30 14 76 62 20 74
0.33 2 45 37 13 56 42 77 25 64 70 31 27 9 65 17 72 43 26 68 7 11 78 63 54 69 36 0 79 55 10 30 71 74 60 67 22 16 12 66 59 51 35 58 20 44 8 46 23 38 61 47 5 40 1 52 57 21 15 3 50 49 19 14 41 39 62 6 28 24 4 75 48 33 32 53 73 29
0.00 47 34 15 25 63 61 46 76 59 19 68 58 49 2 72 33 37 55 24 70 3 11 66 52 17 23 5 35 65 60 0 54 28 74 7 64 45 41 9 42 20 4
0.97 18 52 21 70 12 15 4 73 51 19 25 42 64 55 33 38 79 1 74 30 13 36 10 46 8 24 26 57 63 47 43 23 11 5 56 66 53 3 16 65 7 67 35 37 68 44 76 45 28 75 32 0 61 58 2 62 59 17 72 69 9 50 31
0.08 0 11 38 66 1 39 53 63 25 37 32 45 54 52 36 34 40 22 6 43 61 65
0.94 69 59 40 63 61 15 33 44 25 1 24 37 60 73 55 65 2 23 71 54 0 7 11 16 78 28 39 64 19 46 34 18 77 47 72 79 70 3 17 32 67 51 58 66 74 5 20 6 4 14 12 38 68 50 57 8 31 76 30 13 26 53 36 42 48
0.07 52 28 4 67 58 35 36 30 65 64 55 7 41 14 46 60 23 42 45 6 20 78 32 10 5 13 34 70 33 40 38 16 1 57 26 73 72 8 54 74 69 37 77 79 31 21 44 50 62 12 15 24 25 51 22 17 53 0 9 76 63 68 29 56 18 61 49 19 66 27 3 47 59 2 75
0.54 57 24 48 27 20 54 56 46 76 59 18 74 4 44 12 7 73 25 72 23 40 53 22 11 29 31 42 39 38 71 14 65 3 43 1 19 47 15 26 51 79
0.42 73 19 45 42 41 22 51 35 48 10 34 69 63 39 4 60 11 58 78 27 29 67 77 14 20 66 79 33 5 44 28 0 30 59 54 53 21 68 75 71 31 55 47 70 64 2 26 23
0.09 26 25 78 48 37 51 49 40 63 75 27 68 12 29 3 11 36 74 2 20 69 35 45 31 39 77 17 6 71 8 79 47 16 54 7
0.10 1 6 64 65 16 23 3 56 30 19 44 7 52 48 28 35 13
0.28 21 62 37 58 20 30 6 8 56 78 5 70 57 69 60 36 79 55 54 7 10 26 22 23 67 76 61 42 0 63 31 19 65 16 3 45 59 43 72 32 12 71 34 11 51 4 48 66 40
0.39 2 67 21 51 0 73 59 8 12 61 4 65 34 24 48 26 32 42 31 71 11 72 15 77 40 47 75 6 35 38 28 69 1 9 41 17 55 10 25 62 49 74 78 64 27 18 39 79 60 66 30 19 3 14 23 20 16 63 33 36 54 44 37 53 5 76 46 57 22 56 70 29 7 43 52 50 45
0.92 60 46 65 0 50 23 71 10
0.92 6 25 20 12 64 67 52 77 14 55 21 65 49 15 1 50 17 72 42 46 43 7 3 74 29 4 63 26 53 68 51 31 40 75 78 58 34 57 47 13 36 48 69 5 23 39 8 45 71 19 59 61 79 27 2 35 24 54 33 16 41 32 38 70 44 76 11 56 37 10 28 73 60 18 9
0.04 21 24 72 59 19 25 63 58 26 65 28 16 73 39 78 74 77 33 75 40 50 20 45 57 61 48 2 0 62 54
0.48 19 11 59 37 41 31 40 26 54 24 53 6 18 5 42 23 58 28 22 61 63 34 69 73 21 16 78 20 55 2 70 8 0 79 15 43 44 10 36 25 33 35 52 64 65 12 60 14 66 57 75 77 39 49 3 7 32 62 71 45 4 47 74 46 67 30
1.00 29 73 79 31 18 72 34 49 55 3 6 78 36 63 48 32 28 59 13 37 12 30 25 46 66 50 42 4 56 11 40 7 57 15 19 10 24 53 35 39 67 70 21 64 17 69 45 38 54 51 27
0.38 22 60 77 7 79 50 75 67 4 54 74 10 73 61 8 3 33 43 36 35 49 56 2 51 40 24 46 12 21 18 20 25 71 38 65 26 42 41 55 53 15 48 6 14 62 13 72 31
0.94 45 71 24 42 11 51 79 14 56 58 12 69 57 17 6 75 55 73 61 35 16 47 9 39 30 38 36 18 59 1 2 68 65 72 74 62 26 49 32 20 67 21
0.32 20 8 70 13 22 26 49 54 29 23 30 64 65 76 40 46 17 48 39 47 43 77 24 59 5 12 68 45 73 16 35 69 10 72 25 27 62 7 37
0.39 35 14 62 23 73 77 17 64 67 54 42 74 9 68 49
0.90 24 56 14 36 71 7 23 26 59 63 74 39 32 55 61 52 48 79 3 27 75 20 45 1 51 21 65 11 42 17 31 6 78 12 4 29 43 37 64 28 13 77 8 15 53 22 35
1.00 52 70 55 13 7 6 37 49 24 18 56 12 60 19 45 47 48 78 46 50 59 67 74 20 71 42 1 14 65 38 17 16 10 77 57 5 26 73 8 44 58 63 62 39 2 68 66 23 22 4 33 30 25 54 15 69
0.29 54 66 75 69 17 60
0.21 77 28 40 32 54 31 26 33 45 58 57 23 43 8 29 44 53 7 56 2 66 6 17 64 52 21 39 35 69 51 62 36 38 48 71 37 73 50 59 14 65 75 70 42 18 68 30 76 20 22 79 27 47 60 12 15 72 4 10 55 34 78 1 61 0 46 25 16 63 9 24 13 5
0.18 29 52 41 63 66 33 67 54 27 58 39 32 74 18 38 21 51 34 11 55 53 64 23 70 62 22 48 26 12 4 69 57 59 40 7 78 37 6 60 75 14 35 13 0 16 20 8 43 77 45 76 30 50 2 1 47 28 71 56 17 68 25 5 31 10 36 9 49 46 65 44 73 3 19 79 42
0.18 25 16 75 51 63 65 34 29 15 19 36 41 44 67 28 21 54 73 27 59 52 71
0.65 36 32 4 53 78 17 77 8 38 42 55 23 35 70 51 65 27 75 13 61 56 58 52 22 6 63 43 19 41 39 9 40 14 29
0.87 32 56 10 27 43
0.24 26 51 53 71 44 15 20 67 35 48 70 45 72 76 19 36 21 69
0.38 36 58 68 47 8 39 22 17 1 28 13 65
0.21 29 74 12
0.71 54 28 49 19 38 71 56 15 25 18 26 33 14 29
0.82 68 7 6 50 28 59 42 78 18 27 40 67 25 21 57 23 43 71 32 26 74 19 73 38 75 29 1 54 55 2 45 52 58 12 56 10 63 8 64 65 13 66 34 77 14 79
0.75 66 51 70 78 37 67 3 54 40 59 63 46 35 14 75 20 12 50 45 1 19 22 0 74 25 34 49 23 5 47 2 62 56 60 71 8 39 6 38 57 31 36 13 7 30 16 76 61 48 9 52 21 58 17 27 10 18 72 15 44 73 4 41 28 26 65 55 32 29 64 53 79 77 69 24 11
0.44 50 41 49 1 74 76 21
0.37 66 65 20 8 42 46 70 59 26 41 45 54 23 25 43 58 6 12 2 72 48 13 55 47 7 67 50 40 28 73 21 57 63 60 69 52 74 75 34 64 56 5 35 3 61 16 62 11 79 68 19 37 78 17
0.77 1 61 35 30 23 14 26 46 64 45 24 62 59 66 3 13 53 56 47 18 42 72 57 44 28 55 27 21 31 20 19 43 67 76 50 41 79 58 6 10 2 73 74 5 17 15 40 33 16 37 9 32 11 39 34 8 12 25 48 71 70 38 77 36 65 0 52 22 49 75
0.55 51 0 47 35 28 14 74 56 21 17 30 22 16 59 10 76 18 38 7 11 54 49 70 63 6 46 67 3 53 20 2 62 1 9 65 61 25 58 33 29 57 27
0.65 32 62 3 48 54 0 73 50 17 44 14 47 75 30 69 6 57 10 22 71 68 25 27 13 72 67 49 33 41 63 7 59 37 5 58 70 19 28 53 46 29 56 77 1 43 36 60 74 55 34 9 40 65 66 31 78 76 26 35 15 24 21 8 4 79 11 23 51
0.63 28 62 9 18 36 41 42 52 37 5 6 78 64 8 48 14 45 35 60 47
0.11 29 8 40 54 6 12 55 21 65 70 56 67 42 10 66 32 76
0.68 51 15 22 29 75 48 19 46 62 11 23 68 50 64 79 37 56 18 4 20 58 38 30 77 0 69 60 21 67 45 41 33 49 10 57 32 40 70 36 16 73 72 76 26 24 43 17 71 9 74 53
0.63 66 43 49 29 34 54 31 4 30 39 9 33 75 70 64 35 74 44 63 21 40 71 56 79 77 6 7 27 38 13 58 12 36 2 32 19 17 50 52 46 28 24 22 5 73 60 42 65 0 48 53 3 55 67 61 62 68
0.65 1 65 15 69 47 9 17 73 38 4 40 44 28 37 32 13 36 18 19 11 70 2 49 10 3 23 48 67 25 74 60 57 61 77 53 20 52 54 71 22 45 63 56 66 78 33 7 76 26 43 12 31 21 29 55 58 14 34 27 51 6 50 30
0.84 47 11 31 22 70 23 41 49 39 50 16 9 72 29 75 61 69 48 51 67 18 2 57 4 68 76 10 53 32 78 55 37 0 71 28 21 27 43 36 52 5 15 1 12 13 7 45 33 77 74 58 46 44 56 65 34 54 73 25 59 26 19 14 17 8 42 24 6 62 35 40
0.60 55 19 44 26 5 72 58 67 74 2 28 59 25 79 33 57 70 49 1 51 65 4 8 37 30 46 11 9 48 73 13 50
0.22 59 15 0 14 11 68 48 3 31 2 64 53 35 69 18 8 24 46 40 77 37 63 43 39 6 75 29 41 67 4 62 13 9 42 25
0.99 78 67 65 47 0 1 41 30
0.17 69 37 1 78 19 22
0.59 44 37 39 60 73 5 43 3 50 8 0 47 52 13 36 22 6 17 25 62 2 20 14 24 18 68 63 59 70 49 35 76 29 46 77 10 16 45 26 64 28 51 67 72 15 19 1 41 66 61 11 54 57 55 65 4 42 48 79 32 74 75 69 34 9 30 33 23 27 21
0.75 75 73 48 42 25 78 54 57 65 58 2 7 43 26 6 55 11 35 12 51 31 79 34 70 5 64 14 13 47 30 52 74 28 59 39 62 63 41 9 22 32 69 0 77 60 44 20 10 67 4 61 3 53 45 50 36 23
0.17 38 24 61 13 62 74 43 21 40 78 16 57 39 22 27 53 33 47
0.58 47 9 24
0.53 41 28 38 56 32 29 23 52 42 70 37 46 67 31 8 51 39 75 3 19 77 20 53 7 9 47 72 27 16 64 1 58 55 69 2 10 73 4 12 14 33 50 63 76 79 36 21 30 48 65 0 22 49 34 60 71 43 59 66 26 24 18 15 5 78 17 54 57 74 25 61 68 6 44
0.59 23 59 68 4 2 12 22 6 78 43 30 11 57 54 67 27 18 34 36 3 20 26 70 40 63 37 74 41 77 45 28 19 5 62 44 38 64 9 32 65 69 76 52 47 66 42 29 56 24 50 72 55
0.24 74 78 9 71 60 6 56 70 2 5 22 67 61 63 3 34 50 48 30 31 69 38 1 53 16 66 72 51 41 36 42 57 44 24 20 43 33 52 35 0 18 47 45 39 17 62 11 40 13 68 77 29 26 55 76 4 25 21
0.15 27 42 47 52 78 3 76 13 38 6 22 45 72 33 54 23 14 73 28 31 53 10 75 71 55 44
0.27 2 49 52 37 23
0.09 50 61 40 26 22 51 9 77 25 21 27 8 34 31 1 23 15 66 53 60 62 73 44 70 78 41 0 64 33 56 63 57 58 47 17 39 59 68 35 32 2 42 52 18 79 7 6 71 20 24 29 75 72 48 49 30 36 4 46 74 37 76 11 12 45 13 67 16 69 54 3 55
0.05 3 29 48 58 66 6 76 45 31 50 10 14 78 47 49 73 40 25
0.46 1 28 74 18 10 48 35 29 11 60 56 7
0.34 25 27 47 45 46 0 30 51 39 4 18 36 29 24 68 79 64 57 7 16 66 60 58 52 59 33 15 23 2 43
0.15 3 62 37 69 67 43 13 36 53 56 21 28 12 46 76 55 6 45
0.63 62 50 57 12 69 8 1 3 20 48 5 37 36 75 14 16 46 43 27 51 74 45 34 38 0 39 15 63 52 23 54 32 41 60 59 76 55 21 40 9 17 78 70 61
0.38 27 26 41 59 32 28 20 5 78 75 35 30 76 42 77 36 55 70 52 50 34 44 0 38 25 56 9 43 63 54 64 17 23 79 24 68 3 33 19 11 37 60 18 1 53
0.84 72 70 27 14 73 40 6 15 47 59 50 79 46 25 34 5 26 17 1 10 61 77 4 8 24 74 20 45 31 57 76 52 36 54 67 39 66 71 16 28 62 0 7 41 56 13 65 60 33 68 30 19 18 2 44 29 63 75 64 43 32 9 12
0.76 49 50 38 41 65 21 64 71 37 76 47 44 25 59 16 17 56
0.73 3 19
