1 80 48 0
7 5 7 5 4 2 6 3 7 7 5 3 7 9 10 3 1 1 9 1 6 2 7 3 9 1 2 9 3 6 9 6 6 6 6 2 3 1 6 2 8 2 10 5 9 10 4 5 1 4 2 8 7 3 9 10 8 8 8 10 9 7 8 3 8 2 5 4 5 9 1 10 5 6 3 7 4 1 1 10
0.18 33 6 61 2 53 55 63 17 31 65 13 79 26 11 24 45 51 43 9 28 35 50 44 57 64 46 49 47 40 75 48 18 77 41 38 78 1 19 59 23 72 68 66 74 22 73 37 5 71 42 76 20 60 32 34 3 70 15 0 8 30 62 4 25 67 7 56 16 10 58 29 52 54 69 21 14
0.28 30 23 35 39 43 74 49 77 27 66 53 46 25 79 3 52 78 76 40 72 44 59 63 9 15 75 41 42 21 24 37 0 50 70 51 38 62 28 18 5 34 7 65 2 60 48 68 13 29 61 36 57 45 32 58 14 12
0.74 55 26 27 51 68 36 30 57 38 19 40 59 32 21 76 62 43 53 24 79 11 77 71 37 28 58 66 67 23 31 16 50 17 72 52 49 63 46 47 3 42 0 73
0.91 17 67 30 56 57 11 63 58 72 79 52 13 78 25 32 31 16 8 62 14 71 48 15
0.60 71 76 40 18 43 75 60 4 56 52 44 15 57 54 8 22 47 23 31 16 13 25 59 39 45 27 68 0 17 66 34 29
0.88 73 72 21 6 76 14 27 41 49 30 32 22 46 69 51 26 10 12 55 9 78 31 36 66 0 8 28 13 70 75 67 40 59 50 63 57 79 29 42 11 2 1 19 17 68 34 45 7 62 53 65 58 52 38 61 43 56 48 39 24 18 60 16 20 15 71 33 74 44
0.36 46 55 21 79 43 15 77 41 76 1 40 68 49 34 30 37 3 14 78 5 8 73 24 42 52 38 72 54 51 17 63 56 67 47 61 65 58 53 35 6 59 33 28 22 7 20
0.30 72 20 10
0.97 74 39 33 1 55 20 48 38 69 28 67 8 54 3 26 50 66 58 62 76 70 36 14 79 64 21 72 22 60 73 77 16 34 44 23 49 5 61 78 24 9 40 46 4 57 6 12 32 27 7 51 43 30 52 68 11 63 75 2 10 65 41 47 0 56 53 42 15
0.35 38 57 39 36 16
0.73 37 29 39 75 45 36 53 8 30 72 20 62 26 18 4 1 49 79 35 19 46 68 34 32 57 41 38 56 21 44 2 24 73 66 47 23 10 52 78 48 25 3 17 76 55 33 28 11 64 54 42 50 71 65 27 31 70 14 77 43 9 63 67
0.39 69 7 44 66 61 25 73 75 6 3 79 24 9 2 54 53 33 48 76 15 0 42 22 57 37 65 14 72 45 64 43 8 55 63 36 35 39 31 56 18 29 47 40 77 59 50 58 46 5 70 67 32 1
0.36 25 61 7 9 70 75 72 3 32 23 17 54 47 68 0 78 64 45 10 22 57 21 12 19 52 53 37 20 36 38 65 74 29 39 63 16 28 14 59 69 15 76 79 30 35 4 11 1 18 51 40 66 58 50 44 33 60 49 2 8 34 6 43 55 26 27 13 41 67 31
0.97 38 56 35 44 76 57 6 74 62 19 21 30 75 27 53 13 4 3 45 8 58 29 34 15 23 59 73 50 20 2 25 68 77 9 10 39 72 67 1 12 31 48 63 5 41 24 61 18
0.18 52 63 47 59 61 46 67 34 26 18 31 68 12 29 36 28 9 73 51 70 0 49 39 32 77 79 50 71 48 65 55 6 43 23 17 69 3 2 74 57 13 38 54 35 15 60 16 20 75 58 8 5 53 4 62 11 42 22 7 21 37 14 41 1 45 19 76 64 78 30 44 40 56 24
0.82 21 73 12 30 45 37 32 27 70 41 71 59 16 28 13 24 5 0 56 40 50 4 55 78 29 38 15 26 64 44 61 65 19 34 9 67 66 79 49 42 47 14 8 1 53 72 69 76 43 48 25 11 60 46 51 31 2 74 36 68 23 33 63 57 6 77 75
0.28 8 11 10 71 65 13 46 41 15 72 64 63 77 68 23 34 24 14 20 67 40 39 16 44 17 62 29 18 47 50 31 54 49 55 76 9 75 30 7 42 74 58 5 26 21 32 60
0.52 66 65 37 2 13 6 40 14 7 21 38 53 67 75 59 77 36 46 78 54 62 60 41 55 22 52 43 27 32 74 5 56 24 16 42 57 33 18 30 45
0.64 50 33 30 31 13 23 58 78
0.71 58 47 49 78 3 77 27 68 53 22 30 34 79 69 72 1 29 59 51 74 35 44 65 46 5 14 55 57 41 56 36 9 13 38 45 24 63 7 62 10 8 4 37 32 18 28 31 75 40 43 50 2
0.52 68 70 27 51 28 0 40 7 76 12 56 64 30 26 38 71 52 16 25 21 11 17 29 13 18 75 42 63 22 10 19
0.57 42 9 64 61 14 23 30 38 77 11 46 51 22 8 2 5 48 73 27 56 63 19 76 34 20 39 49 78 29 28 55 60 70 53 24 6 65 16 37 17 69 44 41 66 26 40 52 25 72 18 59 3 58 75 13 1 45 36 62 74 54 67 32 71 79 47
0.48 65 60 55 5 31 40 18 1 13 19 26 3 62 39 49 4 32 42 15 59 47 76 63 16 2 22 14 68 27 70 66 38 41 75 17 28 53
0.28 52 36 50 59 35 74 21 53 68 25 69 49 13 47 61 45 17 72 70 40 77 76 15 79 34 0 4 51 54 20 7 14 24 57 33 44 48 62 28 63 75 29 22 11 2 39 58 10 5 46 55 38
0.71 40 23 25 59 67 14 0 69 58 9 60 44 77 34 36 18
0.71 65 44 24 77 51 15 10 78 64 66 52 1 25 17 20 41 32 46
0.75 53 35 75 29 23 78 50 47 1 45 48 33 66 63 71 34 19
0.93 74 2 20 63 22 64 31 10 17 13 72 58 39 73 55 76 23 16 0 8 49 79 35 46 56 32 4 50 57 6 11 65 14 24 25 71 1 48 15 42 27 52 5 70 61 51
0.53 7 55 56 73 19 69 4 6 67 78 15 79
0.97 40 3 46 56 50 31 57 41 17 38 19 65 72 45 75 79 67 63 58
0.93 45 1 76 64 40 59 37 41 4 49 32 20 7 50 46 10 44 30 16 48 54 9 58 60
0.65 42 20 11 62 78 28 53 9 24 64 68 37 23 41 57 29 5 17 22 73 51 58 44 12 52 60 75 19 4 25 70 61 49 45 35 26 1 66 77 3 63 74 7 46 40 39 59 2 56 72 69 38 71 43 18 15 67 14 65 55 27 13 32 6 79 33 47 10 0 48 54 31
0.07 32 77 76 41 5 30 52 18 73 11 69 29 44 21 0 70 2 6 4 34 61 36 42 75 9 28 71 43 7 54 62 40
0.89 22 41 18 32 56 48 9 24 23 47 43 63 34 69 5 38 42 52 16 21 33 44 2 53 4 25 20 7 46 37 58 61 74 73 11 65 29 15 75 55 10 62 57 60 49 54 30 27 28 51 45 71 77 64 0 6 36 19 72 26 67 13 66 8 76
0.57 13 76 58 45 48 50 16 51 3 70 74 29 6
0.96 45 17 42 59 0 64 56 16 67 66 8 13 19 36 24 25 21 77 57 78 4 73 9 35 79 51 11 39 33 1 14 31 52 30 41 38 12 20 60 46 7 69 22 74 44 63 62 72 37 15 54 34 75 29 2 71 61 50 70 10 27 23 53 6 68 40 28 3 5 49
0.96 40 25 59 12 8 37 74 20 46 5 68 43 66 42 51 19 47 0 60 39 50 49 78 21 16 75 31 48 41 13 11 56 64 1 79 67 26 70 52 53 28 55 22 71
0.83 75 49 24 1 70 77 16 29 66 30 48 64 8 10 54 27 33 13 61 35 25 21 74 26 7 65 42 23 17 32 53 47 5 56 36 22 3 9 11 41 59 12 55 0 63 78 43 45 79 40 14 2 46 62 50 71 76 51 34 69 39
0.88 27 13 62 63 25 19 66 30 18 70 43 71 78 5 10 55 20
0.83 79 24 51 65 66 17 34 45 43 5 1 12 76 15 7 67 10 36 41 27 8 72 63 32 58 53 71 57 19 13 40 37 42 35 64 48 49
0.02 52 17 50 73 3 65 21 47 63 46 36 38 27 76 35 45 1 62 34 6 72 2 23 71 5 51 13 42 79 55 75 58 30 44 41 22 59 11 43 15 56 12 28 7 0 78 32 19 40 14 77 66 53
0.25 0 28 9 51 50 55 12 52 63 10 64 62 6 70 54 15 18 61 69 39 1 58 74 26 14 46 40 68 75 5 13 25 19 65 7 20 3 73 31 79 37 17 30 71 41 42 22 72 60 38 11 8 77 56 21 29 24 59 16 66 43 76 47 34 49 35 2 32 53 33 67 48
0.75 37 79 24 32 52 12 64 74 71 59 68 9 70 13 45 29 22 76 21 16 26 17 78 69 5 49 53 63 41 25 3 4 28 11 66 56 40 10 1 42 75 48 33 30 55 72 39 50 31 36 61 0 62 38 60 2 73 43
0.10 54 49 61 68 28 71 35 74 19 48 55 22 59 2 75 50 67 47
0.40 15 37 35 69 60 4 23 11 59 66 70 28 67 9 30 58 43 26 71 19 8
0.44 43 13 51 73 58 75 72 17 29 70 18 28 32 55 60 49 52 2 3 16 79 41 56 4 19 77 59 6 14 69 35 54 5 38 71 63 11 30 64 37 76 39 24 66 40 62 8 15 74 27 47 12 21 78 22 46 61 65 45 44 31 50 10 1 0 26 23 48 36 42 57 20 7 9 68
0.85 75 56 50 62 55 1 79 52 46 21 3 42 32 40 15 63 31 35 23 8 74 5 9 44 13 28 17 65 61 64 43 67 30 69 7 41 38 18 57 47 37 26 60 53 45 25 77 70 27 72 34 19 33 76 24
0.46 70 57 20 21 74 40 54 32 19 52 72 14 29 66 28 16 55 49 53 71 24 13 1 27 43 56
