1 80 112 1
9 8 9 6 8 2 3 3 1 10 2 4 3 4 4 1 4 4 1 3 10 3 8 9 9 9 9 4 8 8 10 4 4 6 2 10 2 5 3 3 7 2 3 4 9 7 3 7 9 4 5 4 6 5 3 10 5 5 5 6 9 1 4 7 6 7 2 7 7 8 3 7 6 2 8 10 6 8 4 4
0.00 12 67 44 35 51 30 3 40 42 39 11 62 26 9 49 47 36 66 23 8 58 10 18 38 73 34 19 68 13 75 77 76 20 57 54 55 72 22 43 4 5 33 65 28 6 53 32 71 16 74 48 69 37 17 15 78
0.99 39 73 70 52 38 78 47 58 77 7 65 36 54 61 22 20 12 4 21 64 50 29 62 14 72 8 32 11 37 44 15 13 33 46
0.76 18 52 14 38 79 3 36 42 41 35 45 27 23 37 55 49 2 76 63 0 73 24 72 69 44 64 65 12 8 21 34 77 28 5 4 78 40 58 17 53 75 29
0.26 34 16 65 40 47 38 13 67 48 78 63 46 49 24 73 43 23 18 2 11 39 57 54 79 37 5 26 0 71 50 68 6 42 60 28 9 31 35 59 69 58 36 32 75 25 21 64 8 30 72 56 66 3 76 44 10 17 45 15 12 19 27
0.24 74 68 44 46 61 11 8 73 19 33 75 52 45 55 23 4 28 38 18 27 25 66 14 26 13 12 32 5 16 24 7 50 37 60 42 9 54 40 64
0.71 32 67 49 71 46 66 6 35 64 56 17 74 51 48 78 53 41 26 63 69 31 23 24 72 40 45 14 27 0 54
0.34 34 3 25 47 6 73 44 45 32 54 66 46 49 43 51 28 57 78 72 56 0 21 50 37 26 71 53 52 16 36 55 41 79
0.40 72 59 41 32 61 70 26 22 5 4 1 66 10 40 79 35 33 47 27 52 37 0 58 62 20 2 53 75 14 76 57 24 30 19 69 31 18 49 15 51 11 67 21 13 74 78 55 9 6 7 45 42 36 73 71 12 16 3 77 54 25 50 63 28 29 68 23 48 60 44 46 38 39 56 64 17 34
0.31 44 56 22 24 13
0.90 5 18 65 69 31 72 29 41 61 75 77 3 66 68 71 13 74 43 33 28 46 48 23 44 16 9 67
0.97 28 78 4 8 45 58 48 61 24 71 77 15 67 60 33 72 62 11 23 3 29 76 25 68 7 53 2 37 54 44 65 46 50 16 38 74 66 21 26 0 70 51 41 75 14 31 9 52 59 34 69 17 19 27 20 5 79 30 32 56
0.16 68 79 53 17 33 13 58 11 43 21 41 20 62 71 77 15 24 76 35 29 54 30 45 19 34 5 59 47 36 72 60 42 61 39 8 31 44 73 74 28 0 48 64 6 52 65 22 25 40 18 56 46 70 32 50 1 14 23 78 27 16 7 75 3 55 66
0.58 2 73 45
0.21 1 38 11 22 59 65 37 46 41 73 4 9 7 74 67 33 55 34 23 12 40 26 57 52 3 13 25 53 19 78 16 5 49 68 62 51 63 58 72 8 44 28 56 70 71 75 66 60 77 2 29 32 76
0.65 10 16 67 38 28 13 36 21 7 44 42 55
0.52 57 48 31 13 67
0.29 37 1 65 11 38 35 42 17 21 41 25 26 48 56 54 53 76 69 60 67 30 19 64 71 46 2 33 52 28 43 7 15 3 59 13 77 63 74 36 72 12 51 9 61 34 22 23 24 29 27
0.32 6 51 62 28 75 61 58 25 34 43 18 77 65 21
0.23 32 44 8 35 31 13 76 63 55 50 57 45 68 25 30 7 1 62 73 46 15 22 61 78 28 66 58 43 54 77 33 4 48 18 9 11 21 67 53 29 71 37 41 10 56 42 16 0 5 26 70 17 64 72 39 3 40 6 65 69 36 47 2 20 60 34 75 49 74 27 14 12
0.80 5 29 76 64 61 12 2 27 17 37 52 19 9 23 78 22 8 40 75 67 31 13 36 24 46 11 60 4 32 6 1 72 16 7 15 0 65 55 42 3 77 49 43 73 30 35 10 63 71 70 25 47 20 62 26 48 34 68 39 14 21 74 56 45 33 69
0.14 5
0.56 48 16 47 42 41 56 51 69 79 39 30 71 59 8 65 34 54 70 60 57 45 4 40 26 1 24 46 67 27 78 63 0 72 50 73 77 32 23 74 20 17 10 38 9 18 22 13 37 62 52
0.96 76 51 70 2 11 78 46 4 24 59 57 12 53 29 60 74 23 31 55 68 49 0 64 8 79 58 32 20 47 21 7 41 1 26 18 50 10 28 40 13 48 61 45 17 9 16 35 75 67 63 33 54 34 43 42
0.73 26 57 43 60 52 8 61 79 63 34 10 64 27 13 77 65 54 50 14 37 39
0.03 46 74 48 77 17 37 71 66 40 7 73 23 24 15 76 14 79 70 22 68 58 38 31 52 6 2 63 28 62 0 8 19 64 69 9 78 65 35 5 18 57 72 25 42 29
0.56 34 52 74 79 4 64 65 54 43 76 78 42 50 32 69 48 72 53 28 73 37 38 59 40 39 8 27 29 35 60 58 45 31 30 7 44 77 18 21 9
0.41 63 35 26 73 74 77 71 23 9 13 59 1 47 43 37 40 4 52 30 15 41 38 33 11 46 65 48 57 76 7 0 17 55 39 19 60 69 61 49 42 20 18 51 78 31 70 28 5 72 44 34 54 75 25 14 53 36 66 24 8 12 58 67 2 64 3 21 56 29 32 68 27 6 16 22 50
0.87 17 12
0.83 15 23 31 54 48 79 49 10 43 64 27 14 75 52 45 40 18 78 5 3 19 0 28 59
0.34 11 57 70 51 18 0 74 47 37 68 17 1 10 76 52 42 45 43 55 71 27 12 34 59 9 13 39 32 62 8 21 2 22 28 53 77 7 50 38 41 72 33 25 56 23 67 40 73 14 20 44 4 36 49 60 64 63 3 30 69 26 75 78 48 61 65 66 54 35 19 46 24 5 16 29 31 6 58
0.95 50 70 17 58 19 49
0.08 50 2 39 9 55 45 51 63
0.34 29 25 6 68 36 32 41 46 57 18 70 42 39 44 15 1 24 73 49
0.42 30 27 23 35 61 6 67 44 62 50 41 43 47 71 4 38 53 0 60 57 55 33 32 2 17 29 46 34
0.66 42 0 11 32 73 1 6 76 54 63 78 45 7 58 38 66 71 9 39 15 51 49 5 77 14 28 22 67 18 59 56 75 34
0.35 0 65 27 33 53 21 71 31 17 23 6 66 18 37 61 3 15 30 69 20 19 64 72 43 76 39 47 2 59 57 55 10 26 48 14 5 46 44 8 75 36 42 41 77 45 9 28 13 79 60 54 56
0.22 65 12 29 48 32 52 76 51 25 36 49 26 68 8 40 21 62 43 67 70 53 16 59 5 9 24 4 35 19 17 39 15 78 34 44 23 30 13 64 57 55 79 74 3 60 37 72 11 63 14 31 69 33 46 18 42 47 75 66
0.21 64 37 61 27
0.32 37 71 11 45 73 7 38 53 12 43 67 39 2 28 18 56 34
0.47 35 25 45 24 7 46 55 10 47 3 57 2 21 62 19 72 51 18 67 5 6 15 30 56 23 22 17 13 50 16 65 41 26 66 64 28 27 58 34 9 60 11 71 69 73 44 52 14
0.46 40 4 68 10 30 70 53 71 66 15 50 43 79 74 56 5 57 44 32 54 41 20 67
0.45 34 76 27 57 28 78 37 23 7 26 63 49 4 56 67 74 14 13 20 35 50 25 11
0.96 16 5 12 33 18 74 48 9 76 61 36 79 22 15 43 60 20 29 2 68 40 66 45 55 32 41 47 13 34 71 39 28 44 73 3 56 8 67 65 59 19 1 21 54 23 25 52 75 27 50 31 38 35 0 4 53 78 14 77 51 69 24 30 26 7 58 37 63 17
0.52 69 52 70 34 60 0 20 8 57 16 62 48 31 23
0.50 35 48 12 1 37 68 16 15 49 40 64 76 27 65 8 57 39 36 23 59 71 75 78 62 74 17 4 14 6 44 30 0 32 19 45 10 18 55 54 60 33 9 24 29 46 72 63 42 38 2 69 34 66 22 53 50
0.27 70 25 13 24 3 52 56 74 16 76 73 75 54 15 2 41
0.10 4 63 41 60 69 27 40 14 0 55 17 72 36 62 7 51 13 33 5 71 32 39 61 37 31 30 15 35 29 52 64 16 28 47 24 3 50 45 19 38 78 76 66 58 18 44 65 43 42 48 67 8 56 73 46 53 12 9 75 22 10 34 77 20 54 21 59 1 70 6
0.45 60
0.87 32 42 58 48 37
0.64 20 37 47 43 72 7 13 68 60 16 30 61 54 79 39 22 65 10 64 77 2 69 42 6 1 55 63 5 11 15 9 76 36 44 46 66 24 67 21 23 71 74 26 40 52 78 51 45 17 18 12 38 32 14 28 33 59 57 50 48 73 70 0
0.45 47 24 53 51 48 22 77 64 78 59 11 74 21 71 57 37 5 14 1 55 50 52 7 42 20 31 0 30 65 32 41 49 58 43 18 79 66 6 63 73 44 28 25 17 29 62 26 13 19 8 9 35 10 68
0.83 24 2 34 17 52 63 66 50 8 40 26 0 49 62 73 16 54 61 71 15 3 22 20 77 4 33 68 25 76 74 59 9
0.21 59 41 50 60 55 53 43 54 64 14 79 46 70 44 49 28 16 0 21 38 5 73
0.83 57 4 65 76 40 75 25 15 49 22 77 39 61 59 11 23 67 56 32 47 2 37 8 27 0 71 20 10 29 58 3 73 9 28 46 16 63 45 42 52 14 24 50 64 41 30
0.28 20 46 28 21 48 58 35 19 76 60 29 8 32 3
0.29 54 50 15 0 66 30 34 33 37 47 2 51 4 11 64 49 53 9 28 60 1 13 27 40 35 45 65 56 48 20 61 72 25 69 75 21 32 6 68 52 24 3 18 22 43 36 29 38 26 41 79 19 58 55 39 16 74 77 17 63 71 10 23 67 8 31 76 70 78 57 42 59 14 73 5 7
0.56 32 77 11 21 10 1 76 54 12 45 28 68 39 41 22 70 59 65 51 9 72 58 34 13 18 52
0.79 27 39 61 70 52 54 24 18 11 37 66 38 63 7 12 41 59 72 45 4 48 42 30 47 21 64 50 44 33 2 22 69 20 25 43 51 6 68 77 29 53 36 73 0 34 10 56 15 58 75 16 62 23 71 1 17 55
0.66 60 42 72 47 69 14 19 55 23 43 61 37 71 12 59 24 57 26 33 54 21 76 30 68 51 34 40 64 29 65 1 36 13 56 39 7 5 53 50 10 6 17 63 48 28 52 73 74 44 32 16 0 49 67 22 79 15 38 41 25 20 31 11 75 46 27 62 8 18 78 77 45 58 3 35 66
0.90 31 48 44 57 36 63 41 28 27 40 11 72 0 19 15 4 22 78 74 66 38 39 16 25 79 26 9 56 18 7 3 21 64 12 43 29 45 71 35 2 60 52 54 47 34 37 55 53 75 76 17 32 24 20 61 58 50 68
0.03 13 15 68 19 76 11 43 28 31 41 59 16 2 60 27 25 63 0 9 38 79 22 75 1 78 57 3 18 7 61 44 55 47 66 34 6 50 21 26 46 56 14 5
0.78 3 39 49 0 50 58 33 46 36 2 25 65 69 79 60 52 41 10 54 77 71 28 15 1 23 57 53 19 70 61 76 14 38 37 47 12 27 51 48
0.95 68 16 71 5 51 15 42 43 24 3 44 55 18 57 50 67 65 64 79 34 62 41 58 2 25 60 27 46 77 17 63 70 21 9 59 49 61 72 75 22 35 31 12 48 28 19 13 53 69 66 76 73 26 0 4 6 56 36 33 52 74 30 54 40 37 29 11 47 8 39 20 45 1 32 23 38
0.79 47 63 56 41 36 14 10 12 37 42 50 68 35 52 19 2 33 28 23 44 48 60 6 13 5 58 65 66 49 45 54 9 75 34 4 72 29 22 1 0 21 7 76 57 30 18 79 51 62 17 71 27 39 31 74 8 15 16 78 46 11 53 64 24 67 38 55 61 26 70 3
0.76 76 64 11 23 65 43 69 4 33 12 72 15 61 59 78 68 39 13 44 70 32
0.04 49 21 38 7 33 18 34
0.92 13 7 10 21 44 57 19 0 60 52 62
0.94 6 45 1 25 48 30 23 28 29 60 47 51 39 74 24 59 15 72 79 42 10 63 13 32 76 69 55 41 50 37 65 44 17 18 26 27 21 62 49 66 19 64 11 52 34 38 12 68 35 43 61 58 57 33
0.59 16 72 39 74 20 34 54 58
0.17 66 4 33
0.23 56 69 47 28 19 34 76 54 41 37 14 18 12 4 60 65 62 11 67 15 31 58 29 61 72 39 64 27 36 46 35 21 8 7 2 73 74 3 42 33 51 38 70 77 23 66 40 30 10 25 45 24 20 9 44 79 22 17 49 68 59 50 0 71 63 52 75 55
0.18 74 59 70 37 11 77 43 22 13 7 8 78 38 26 31 14 64 12 30 24 29 61 72 67 76 49 71 32 5 50
0.48 13 79 61 40 70 49 16 4 78 3 23 38 36 52 15 43 74 29 25 45 37 0 30 56 41 31 26 28 48 20 55 18 24 32 9 57
0.91 39 22 29 49 24 26 0 37 44 78 74 47 11 79 53 62 45 19 42 17 31 57 55 8 75 32 10 46 35 69 1 27 73
0.62 0 47 58 75 60 28 73 63 43 56 15 70 54 8 66 10 53 48 49 77 26 35
0.96 79 72 45 73 59 76 69 27 9 37 18 22 30 29 38 46 26 51 25 8 67 21 50 57 42 49 12 65 28 39 53 71 14 41 20 68 36 63 40 61 52 58 13 5 3 75 10 31 35 34 32 55 77 47 24 2 44 16 33 6 23 74 19 56 62 4 1
0.83 54 41 37 0 13 49 68 72 34 50 61 64 78 51 14 76 29 60 3 21 26 22 48 28 70 56 7 45 19 23 9 33 35 31 44 1 8
0.96 16 48 30 69 67 71 10 7 50 2 58 23
0.86 72 78 28 76 39 9 68 3 66 42 8 5 58 25 77 52 32 37
0.76 21 0 32 33 68 15 56 69 8 55 48 41 11 30 10 6 37 66 62 57 53 54 25 64 20 4 73 31 7 65
0.05 51 79 21 19 60 6 74 32 54 62
0.97 4 17 7 3 55 11 76 31 74 72 50 9 79 78 58 56 26 51 12 8 25 66 40 65 37 53
0.37 1 8 48 64 58 53 45 14 30 71 70 23 28 47 66 34 7 76 43 38 6 27 59 37 63 69 0 33 3 4 46 26 44 54
0.58 47 31 43 77 39 44 66 51 27 19
0.55 3 66 21 44 25 24 52 34 48 6 65 16 8 7 64 56 15 9 47 36 79 41 61 19 18 77 45 14 63 75 49 33 1 38 13 4 2 11 29 53 67 58 62 20 22 30 69 26 71 72 0 23 46 54
0.96 76 4 11 74 45 30 56 57 75 10 42 38 40 52 13 43 3 66 5 35 23 41 33 71 32 17 27 36 28 53 60 37 34 47 2 48 69 29 59 12 55 14 70 64 68 26 65 7 8 44 62 72 31 22 67 20 18 79 50 61 9 16 1 39 78 0 6 58 19 46 24 77 73
0.29 57 51 39 6 2 55 42 3 65 28 23 68 58 53 45 44 48 10 46 75
0.03 36 23
0.31 49 10 48 23 59 63 42 14 74 44 78 50 15 60 76 73 1 79 34 25 32 11 41 21 33 13 66 20 17 64 58 61 45 65 69 28 67 75 43 56 46 12 35 18 36 7 24 27 39 30
0.62 61 57 3 51 66 72 38 69 24 37 18 43 59 23 11 20 50 34 49 77 62 48 47 39 74 17 1 21 19 30 27 75 14 46 15 65 70 45 60 41 26 44 58 64 32 2 71 36 79 16 52 42 56 10 63 25 29 35 73 4 5
0.02 53 26 47 78 70 50 19 40 20 68 15 27 43 51 3 34 4 8 2 76 65 36 79 63 28 9 44 61 73 41 52 48 39 64 42 0 46
0.98 46 0 76 47 25 68 3 21 48 75 1 69 28 32 50 23 66 11 36 72 16 52 20 59 12
0.73 49 56 27 7 76 20 2 19 33 41 71 69 67 15 65 6 43 21 60 75 3 32 10 46 45 54 11 8 42 73 34 53 48 72 18 39
0.33 25 7 11 24 33 59 38 34 21 64 9 4 27 56 22 6 10 77 14 60 46 31 36 43 32 17 20 76 3 78 41 48 69 58 68 49 53 26 62 2 18 16 55 50 30
0.53 64 6 27 22 34 21 55 8 7 48 43 24 25 68 52 33 77 30 13
0.58 68 14 2 43 79 32 13 19 28 67 5 64 4 73 78 56 54 27 11 63 29 0 77 15 61 69 34 49 16 36 12 48 24 58 70 26 75 45 10 59 1 72 62 38 18 7 39 37 3 21 53 51
0.79 43 78 35 8 34 29 69 62 45 74 67 51 33 30 50 19 72 49 4 9 48 40 2 38 64 76 63 5 18 25 52 0 79 26 55 14 11 46 21 58 68 60 56 53 54 70 24 17 42 44 47 23 15 31 61 12 41 22 6 66 16 20 32 39 65 37 36 71 59 28 27 73 1 13 75 77 7
0.28 57 41 45 46 78 20 75 9 0 53 32 30 65 37 19 36 71 66 34 54 52 67 79 59 55 31 11 10 29 35 51 64 8 56 47 39 43 50 17 48 61 6 62 12 24 22 23 13 60 70 21 49 2 72 5 58 14 73 25 4 1 63 42 26 16 38 40 28 74 7 33 27 15 76 3 77 18 69
0.99 1 61 54 20 56 53 69 13 15 26 57 30 10 48 52 4 59 17 68 27 2 50 21 55 12 33 60 14 19 11 6 63 3 64 7 44 62
0.75 32 54 18 15 4 47 41 68 20 51 16 79 22 0 27 33 35 40 48 73 6 13 74 17 72 50 12 49 23 7 78 67 44 36 57 64 69 43 34 25 46 56 29 3 62 66 58 10 70 63 1 55 75 26 59
0.12 10 4 12 32 3 50 36 54 37 19 48 18 41 65 15 33 52 62 43 34 57 44 66 39 21 0 23 26 11 71 64 79
0.03 74 63 72 59 50 25 48 12 9 77 30 13 33 10 2 35 54 52 69 26 6 79 1 16 68 47 58 42 67 51 49 57 23 76 7 37 71 56 44 0 32 8 78 43 22 55 39 29 38 27 70 45 65 31 4 73 18 28 41 62 20
0.90 31 70 75 22 20 2 16 53 55 45 62 38 41 6 51 50 54 58 14 5 64 71 66 76 1 39 59 40 19 4 28 10 47 57 46 68 52 67 9 24 48 78 0 21 37 23 11 61 44 34 56 79 65 32
0.54 64 43 62 78 51 70 21 72 7 79 31 8 10 68 19 12 20
0.91 76 26 33 5 20 22 21 55 72 17 51 54 44 29 38 65 73 12 23 59 19 53 78 10 49 1 24 71 37 74 45 39 3 57 9 52 79 7 8 6 42 69 66 36 25 62 67 48 11 60 16 13 28 68 50 64 75 43 15 30 41 46 61 56 4 31 58
0.91 50 22 9 35 3 31 28 71 73 20 43 77 61 58 52
0.82 55 5 18 24 69 11 57 19 8 3 28 0 32 79 60 1 41 34 64 23 20 44 37 27 66 61 49
0.36 26 75 35 71 38 51 50 79 14 55 27 18 39 67 37 31 16 58 41 4 42 3 33 45 76 47 44 7 40 78 54 69 59 2 24 68 5 28 56 13 48 30 62 22 72 53 60 63 73 70 64 17 19 57 43 65 32 11 29 52 49
0.44 56 61 40 49 55 52 75 33 23 22 42 76 58 54
0.27 16 28 32 24 18 14 57 17 68 55 22 39 79 5 45 54 77 63 43 2 35 51 65 75 38 26 73 21 29 64 62 52 41 6 67
0.53 77 70 67 40 44 76 51 12 65 2 6 45 63 58 78 41 31 33
0.80 18 6 60 36 59 8 49 33 3 37 71 23 17 65 10 9 0 26 13 42 48 35 61 52 2 64 46 63 34 16 70 38 69 67 72 50 77 45 28 7 24 14 1 54 73 76 58 43 51 11 57 74 75 29 41 27 44 55 53
