1 80 80 0
7 5 8 6 10 6 7 2 4 4 6 10 3 1 2 3 4 6 2 6 10 2 9 7 2 10 9 8 3 6 9 8 7 10 3 8 1 6 6 5 4 7 1 7 6 2 10 7 8 9 10 6 9 8 4 5 6 9 9 6 7 6 3 4 2 1 5 5 3 8 5 8 9 4 6 3 6 8 7 1
0.29 58 11 64 14 36 75 18 78 24 3 57 40 12 30 10 44 15 21 72 54 45 35 69 74 9 71 53 60 55 77 2 65 19 52 23 49 22 29 5 62 6 66 0 4 56 20 42 34 47 8
0.52 5 39 48 3 34 15 37 36 16 68 23 35 22 11 76 32 62
0.22 73 19 12 52 74 14 59 65 67 8 53 13 10 58 41 23 6 40 35 22 69 3 62 56 63 34 5 49 57 16 48 0 21 32 54 20 31 55 39 70 27 18 46 7 1 11 15 47 28 66 26 36 60 45 9 4 30 37 42 50 33
0.33 42 50 65 4 22 45 60 59 49 76 32 8 67 31
0.82 37 48 61 65 60 38 31 30
0.54 17 75 28 46 65 73 62 30 57 59 36 60 25 69
0.42 0 50 2 62 52 16 71 63 65 40 7 57 42 26 21 44 23 6 10 39 53 38 11 1 5 18 51 32 20 36 45 67 79 41 73 75 66 17 37 68 19 60 35 56 74 55 43 12 64 47 13 28 70 77 3 72 78 29 22 69 8 33 9 46 31 25 15 30
0.26 55 16 32 5 4 56 51 63 70 71 25 21 35 59 38 26 50 69 19 7 13 57 9 29 40 75 43 17 60 3 15 74 12 11 24 45 66 27 30 53 41 2 44 72 47 33
0.81 49 44 9 31 21 6 19 14 11 58 75 60 1 7 3 61 30 72 71 69 77 26 2 15 33 5 47 40 39 50 65 4 20 52 64 10 79 63 55 27 37 68 8 36 41 76 0 25 35 45 24 17 56 54 13 59 29 51 74 12 53 70 28 18 57 22 46 43 48 42 32 73 23
1.00 54
0.82 47 1 49 3 56 41 74 77 16 40 18 34 59 57 29 55 28 22 50 78 52 0 31 14 53 9 68 30 75 63 36 13 64 27 79 38 2 6 33 24 43 26 10 11 23 62 8 46 35 5 76 51 21 66 7 48 4 45 58 42 12 60 61 39 70 67 20 32 19 72 69 73 25 54
0.65 38 60 74 32 30 19 3 11 9 31 40 59 54 25 68 14 71 77 20 39 62 49 27 78
0.86 78 24 20 60 2 75 51 3 4 57 28 36 5 13 67 32 37 53 66 15 45 0 56 65 16 50 33 38 61 52 69 35 40 46 17 30 31 41 77 64 59 49 11 34 54 44 19 6 70 76 39 27 63 22 10 23 62 79 26 48 71 42
0.51 41 74 10 36 24 68 73 56 6 50 19 32 7 70 16 40 67 63 3 39 51 58 65 61 11 0 12 23 69 43 46 44 34 57 5 8 55 37 27 9 60 42 59 47 33 38 54 1 62 76 20 31 17 28 48 2 14 15 22 4 79 13 77 72 25 18 52 21 30 35 53
0.92 41 65 3 68 52 15 45 39 26 57 10 60 17 31 29 28 13 70 37 51 23 36 73 0 11 58 24 71 9 61 59 34 78 75 43 6 14 7 25 2 77 48 19 40 66 18 53 21 22 74 44 4 8 63 5 46 56 47 64 16 49 76 30 54 79 67 27
0.83 18 5 71 8 10 13 26 15 44 73 76 57 50 37 78 60 21 72 42 3 19 16 27 43 49 48 22 61 38 0 23 14 34 31 47 35 25 75 4 66 39 70 29 53 58 54 12 6 64 56 69 59 77 65 62 11
0.27 14 28 70 27 46 58 12 45 21 49 34 29 77 31 23 50 37 11 73 62 24 51 78 38 56 63 26 75 79 47 30 53 61 7 3 39 60 48 13 59 15 32 55 67 17 43 22 71 4 44 18 10 33 1 5 36 74 69 52 40 64 41 65 66 8 2 54 57 76 20 6 9 0
0.04 60 20 66 10 70 78 23 15 41 5 77 2 40 16 73 8 34 42 13 38 50 65 64 21 71 61 29 48 35 18 31 24 74 9 67 72 3 75 53 47 6 55 59 76 79 68 32 28 25 62 4 44 69 63
0.66 70 50 61 17 52 66 3 29 34 78 39 32 59 45 21 44 9 31 30 63 8 51 68 1 42 43 12 65 4 41 37 15 28 24 72 60 79 33 77 25 6 18 19 46 35 23 75 5 38 20 49 67 16
0.65 61 24 58 29 65 10 23 76 59 27 49 40 32 75 18 72 26 34 2 64 60 38 9 45 21 46 1 44 70 54 28 68 53 42 63 16 50 69 47 62 14 55 39 41 52 20 0 35 71 74 33 48 51 8 6 73 77 78 13 66 31 67
0.32 36 57 18 31 77 64 12 47 39 65 21 63 10 30 60 45 41 74 53 66 43 52 16 42 20 69 35 34 75 72 51 40 61 73 17 22 27 71 23 59 1 68 4 58 0 70 55 25 9 46 15 37 8 76 29 19 48 38 44 28 26 2 14 32
0.01 65 75 23 14 60 10 78 73 4 76 21 46 34 1
0.90 25 43 52 20 10 19 38 60 18 35 1 14 50 71 15 45 55 77 5 7 48 64 39 22 31 26 66 70 44 75 51 58 42 69 12 27 46 61 49 37 9 16 67 28 76 21 65 32 59 17 6 47 62 79 23 24 40 30 78 36 34 73 11 72 3
0.01 27 31 46 64 48 30 45 11 51 59 47 35 74 60
0.17 11 70 79 42 25 8 66 78 13 77 76 34 62 46 40 9 29 33 72 48 63 44 3 10 23 0
0.04 10 9 44 68 14 74 53 69 18 72 43 19 48 56 13 51 7 75 38 32 31 39 28 63 46 77 59 21 60 27 36 70 2 11 0 50 67 78 73 22 16 24 12 41 17 49 29 64 61 6 71 3 52 37 33 54 20
0.06 46 62 63 12 18 1 33 51 45 16 14 25 71 77 10 40 29 42 74 48 36 79 31 2 3 59 52 19 50 21 34 56 44 24 57 22 49 73 72 8 9 67 15 23 20 38 30 0 75 13 5 55 27 70 43 37 58 78
0.17 33 18 44 30 10 71 2 38 46 6 43 73 29 31 35 77 55
0.26 34 77 44 68 66 75 11 23 50 60 79 5 53 64 55 38 15 71 48 63 2 62 18 27 30 40 33 10 1 39 24 51 37 7 49 45 67 13 20 58 22 4 3 6 41 36 47 8 14 0 25 73 52 54 9 61 57 42 12 16 21
0.88 68 41 26 30 12 70 47 56 24 69 61 38 3 40 63 62 64 32 46 65 25 59 73 17 34 7 1 35 28 44 36 16 27 20 9 21 51 22 0 23 6 45 72 37 5 19 8 74 29 11
0.33 74 58 9 19 66 21 40 39 22 79 56 42 67 26 34 2 45 29 72 20 36 76 48 38 7 50 0
0.52 42 15 40 16 66 13 38 6 14 0 73 22 41 47 69 76 67 54 64 50 31 61 20 68 4 29 36 51 5 23 26 75 60 46 7 30 9 57 8 55 39 3 62 35 27 17 63 70 10 11 28
0.24 68 49 61 63 15 43 42 64 10 21 46 31 67 44 40 54 33 78 65 1 36 47 9 50 34 41 45 29 39 72 23 13 5 28 59 16 55 0 20 12 38 58 57 18 2 11 30 71 3 69 8 56 52 51 62 7 26 27 76 66 48 53 60 6 70 19 32 22
0.87 0 48 40 49 51 16 65 54 50 75 53 14
0.77 49 64 59 57 39 41 74 13 1 69 52 56 2 43 17 73 55 9 29 77 78 28 36 31 7 4 8 45 47 15 32 30 79 42 68 26 16 38 40 50 5 58 14 48 67
0.99 22 67 2 29 12 16 79 66 9 40 38 3 65 20 1 19 32 42 21 45 8 39 0 43 44 55 78 10 54 62 50 47 35 70 58 73 46 13 23
0.27 1 22 78 27 41 57 61 13 54 65 46 37 68 51 50 33 70 45 62 29 64 72 71 19 59 16 66 75 35 7 4 55 31
0.03 13 64 2 51 22 73 68 17 70 62 32 36 77 12 49 79 28 50 40 21
0.02 26 10 32 66 56 64 70 76 71 77 7 39 24 29 79 42 50 55 45 12 65 52 73 13 57 23 0 8 74 3 38 27 58 37 44 11 6 78 60 72 16 2 30 62 34 18 35 15 19 68 20 9 49 51 21 40 31 54 47 48 69 28 5 46 14 63 67 17 41 43 33 4 75 59
0.82 44 34 22 21 52 50 68 75 0 6 42 77 4 20 23 14 37 74 79 18 57 29 31 11 40 24 16 25 43 70 78 59 17 27 5 13 33 62 28 12
0.15 78 3 63 33 35 28 65 26 45 11 7 56 22 19 50 21 5 16 31 15
0.91 14 19 35 34 0 39 4 63 55 3 37 44 79 27 57 46 78 11 65 56 24 54 21 22
0.42 1 28 79 50 56 6 67 40 12 65 21 69 27 24 45 62 61 29 10 49 76 46 57 42
0.35 38 30 78 56 13
0.28 37 35 32 0 61 22 57 48 13 33 62 27 60 18 34 66 15 41 19 69 65
0.77 49 33 12 65 70 15 56 63 4 76 26 27 60 69 23 11 40 21 13 79 32 46 28 22 31 50 18 42 10 73 55 34 2 59 51 6 68 74 1 52 43 48 37 14 29 36 16 17 38 78 5 45 41 64 35 25 77 47 58 72 61 71 66 8
0.75 26 37 56 35 51 24 43 20 64 68 27
0.25 0 11 48 71 30 14 28 29 76 2 75 39 17 72 50 69 49 23 51 25 61 26 77 37 8
0.47 60 51 48 73 53 28 65 54 40 67 75 59 9 71 33 63 52 45 17 19 39 61 14 7 68 25 27 13 1 70 23 50 35 43 36 72 30 32 0 34 11 55 58 16 20 10 49 8 21 3 76 62 46 42 69 74 44 38 12 64 15 37 31 26 22 4 78 6 47 79 41 29
0.01 15 32 67 19 37 22 10 57 52 71 45
0.41 5 20 32 57 36 60 12 1 8 52 7 18 71 68 46 34 38 23 33 41 10 40 72 44 64 53 30 37 11 77 75 4 76 13 39 45 31 17 9 16 73 59 42 24
0.41 68 30 52 21 73 12 13 65 15 24 5 11 76 50 26 57 40
0.70 32 64 21 29 41 20 10 73 38 52 22 53 23 34 61 16 78 11 30 33 5 74 14 51 71 76 42 65 77 19 3
0.29 73 2 28 33 16 30 0 68 76 24 62 64 31 57 42 72 7 54 65 78 36 27 41
0.55 77 18 48 26 27 68 44 75 34
0.26 65 71 45 63 49 17 11 3 55 5 27 40 35 52 1 69 68 67 59 43 9 51 21 73 42 32 37 24 46 62 20 44 25 54 29 7 53 31 13 0 39 34 48 50 28 33 14 64 66 77 4 60 12 75 16 18 6 22 61 78 10
0.70 68 53 36 22 20 38 6 2 72 35 33 26 14 11 45 29 5 24 61 67 17 3 7 1 43 23 32 78 18 9 13 65 70 62 25 12 76 46 69 64 28 54 51 77 48 40 63 4 79 37 75
0.68 39 41 36 74 54 12 20 4 24 44 32 78 49 2 5 6 40 66 65 14 56 51 17 27 11 68 61 62 9 73 71 47 30 25 42 21 23 1 46 15 18 63 45 75 79 50 0 72 8 26 22 55 33 53 31 3 70 10 28 35 77 64 60 38 16
0.24 78 59 61 36 66 25 2 22 71 34 0 4 50 54 45 9 31 7 33 21 16 42 70 68 52 35
0.61 45 25 54 27 21 5 78 1 33 66 29 76 13 2 12 50 49 74 56 43 8 19 9 28 57 14 30 75 20 46 73 59 34 62 7 31
0.34 56 63 51 52 64 8 9 1 6 53 14 67 19 3 30 10 44 37 50 75 20 22 17 48 57 29 13 12 35 74 40 68 7 69 21 16 47 46 2 5
0.71 61 14 32 26 54 35 12 51 73 49 19 6 33 18 62 9 24 0 29 22 8 53 70 2 25 48 13 74 3 31 79 66 47 71 67 27 5 20 40 1 34 75 57 41 52 46 39 11 38 15 76 28 37 77 64 78 58 30 43 56 17 69 21 59 55 44 4 72 65 42 36 68 7 45 16 63 23
0.35 9 71 15 44 49 8 19 2 66 59 16 36 42 68 58 18 57 61 24 0 23 53 34 70 69 54 73 47 72 63 30 20 25
0.82 8 4 7 41 70
0.53 9 33 16 13 69 77 48 57 35 22 71 55 23 58 40 72 15 59 28 56 7 24 75 11 12 70 78 64 65 53 49 20 2 37 68 79 26 61 42 46 8 25 30 76 21 27 17 51 41 14 36 47 34 4 74 3 73 0 32 5 62
0.69 79 52 28 70 36 38 58 26 78 46 61 23 45 68 11 7 31 21 34 17 73 43 1 66 37 72 44 47 75 4 60 12 76 30 40 6 48 54 20 29 8 22 15 16 18 9 25 3 51 62 24 14 59 5 63 53 69 74 64 67 77 32 71 35 19 57 39 65 13 27 42 41 56
0.92 52 56 64 19 1 27 79 73 9 13 28 36 78 47 65 62 44 61 57 53 40 18 42 22 59 6 26 15 75 37 21 25 66 49 0 3 24 10 67 68 2 14 60 71 58 63 7 11 34 32 20 51 17 48 72 39 55 35 30 41 5 23 8 43 33 69 50 12 4 74 77 45 29 16 31
0.74 4 47 70 1 31 7 9 78 60 16 37 62 29 51 57 8 42 0
0.16 42 17 53 75 16 41 68 27 7 35 46 71 48 70 33 59 43 11 57 73 45 55 34 23 67 31 21 66 18 47 62
0.08 8 76 13 23 6 10 59 34 52 35 44 71 28 32 49 67 70 37 16 1 64 27 38 24 53 48 26 79 40 3 78 36 61 68 25 29 9 58 69 0 72
0.09 75 44 43 1 63 53 41 49 15 28 30 10 3 64 76 48 17 6 26 55 19 46 67 32 36 29 54 33 37 31 25 65 4 59 13 8 14 74 11 47 16 24 62 61 77 27 12 50 70 66 52 34 18 69 5 58 60 72 20 51 68 78 9 73 0
0.46 9 30 68 56 67 12 8 26 13
0.77 1 7 62 56 74 16 79 65 31 30 48 45 53 12 2 51 32 58 77 67 0 6 52 26 43 15 29 23 41 38 59 42 69 25 75 63 37 61 21 57 71
0.55 10 65 25 17 57 37 58 72 50 60 19 70 27 20 52 45 75 23 9 18 64 73 36
0.97 3 55 1 65 63 70 36 39 54 13 67 49 25 33 79 9 7 24 27 2 68 28 51 59 21 0 74 64 19 42 34 32 14 31 43 77 38 15 71 6 76 52 17 8 57
0.31 40 10 74 71 35 76 73 42 7 64 3 22 23 20 78 31 29 38 14 19 72 15 43 34 53 13 9 66 51 18 36 54 50 61 55 59 47 57 48 75 6 1 67 17 77 44 69 24 52 11 33 4 70
0.43 7 20 63 51 54 31 38 11 60 57 32 8 2 13 72 17 41 9 16 37 33 0 50 64 45 79 34 14 42 62 27 3 71 12 66 68 67 6 43 4 28 29 47 26 49 70 52 5 59 58 75 23 74
0.95 59 56 75 18 31 58 29 62 12 28 32 15 74 60 69 46 52 21 57 39 55 67 2 9 65 16 53 42 33 41 44 20 40 61 17 13 45 66 78 10 8 5 1 3 30 63 25 77 7 4 22 43 73 36 37 54 23 50 64 68 19 11 79 49 48 0 70 34 51 26 6 47 35 24 14 71 76 27
0.23 48 56 13 72 32 8 41
0.30 63 15 9 50 0 17 67 16 18 21 44 14 3 29 13 66 28 68 73 52 1 58 40 32 41 19 6 30 55 69 7 53 33 59 74 79 26 51 34 72 35 27
