2 100 60 2
31 61 36 17 75 26 21 64 41 84 100 34 31 48 95 47 50 10 48 60 26 34 66 94 18 98 92 59 86 49 63 87 59 70 32 34 100 100 97 99 26 75 38 13 77 98 99 91 85 54 10 50 63 51 58 77 80 83 32 84 42 69 36 22 58 87 86 83 69 29 93 37 63 53 43 43 94 99 98 98 44 17 57 93 34 42 21 31 82 44 55 97 77 79 17 81 86 32 15 62
0.95 75 31 15 4 82 97 50 65 32 59 79 35 78 1 9 41 80 60 22 33 10 73 37 76 26 61 12 48 70 51 58 56 7 38 47 29 74 34 2 42 19 81
0.77 26 96 80 33 32 27 82 0 13 60 49 28 45 6 72 55 54 17 31 57 71 94 10 41 24 48 53 62
0.79 12 69 16 80 14 18 32 17 76 62 87 84 95 6 45 83 40 26 57 88 25 8 89 1 74 86 71 58 7 66 5 24 81 19 0 59 39 15 20 51 82 64 61 78 97 68 94 49 54 27
0.54 16 46 35 39 2 12 80 34 78 23
0.95 86 92 82 4 21 88 65 18 17 31 8 56 19 93 48 97 73 74 3 29 64 30 38 42 15 44 66 51 43 58 28 16 95 47 27 76 59 77 71 7 57 55 81 72 87 34 33 78 83 91 39 0 45 54 35 68 25 32 61 10 63 50 5 96 70 84 9 62 1 79 22 11 20 94 67 90 75 12 46 37 89 52 23 85 69 14 60 24 2 41 36 99 98 13 49 53 40 6
0.58 70 14 60 88 84 9 61 21 3 81 76 22 91 54 0 72 64 67 33 75 11 48 65
0.18 95 9 86 83 45 28 49 80 89 67 12 35 31 44 8 60 70 24 10 74 78 55 7 39 96 30 87 36 20 82 50 73 63 79 34 72 40 14 92 58 66 27 76 37 88 46 25 57 33 71 52 94 99 97 32 15 56 38 69 48 77 19 59
0.17 85 63 16 45 84 20 15 49 93 58 13 35 38 54 23 79 18 60 82 25 55 89 8 0 53 27 90 71 32 19 76 3 36 97 11 42 74 78 47 77 21 31 80 91 22 1 4 52 30 50 64 33
0.75 7 69 16 68 33 40 10 20 38 49 4 90 19 24 99 1 96 13 34 88 47 65 48 80 29 0 43 94 22 62 95 79 77 91 72 78 8 26 3 45 46 5 73 25 14 42 41 85 56 53 71 2 76 81 30 28 98 60 84 51 87 67 27 57 61 75 66 36 63 52 93 9
0.35 72 49 62 70 57 87 47 98 38 10 77 39 80 8 93 34 45 74 25 16 21 79 27 23 4 73 12 75 24 91 30 96 33 22 59 53 1 19 56 65 89 40 5 76 94 3 85 43 13 90 58 46 11 9 7 82 81 0 42 97 60 2 26 67 32 86 41 18 20 28 37 52 71
0.35 69 74 6 1 59 18 81 58 78 16 49 55 91 99 75 96 5 93 22 80 25 63 87 14 41 92 10 28 27 83 73 68 62 42 35 31 13 37 20 43
0.58 71 49 60 19 30 38 84 81 90 63 10 11 65 8 94 82 28 31 2 47 59 25 37 3 67 86 33 36 92
0.96 71 28 69 34 41 74 50 25 73 33 38 54 52 40 53 17 72 26 61 35 30 47 27 16 29 32 75 48 22 15 98 64 84 46 59 8 56 70 23 10 14 20 44 81 65 85 13 31 7 39 57 11
0.62 77 51 93 29 61 72 68 37 48 9 78 54 43 5 4 1 65 82 80 67 57 12 36 58 55 18 17 30 2 60 27 91 85 26 15 14 84 32 31 56 52 87 19 83 33 10 71 86 76 46 3 13 69 97 11 73 50 64 25 98 47 96 70 42 90 79 34 21 89 20 8 75 6 23 38 81 35 62 44 49 28 88 94 53 74 40 24 39 22 95 16 41 92 0 66
0.59 81 33 54 88 34 98 8 70 38 45 76 77 61 57 21 25 3 10 42 56 73 67 6 68 22 64 97 24 93 83 91 13 47 99 23 27
0.16 77 49 46 39 52 42 53 41 90 2 63 62 19
0.07 8 91 72 27 16 19 93 13 5 60 45 73 59 79 96 46 36 54 95 85 52 53 51 71 78 76 47 86 9 58 25 11 39 6 26 99 62 2 41 49 75 48 74 42 31 28 77 80 89 3 20 10 69 21 14 22 56 83 23 29 7 65 33 43 88 97 0 50 84 30 17 87 44 55 94 37 66 24 82 67 90 70 61 12 64 18
0.34 72 31 10 92 12 17 52 30 44 87 48 99 1 19 45 32 59 73 2 95 0 51 57 71 80
0.99 46 66 53 83 36 22 43 90 30 74 18 98 75 3 49 9 5 92 47 80 8 45 91 38 15 63 55 67 82 12 31 37 58 19 71 86 69 40 52 81 35 33 50 25 23 93 7 17
0.20 29 42 30 96 91 84 52 8 43 51 23
0.38 27 56 47 37 49 74 15 34 87 16 57 67 32 65 78 25 8 73 84 77 48 40 96 68 22 24 99 79 62 50 4 72 82 11 52 26 21 59 97 45 42 19 81 18 71 29 23 60 63 90 12 5 30 28 66 1 17 70 13 46 58 61 83 6 39 38 53 86 54 33 92 98 89 55 7 2 20 3 93 95 10 9 91 80 0 88 94 41 64 85 35 31 44 43 14 76 51 75
0.98 69 75 3 5 28 21 42 47 71 30 86 16 82 1 8 23 12 13 10 90 39 55 76 81 61 93 2 24 44 67 78 62 48 60 63 74 27 34 35 46 49 26 65 53 94 83 89 50 22 15 37 31 4 17 92 97 32 70 57 25 52 59 20
0.62 2 79 44 83 20 42 17 87 93 6 7 73 76 64 13 22 29 36 4 71 26 86 80 82 61 74 78 98 53 25 60 90 45 85 37 3 95 56 11 97 94 96 28 31 41 59 9 92 39 33 12 1 55 30 89 51 63 58 0 14 54 19 47 99
0.94 79 3 53 1 69 65 15 11 70 35 52 97 12 23 99 39 54 30 74 62 75 9 60 13 50 73 83 71 44 18 55 66 48 98 29 43
0.07 4 81 65 23 34 1 87 94 12 84 10 20 38 24 78 49 18 26 36 86 31 13 7 19
0.86 62 82 37 90 63 47 78 68 13 33 15 27 69 54 22 50 0 71 44 87 23 97 67 83 85 31 74 8 91 16 10 76 72 77 34 57 48 18 41 4 19 29 25 2 52 55 65 51 38 32 66 80 20 92 3 79 45 42 84 98 30 12 94 17 61 43
0.82 86 62 32 72 74 70 91 13 99 52 46 0 4 14 36 71 90 58 2 25 12 69 48 68 98 43 31 38 56 83 8 94 79 93 5 30 66 82 60 64 26 63 41 54 81 53 20 76 65 16 15 45 40 61 44 21 89 19 49 3 24 9 95 27 33 55 10 59 88 11 77 67 47 42
0.33 4 47 61
0.30 70 34 51 62 78 91 38 96 1 23 56 26 52 10 61 79
0.46 75 95 55 20 31 21 83 77 50 12 64 69 79 90 96 44 34 78
0.31 17 39 18 86 13 2 77 76 15 38 84 94 87 16 44 55 40 72 5 33 75 9 69 37 78 46 34 97 89 47 3 79 81 48 93 56 62 50 26 82 67 51 64 71 45 68 1 60 0 65 36 32 43 42 21 98 80 8 58 31 6 30 27 66 83 70 49 20 10 41 61 85 96 12 28 63 22 35 91 59 7 54 73 25 24 53 4
0.82 73 28 31 64 92 97 9 80 79 60 34 53 19 37 47 84 33 52 74 38 20 91 7 16 77 86 61 13 59 78
0.77 62 39 3 96 99 53 97 88 27 19 36 35 92 50 95 55 30 76 15 59 82 25 11 13 52 7 54 94 5 67 72 71 74 86 79 69 2 65 70
0.78 55 58 59 20 86 53 33 89 46 51 84 38 27 24 92 7 52 16 70 68 82 32 11 36 22 95 4 50 76 98 21 85 67 29 62 3 31 94 17 66 42 79 35 63 47 45 96 1 25 91 14 64 80 54 34 69 61 2 41 97 83 56 10 28 40 72 88 71 77 87 57 74 15 23 93 99 75 73
0.92 91 82 60 14 97 50 49 24 46 62 32 61 85 77 30 84 22 93 16 76 23 18 95 80 25 29 39 5 94 38 54 1 66 45 53 20 63 74 58 42 69 37 40 47 26 83 78 9 44 8 3
0.78 56 36 94 84 19 41 72 85 79 15 12 88 70 4 92 2 99 89 20 37 74 76 87 14 21 55 81 93 95 33 71 11 78 62 91 39 30 73 1 16 27 18 67 29 28 82 53 43 97 68 83 63 51 8 96 48 35 80 46 58 9 26 24 40 7 90 54 10 34 49 3 64 44 98 42 61 0 57 45 13 38 25 52 69 5 65 86 22 77 23 31 32 17 6 75 50 47
0.92 64 26 87 25 68 7 95 93 44 59 72 21 31 79 91 57 73 75 20 62 58 34 22 56 5 38 35 1 92 70 49 71 37 11 52 41 74 0 88 23 19 96 33 80 45 99 97 24 15 89 86 43 27 30 17 6 28 8 63 39 65 67 53 29 77 60 3 14 78 69 9 83 54 46 40 13 85 76 94 10 84 48 4 32 18 16 50 90 12 47 55 51 61 98 66 36
0.68 79 95 18 45 71 87 41 91 67 20 2 29 80 16 98 57 59 21 19 92 9 75 39 31 63 72 82 52 94 62 10 68 97 25 58 90 1 84 24 49 13 32 42 47 93 4 78 66 73 27 55 46 83 64 99 54 51 81 70 76 7 28
0.16 87 25 45 6 22 16 76 36 82 48 55 43 35 73 86 67 71 59 80 91 57 39 98 29 94 38 69 37 26 49 54
0.42 14 96 84 19 71 29 2 56 89 98 7 66 16 51 92 73 50 6 97 35 90 53 40 45 79 86 4 3 63 24 46 9 99 74 87 48 65 44 76 54 49 93 30 88 60 78 41 68 26 22 0 85 81 18 55 70 10 13 57 31 15 8 94 25 42 43 21 72 61 23 39 36 1 62 32 82 12 47 64 20 59 27 80 69 75 38
0.80 98
0.27 68 51 3 16 66 23 10 78 58 31 98 89 62 83 75 55 20 29 41 14 56 6 73 7 46 8 80 5 49 92 60 63 35 0 40 81 48 12 52 54 96 91 97 2 34 86 99 28 59 82 18 4 50 9 69 26 21 11 76 57 45 44 24 84 65 79 67 47 32 42 85 25 17 90 53 19 72 88 36 39 87 70 1 43 64 77
0.92 0 65 59 15 50 63 18 93 17 72 61 87 64 38 88 3 39 98 56 13 53 9 62 77 26 54 43 70 46 81 89 19 85 83 30 86 80 60 95 31 57 32 55 29 34 78 14 74 6 21 20 42 8 73 40 5 25 91 66 58 35 97 44 47 28 11 52 23 84 36 16 92 7 75 22 10 33 1 96 68 79 4 2 67 51 69 48 94 71 76
0.56 82 68 46 44 86 88 96 54 87 79 13 25 97 85 69 21 43
0.36 84 21 37 62 61 41 86 28 12 88 79 15 22 20 53 8 51 65 24 81 90 83 63 92 19 1 27 93 82 5 17 66 14 73 70 43 99 40 7 3 25 68 6 47 77 33 98 57 2 71 58 44 75 34 9 4 31 80 48 69 52 60 94 72 16 55 32 89 87 29 30 42 10 45 74 67 76 56 36 96 78 97
0.31 96 94 84 50 67 13 79 71 82 64 34 73 98 62 43 75 2 0 4 46 90 8 69 24 85 93 91 74 20 76 31 44 68 7 52 42 55 59 97 36 54 63 45 3 58 83 99 38 6 17 92 12 53 22 56 95 65 30 80 48 11 26 41 57 15 81 51 29 9 18 49 16 25 14 27 61 78 33 21 10 32 5 19 37 47 72 35 28 1 89 23
0.41 78 45 42 82 67 51 54 52 11 69 23 1 70 98 36 37 74 68 34 80 38 86 90 89 56 43 94 0 77 18 26 47 7 84 9 92 99 20 71 31 63 8 19 49 40 76 96 24 61 75 4 93 72 12 17 46 21 85 97
0.12 74 25 94 38 61 78 15 87 55 13 85 69 66 14 26 75 11 2 97 72 29 28 16 91 34 12 35 83 77 52 44 37 50 79 24 68 18 1 73 54 86 42 41 46 58 30 4 32 21 49 82 43 65 48 60 98 56 63 9 5 31 20 95 57 96 67 93 51 36 76 84 17 53 8 27 71 10
0.42 82 6 90 10 21 94 68 27 92 8 84 18 36 87 75 4 54 59 86 55 0 7 5 42 97 66 22 79 65 32 69 12 80
0.18 64 76 70 83 84 37 40 33 62 12 82
0.02 25 18 44 57 68 60 65 69 17 40 12 51 83 41 9 76 89 84 63 56 32 82 73 24 92 97 52 43 74 78 75 99 20 3 55 77 0 70 1 4 64 13 26 23 71 27 96 31 5 35 34 90 94 91 72 21 45 36 87 81 7 53 95 98 10 14 49 33 88 86 15 2 67 58 42 39 85 22 93 80 47 30 19 38 48 8 29 50 59 6 62 61 11 46
0.49 61 9 15 29 1
0.16 42 99 65 86 6 12 15 60 90 18 75 33 14 43 26 16 87 23 92 53 67 2 9 70 22 56 66 47 50 62 39 80 48 79 31 27 38 34 91 81 94 55 7 28 74 5 19 85 11 24 1 41 78 93 68 40 8 89 3 63 61 35 57 21 83 77 37 59 13 71 17 52 36 4 49 69
0.18 22 88 87 83 95 4 18 56 24 16 96 43 59 1 46 14 64 67 91 26 62 86 66 21 61 98 30 70 58 74 40 93 13 27 52 41 51 25
0.75 38 23 66 88 56 7 58 63 60 48 70 19 57 83 4 53 79 85 45 95 5 86 76 15 73 59 71 87 65 41 1 18 39 0 84 29 98 34 97 77 2 3 20 96 67 99 33 62 31 52 22 72 91 69 9 37
0.56 34 98 73 79 53
0.15 4 21 65 30 52 99 0 8 41 19 96 23 63 76 55 31 2 24 34 17 9 15 3 57 94 6 28 93 64 35 91 59 82 1 78 90 75 33 25 44 66 29 18 39 48 60 37 43 62 47 51 49 42 26 38 40 56 32
0.83 34 33 47 93 86 85 68 43 16 57 95 35 37 98 29 65 80 89 4 49 30 97 58 3 15 32 38 41 82 72 71 14 62 96 99 24 31 28 11 39 26 64 56 77 48 36 5 79 23 51 8 92 69 53 55 67 42 2 52 18 75
0.37 43 18 71 85 5 90 54 95 81 4 52 39 17 69 10 38 98 12 93 1 34 78 62 49 92 44 86 22 25 87 48 67 37 21 46 75 28 47 97 56 73 55 27 29 99 26 68 50 31 13 96 41 14 64 94 70 72 24 35 42 83 91 20 33
0.77 78 93 50 14 76 58 53 73 94 10 0
