2 100 100 2
73 39 46 78 35 94 66 98 15 76 73 97 86 75 85 20 56 44 57 96 65 14 26 72 81 65 59 24 59 33 86 64 22 21 94 91 74 38 88 32 75 94 26 28 43 73 49 37 60 31 19 76 30 87 24 92 78 14 73 92 34 36 63 56 75 94 48 67 39 42 60 69 62 61 32 53 38 59 25 29 95 85 99 48 98 35 16 28 91 33 10 99 58 53 86 11 86 26 15 73
0.71 76 25 8 92 70 42 21 28 19 78 26 59 4 99 71 49 69 85 95 60 73 30 32 51 43 29 7 3 75 61 81 62 88 1 65 33 57 44 54 50 10 97 66 24 5 6 82 20 22 52 36 37 89 83 86 0 64 74 46 17 15 18 39 41 72 16 96 13 56 45 11 63 31 87 58 80 48 14 68 55 38
0.40 57 36 5 27 54 18 29 70 92 49 11 56 71 60 48 66 99 7 73 37 26 22 6 90 39 64 34 81 59 46 12
0.30 13 60 84 78 2 86 11 76 25 48 6 56 94 57 14 29 5 12 37 49 16 1 87 44 82 85 21 93 67 47 22 52 63 98 83 7 26 59 75
0.58 5 60 3 21 33 95 19 79 94 50 25 93 84 85 88 11 52 91 44 96 72 57 31 86 76 47 97 61 4 65 78 30 98 66 40 81 80 14 38 28 37 64 73 68 35 70 63 62 56 22 1 75 10 13 9 51 48 6 39 90 29 7 18 99 77 34 58 27 69 92 17 8 41 49 46 55 16 83 74 24 23 71 87 0 45 2 15 89 82 12 43 36 67 53 20
0.78 95 44 80 56 88 76 71 16 29 25 30 61 12 22 77 57 97 32 53 26 74 27 17
0.03 95 79 51 98 63 18 77 66 70 41 16 83 94 86 84 19 12 76 93 8 75 69 61 50 10 23 59 34 30 29 57 97 27 33 1 13 54 72 21 62 68 17 20 38 43 36 65 40 73 99 6 3 48 55 28
0.87 13 90 10 35 1 99 30 94 22 62 66 16 80 73 11 56 69 39 92 41 34
0.43 19 51 71 42 21 20 11 56 47 53 6 65 39 62 35 27 44 49 95 41 68 7 0 14 55 96 73
0.05 57 98 83 77 51 12 52 9 36 16 67 88 82 40 99 85 55 7 80 72 30 91 41 11 58 79 28 8 65 1 14 86 62 6 38 89 84 53 15 70 22 90 45 18 94 21 93 63 61 76 43 35 33 49 71 39 54 64 42 50 75 74 96 97 78 92 47 34 17 13 23 25 0
0.40 53 95 44 23 14 2 46 21 76 11 98 73 36 57 69 0 74 8 51 25 88 61 13 66 15 22 38 63 82 50 55 71 19 29 80 84 86 33 67 68 45 42 41 79 34 32 92 48 83 58 90 85 16 60 20 72 26 99 87 56 97 10 28 93 17 6 27 43 81 31 4 37 30 96 91 62 78 1 47
0.97 86 55 73 24 10 94 68 16 71 51 66 85 69 72 80 41
0.64 75 94 93 99 61 30 1 23 49 50 25 53 76 77 80 3 58 15 82 89 40 9 88 14 72 83 47 0 13 35 69 51 29 66 12 39 96 37 81 86 55 54 97 95 20 21 22 4 38 18 85 90 33 6 79 91 7 98 24 64 32 68 52 42 17 73 59 34 16 65 31 5 27 43 78 11 87
0.83 69 25 92 17 83 27 57 5 82 60 28 18 32 53 95 63 23 61 30 47 87 11 35 88 71 43 50 6 14 96 7 52 59 16 24 37 21 90 54 41 70 1 39 99 80 62 55 98 33 75 13 40 58 73 19 76 48
0.42 56 95 52 86 18 47 93 14 25 27 26 8 66 2 7 21 72 46 84 24 11 77 4 55 89 81 54 31 57 82 74 53 92 96
0.30 69 93 38 11 7 57 51 88 36 77 99 94 98 81 83 73 30 13 86 53 17
0.80 60 49 19 15 48 59 99 25 67 83 57 22 26 27 94 35 92 56 40 61 91 31 29 5 9 1 71 80 44 47 95 23 34 54 97 78 52 30 36
0.98 54 69 88 64 19 1 41 17 73 95 3 27 11 50 14 56 24 35 4 92 8 70 90 57 84 36 30 26 63 45 34 37 31 44 9 58 25 72 96 66 48 40 86 18 61 82 42 7 77 6 79 99 51 98 59 60 78 65 33 23 53 16 28 13 71 87 81 83 49 5 67 2 74 97 39 46 38 21 94 85 91 93 68 10 12 47 20 55 22 76
0.14 13 64 76 35 69 33 74 29 11 34 47 17 93 75 1 56 24 81 37 65 39 71 83 30 3 9 36 61 50 88 77 98 78 18 53 42 95 43 14 70 96 84 2 60 62 28 12 67 38 87 40 66 99 0 72 31 8 27 41 79 73 7 94 49 21 54 57 45 46 32 51 22 26 59 44 89 92 91 82 97 90 86 48 16 85 10 58 23 5 20 19 63 15
0.38 80 45 10 18 75 95 9 54 70 41 26 59 2 37 11 21 38 74 72 98 24 97 87 15 90 94 84 40 64 6 73 58 66
0.66 85 98 42 26 97 37 67 71 33
0.16 68 5 37 51 58 89 91 33 70 20 69 0 86 26 18 54 55 21 43 1 13 61 92 77 94 83 14 17 95 30 90 23 29 63 64 2 82 74 84 12 72 81 56 25 57 59 73 97 46 47 36 71 10 7 96 88 9 76 28 22 50 98 34 44 48 40 27 39 19 62 41 38 67 66 15 8 99 85 35 3 93 42 49 78 65 52 6 11 32 60 53 45 80 87 24 79 31
0.34 53 66 46 90 61 81 18 41 27 96 55 83 17 88 35 11 19 8 26 14 44 89 32 78 22 52 38 42
0.31 29 3 68 83 38 88 61 54 73 66 41 27 49 74 8 43 34 15 67 22 65 77 48 14 21 47 80 78 40 69 24 23 7 84 60 91 11 85 89 31 90 19 32 82 62 63 25 42 16 97 92 99 98 17 35 71 9 39 4 58 44 5 20 53 33 36 51 26 10 18 87 50 72 55 45 93 12 86 76 70 59 46 56 6 95 52 2 81 94 30 13 57 37
0.60 35 16 3 1 38 39 64 10 41 27 85 77 56 34 96 74 48 2 61 4 93 91 40 30 12 29 13 67 94 52 99 15 97 51 25 81 66 73 80 49 71 46 44 28 57 20 92 19 11 31 98 5 75 82 84 70 7 43 22 63 24 65 62 26 8 36 14 37 33 17 21 79 58 6 59 72 78 9 32
0.00 73 18 42 31 32 60 8 47 34 96 56 87 24 95 11 50 89 70 63 65 72 14 82 64 21
0.18 74 62 80 56 12 27 13 73 11 40 63 9 72
0.86 73 75 29 16 95 25 81 63 38 59 10 87 77 96 55
0.87 73 5 25 14 20 10 93 84 46 44 92 8 82 40 62 24 89 41 11 33 96 56 54 50 29 71 58 76 94 12 15 63 90 57 66 85 4 83 72 52 1 97 91 7 36 43 13 47 60 39 65 21 53 6 98 86 27 18 55 99 37 81 78 59 70 69 64 19 16 67 30 95 2 34 68 79 42 22 35 28 74 49 9 17 61 77 80 75 45
0.18 7 49 19 54 52 33 42 15 55 39 77 5 29 35 87 45 96 18 36 12 17 14 1 34 6 9 23 95 47 64 79 50 41 73 98 44 0 69 90 10 78 58 60 38 76 84 4 37 65 27 80
0.56 52 44 32 82 13 33 45 91 24 97 31 60 35 76 14 98 25 63 9
0.96 94 89 52 90 80 37 16 74 60 27 56 92 50 17 19 64 41 36 18 68 51 9 23 3 81 10 11 70 31 66 40 83 79 34 84 75 43
0.02 96 97 5 31 57 47 1 85 54 35 60 45 86 55 40 94 21 46 75 44 3 2 84 64 39 66 93 92 78 27 76 53 34 74 65 33 52 80 79 87 48 72 15 11 8 25 18 42 95
0.55 7 10 52 28 9 32 51 81 61 87 33
0.01 43 73 97 78 36 82 99 2 42 94 40 52 87 6 41 88 9 51 76 19 44 13 33 14 45 0 35 91 74 27 34 29 66 81 7 95 83 67 22 39 31 64 21 11 16 57 65 25 30 15 69 32 50 86 84 49 53 23 79 93 26 80 60 18 85 17 4 70 5 61 37 24 46 3 62 75 71 47 55 20 77 68
0.22 32 27
0.87 36 31 88 26 2 63 83 86 4 72 5 81 60 77 93 38 53
0.61 5 74 23 14 11 8 63 12 93 92 56 99 54 82 43 98 13 88 53 95 19 40 36 68 86 44 32 66 9 48 26 70 37 30 73 27 94 21 60 18 10 76 42 84 15 87 62 57 78 59 65 72 91 96 49 4 29 97 7 55 6 75 31 80 64 90 77 79 83 41 46 47 16 51 39 25 81 34 85 17 1 35 33
0.22 21 4 41 76 58 67 77 6 57 52 72 35 89 42 56 95 60 83 0 17 88 81 30 20 2 74 15 86 90 80 37 84 97 50 19 39 68 46 14 73 98 28 91 53 22 51 8 40 27 94 45 49 12 78 48 62 47 29 59 54 18 65 61 1 32
0.07 59 4 0 68 29 58 92 10 75 95 66 55 28 63 21 90 22 60 53 72 52 34 86 2 24 42 96 23 93 45 38 65 1 40 88 36 13 5
0.14 6 3 80 69 55 84 33 48 97 13 22 11 29 58 17 30 27 5 89 99 19 46 76 15 54 62 41 92 2 47 50 94 86 57 34 44 4 81 87 74 70 72 75 67 78 66 45 35 21 31
0.20 53 42 78 40 73 25 39 64 2 99 57 90 97 3 49 32 74 31 22 82 17 83 15 48 30 59 66 45 47 0 4 62 11 80 96 21 95 76 68 92 1 88
0.47 19 97 60 21 27 11 61 86 40 32 8 57 70 48 83 89 42 72 56 23 54 7 36 26 12 15 67 91 90 74 58 73 87 55 77 78 2 39 28 45 62 43 82 24 66 16 20 85 35 69 79 38 25 10 84 59 68 99 46 41 52 33 3 71 37 50 92 14 80 64 30 44 51 53 34
0.00 54 90 60 24 57 39 47
0.33 42 76 75 14 44 72 29 6 11 53 64 58 12 77 49 19
0.85 34 69 9 31 59 7 16 73 23 44 22 14 39 30 17 3 27 56 88 4 49 12 55 76 95 68 19 65 13 91 18 79 51
0.65 10 38 59 30 31 93 51 17 87 69 52 60 68 99 26 3 94 70 61 39 89 9 32 16 86 75 97 83 40 23 24 80 5 84 63 14 79 1 82 64 66 98 11 90 58 85 33 53 27 48 67 28 57 50 91 55 41 19 74 35 7 54 34 77 81 0 92 20 47 13
0.40 96 83 29 1 90 75 31 18 22 64 17 85 78 27 59 58 7 2 35 84 15 79 43 28 21 53 3 44 38 67 57 81 60 62 41 30 12 99
0.16 26 69 81 18 84 53 20 33 46 29 82 45 56 72 85 94 89 32 87 4 30 3 24 62 49 23 92 71 48 8 54 22 60 90 34 55 17 16 43 95 70 50 11 35 58 51 88 7 76 66 37 10 36 78 12 99 15 6 21 47 1 52 19 2 98 83 28 39 96 44 86 0 38 61 27 68 91 77 59 64 9 73 67 42 63 79 31 14 97 5 40 65 41 57 93 13 80 75
0.94 3 92 79 8 21 89 14 65 49 93 22 80 11 75 81 25 53 34 30 44 86 55 18 23 38 37 52 46 33 82 76 69 39 73 10 5 36 90
0.02 90 80 65 3 37 34 53 42 85 83 93 78 13 30 55 72 94 10 52 7 64 84 22 68 39 6 12 16 27 46 47 48 98 33 59 99 4 91 24
0.69 86 76 51 82 63 65 73 94 50 46 9 24 2 4 27 61 96 53 1 49 74 54 13 45 89 20 97 3 41 58 33 31 69 43 36 57 8 42 85 78 44 52 40 16 84 70 75 29 56 30 12 10 48 25 66 87 81 37 60 59 98 67 95 32 55 80 26 28 6 62 99 21 91 39 79 92 35 15
0.20 71 93 29 9 3 94 37 6 10 66 53 55 36 81 90 33 48 16 14 99 87 67 22 61 4 46 30 7 68 65 64 97 42 98 44 19 50 52 73 80 49 89 15 58 28 1 12 43 57 45 79 95 91 20 38 47
0.69 54 42 70 80 88 22 7 9 83 17 5 4 3 81 26 18
0.20 39 34 37 76 95 35 24 19 21 12 77 72 27 41 57 4 42 67 63 73 79 85 48 81 0 20 28 97 74 54 65 90 43 56 91 10 36 84 78 9 52 50 70 58 98 75 17 99 71 44 88 22 60 29 46 92 69 61 1 59 31 2 53 66 55 8 51 62 30 93 49 26 14 33 38 13 23 16 15 89 40 5 7 32 25 18
0.85 76 40 53 72 54 15 47 43 73 27 45 88 64 97 37 82 17 81 31 16 41 96 9 10 84 80 98 30 11 44 56 13 6 3 68 38 51 74 18 78 29 32 14 42 12 95 5 71 1 8 90 83 55 61 46 63 49 26 7 62 52 25 39 79 75 33 77 36
0.43 57 33 85 87 82 35 83 86
0.31 43 8 31 60 97 24 6 20 77 53 25 14 67 86 48 54 7 62 78 57 55 96 94 73 63 90 18 4 35 0 16 74 79 12 15 91 75 85 61 80 87 69 26 45 99 38 3 39 32 17 95 84 2 21 71 37 1 34 46 52 42 22 28 98 76 83 82 40 59 92 64 19 10
0.95 63 11 7 93 48 80 74 25 33 50 37 46 15 81 35 91 16 10 84 66 64 41 56 71 90 14 52 30 9 67 65 86 6 73 96 5 51 17 42 85 59 1 55 4 53 54 61 19 79 94 60 28 70 97 29 99 12 68 23 57 49 38 20 72 18 88 45 47 82 34 75 69 27 83 77 98 87 95 39 76 21
0.66 59 50 57 85 13 24 44 53 33
0.99 68 34 46 75 63 45 48 85 4 88 38 25 47 82 0 29 91 28 9 14 3 2 42 84 98 94 49 20 69 79 92 83 23 51 33 86 52 81 1 57 95 58 24 71 37 17 60 74 73 61 64 90 78 10 65 76 89 97 13 7 80 32 18 55 5 40 93 41 54 53 50 35 15 56 11 30 59 27 12 72
0.34 32 36 29 1 10 57 83 58 33 46 68 91 2 35 73 21 65 26 20 80 25 34 6 79 30 14 44 72 53 27 54 31 43 50 69 52 47 48 55 71 28 4 9 40 23 12 56 81 7 94 95
0.69 31 74 82 67 40 70 56 44 38 94 89 71 66 7 21 77 53 64 59 92 39 1 86 9 5 15 18 37 22 81 19 96 8 4 49 90 35 6 97 47 63 50 69 33 73 83 0 52 99 48 11 75 57 98 41 79 26 2 65 51 32 93 3 80 42 28 85 68 30 54 43 16 27 91 76 20 29 88 14 25 87 60 46 12 17 62 84 34 23 72 45 58 24
0.73 96 2 40 30 98 29 9 20 21 7 24 26 74 4 54 78 69 95 59 38 52 62 88 58 61 23 1 37 44 45 46 90 73 28 16 35 42 19 68 93 81 72 27
0.57 76 63 99 84 71 13 0 93 86 85 43 1 9 49 30 68 70 15 22 34 12 32 41 65 80 24 37 53 39 89 28 91 75 97 5 67 98 79 58 69 3 14 29 77 64 7 40 27 25 35 51 92 81 31 2 42 38 50 55 46 10 72 8 11 20 44
0.02 84 77 49 21 52 33 61 10 23 26 81 51 9 31 57 16 44 22 0 94 53 86 35 14 87 19 64 82 63 5 54 7 85 11 6 3 95 1 38 32 46 96 4 72 75
0.52 3 84 57 42 34 24 0 94 75 44 31 52 96 47 14 11 77 53 80 25 86 60 45 17 23 51 33 7 46 12 36 5 92 59 73 26 54 69 29 61 6 9 8 56 70 37 67 40 93 4 79 10 90 87 18 98 22 1 89 35 72 97 21 85 19 81 64 62 39 20 99 27 38
0.55 14 55 29 5 83 24 52 63 19 35 27 72 33 3 54 59 44 97 87 46 28 36 47 31 25 23 64 99 88 41 42 21 71 39 81 49 34 6 10 80 90 85 74 86 58 79 56 98 20 0 12 70 1 18 78 13 40 30 94 2 84 11 75 8 57 4 53 61 17 26 76 22 89 37 45
0.38 70 20 41 49 39 32 22 64 36 51 91 47 96 5 0 1 42 2 27 71 56 79 7 11 88 25 29 16 61 59 17 60 57 90 67 28 52 34 53 9 81 97 94 18 38 33 92
0.96 32 41 23 26 71 61 39 6 20 83 8 38 64 11 36 55 49 60 79 66 74 67 2 45 42 29 10 52 13 90
0.08 15 81 42 67 98 12 83 60 51 89 35 29 86 85 19 0 79 8 25 46 77 48 74 24 36 84 76 62 16 33 58 40 90 22 53 23 9 71 13 68 93 54 6 45 65 56 26 69 80 17 49 96 87 44 55 82 5 72 38 37 32 92 14 63 18 39
0.97 47 86 11 83 60 13 76 63 52 70 71 66 34 62 3 84 64 22 24 20 45 10 91 17 55 49 77 9 48 4 95 14
0.99 46 14 5 30 0 39 49 84 18 36 43 47 17 70 66 25 16 81 10 82 97 67 95 90 53 42 19 79 72 24 50 23 6 22 88 28 1 12 29 41 13 62 87 68 63 15 31
0.82 6 30 28 38 54 50 78 87 3 39 8 73 74 77 79 26 36 18 41 34 40 25 86 33 20 44 21 80 83 76 75 31 11 22 89 32 37 23 62 45 15 65 88 16 68 1 55 67 19 63 2 97 66 4 93 13 12 7 72 17 70 5 53 24 98 82 81 47 61 85 96 9 14 46 35 56 95 60 48 43 10 84 94 90 49 52 27 51 59 57 64
0.09 83 3 30 87 36 6
0.56 12 45 24 88 8 46 58 18 89 96 55 11 27 13 19 87 93 66 69 34 61 9 52 74 0 43 85 83 57 23 17 49 47 56 31 94 37 1 54 99 26 53 44 39 82 79 6 91 77 21 60 68 51 40 50 20 15 3 73 59 71 97 84 42 36 30 48 5 32 2 80 41 95 90 75 38 86 29 7 81 78
0.72 23 74 60 75 52 99 39 7 56 73 19 43 46 41 51 9 34 72 55 87 71 95 4 8 14 6 45 49 27 58 32 81 64 88 59 50 91 5 79 98 97 33 30 69 40 92 89 61 53 48 68 57 65 0 24 38 16 94 85
0.90 54 37 52 30 86 62 8 93 48 38 39 27 36 31 46 1 24 22 70 64 69 28 60 3 98
0.81 30 41 4 68 76 56 7 31 93 73 72 44 87 77 55 47 75 94
0.53 88 35 25 75 70 93 60 37 48 69 32 80 13 90 81 54 8 40 65 34 59 95 24 0 18 20 61 47 92 2 31 29 39 50 4 30 86 7 97 73 66 28 99 44 82 68 49 94 84 16 91 89 79 17 57 26 10 71 56 62 76 12 1 3 45 77 96 87 15 19 38 72 36 85 63 5 52 67 78 41 21 43 23
0.70 85 28 17 65 47 84 22 20 42 76 7 78 19 43 8 80 59 67 87 71 75 0 49 51 11 60 82 72 27 44 40 5 33 15 50 30 25 79 99 62 94 55 39 92 53 35 48 31 52 38 83 74 61 29 95 86 96 16 63 46 37 6 13 14 12
0.57 93 8 48 22 90 15 60 88 45 21 42 17 65 27 36 84 49 78 86 69 34 11 20 74 66 3 14 18 99 25 98 16 37 39 31 77 2 59 33 35 85 68 83 0 62 32 47 5 10
0.44 16 72 54 79 62 9 31 71 85 43 94 20 50 33 64 68 44 99 23 55 47 42 98 63 78 32 96 24 90 89 8 92 27 5 19 74 53 52 30 91 35 59 26 93 58 80 60 86 46 57 67 18 83 82 73 69 39 34 45 28 37 15 51 2 13 41 25 22 95 4 1 76 7 97 56 3 70 81 40 36 38 66 10 88 17 75 87 21 49 12 65 77 29 84 0 61
0.40 34 45 1 75 24 0 60 77 11 82 56 25 4 5 76 37 69 64 46 88 36 94 40 48 53 65 78 92 29 17 27 58 63 61 70 84 31 55 80 3 10 2 74 7 85 72 32 41 42 67 51 89 83 81 21 49 28 13 35 20 52 9 54 23 33 16 22 66 19 30 95 71 73 96 87 26 14 86 43 38 97 91 93 68 62 90 8 79 98 50
0.76 72 4 41 80 71 64 47 73 48 51 96 67 62 91 19 36 70 83 42 99 25 76 59 37 75 32 7 34 33 13 23 53 29 20 89 10 55 57 69 66 40 79 6 88 21 95 15 50 84 98 87 31 65 49 16 54 92 90 11 94 63 97 38 43 17 58 44 81 93 39 52 60 35 18 12 61 82 74 27 1 24 22 3 2 0 77 78 46 85 26 28 5 30 14 56 86
0.55 65 38 41 73 88 31 98 39
0.35 64 62 94 16 27 91 0 71 83 80 44 61 73 57 63 78 36 81
0.79 66 79 39 54 5 99 65 27 89 9 70 91 45 62 31 90 0 29 22 68 73 88 42 71 33 50 41 8 74 10 72 11 13 57 59 2 17 19 87 24 81 15 69 53 77 80 44 6 37 75 83 51 82 38 76 40 25 26 78 85 1 96 84 95 52 63 36 60 61
0.79 66 30 23 0 47 49 1 67 54 84 21 87 80 82 79 20 59 75 78 35 48 36 16 41 28 31 85 12 44 93 58 83 38 62 63 92 64 73 90 7 32 74 25 98 10 29 40 17 45 13 96 3 99 69 9 34 57 56
0.11 6 24 57 47 12 58 72 19 5 77 66 50 85 28 42 48 59 33 1 30 98 26 74 35 67 32 94 83 17 70 69 14
0.58 43 99 86 11 66 64 58 62 68 81 56 82 6 12 95 20 53 92 60 36 8 35 88 55 91 34 54 7 19 5 29 89 44 3 25 61 45 27 39 79 80 65 63 97 4 42 83 59 48 2 32 96 71 77 38 1 21 67 23
0.32 63 86 91 50 61 96 9 22 82 29 10 70 4 3 58 18 56 12 92 46 62 48 1 30 0 17 64 36 95 75 83 14 37 98 59
0.30 46 36 98 40 47 78 6 61 13 53 31 63 15 85 30 5 43 96 39 93 89 58 48 32 17 82 69 57 19 0 64 87 77 1 79 88 16 99 38 49 26 90 44 92 7 28 97 24 84 62 50 2 51 56 91 80 52 68 59 34 74 75 35 22 65 71 73 37 67 29 54 94 42 72 81 21 4 18 45 33 11 86 14 76 55 12 60 25 9 23 10 8 95 83 41 66 20 27
0.87 95 74 69 27 30 54 91 50 20 40 83 71 24 38 7
0.78 42 47 82 16 3 85 51 68 33 80 44 69 48 52 79 19 0 27 32 90 21 53 46 18 67 38 99 29 83 84 34 24 35 26 65 76 1 77 61 45 75 89 10 92 58 12 9 31 86 98 8 14 55 2 87 4 11 63 15 78 54 36 62 40 37 20 50 91 23 7 39 49 70 64 30 43 81 28 73 57 71 59 88 6
0.72 39 20 24 94 3 61 23 42 83
0.90 20 45 8 93 61 75 23 19 30 53 89 57 70 79 72 38 1 86 52 27 0 80 96 71 22 33 6 43 36 50 24 29 11 84 82 77 74 42 98 76 56 66 59 60 68 13 67 10 51 21 39 49 55 26 2 91 97 47 31 90 94 16 64 95 73 88 40 87 28 4 99 12 62 58 83 41 5 3 9 37 44 34 81 92 25 17 65 7 78 15 35 54 32 46 69 48 85
0.13 60 45 84 10 34 86 37 11 99 4 51 48 38 7 78 90 1 68 98 63 91 43 5 73 79 14 15 85 44 80 96 46 2 9 61 74 28 42 52 54 19 72 69 41 75 67 29 87 57 92 24 82 26 25 95 93 33 62 55 83 53 0 76 39 97 77 31 6 12 58
0.16 72 50 57 73 99 56 79 89 61 37 65 0 88 49 35 86 18 6 93 32 78 81 21 25 83 2 5 62 75 60 23 34 85 3 36 82 97 39 84 46 29 91 63 53 33 68 87 64 8 38 52 16 94 54 66 4 42 58 96 43 22 69
0.90 99 65 64 51 27 80 8 32 48 96 7 17 53 74 33 77 66 87 78 85 34 9 20 24 90 81 97 86 47 35 29 68 30 36 31 95 28 88 79 11 82 19 59 76 0 4 23 71 16 91 6 38 89 67 84 57 50 2 73 52 1 10 25 46 12 40 3
0.16 3 38 50 7 60 12 32 94 63 74 51 87 44 17 53 83 72 68 8 9 95 61 40 13 70 11 64 18 73 96 4 20 25 16 46 19 36 21 48 80 35 93 14 28 33 27 26 37 5 97 43 47 49 84
