2 100 60 1
25 64 98 61 53 66 33 93 54 47 93 56 85 73 57 63 89 30 44 20 35 43 42 75 61 99 14 88 67 26 11 50 71 17 68 35 55 76 86 55 25 26 53 32 76 92 85 12 19 97 75 21 11 94 87 63 73 11 43 54 95 13 14 12 20 49 16 93 74 58 28 89 14 52 94 65 15 70 21 41 80 19 29 82 75 10 62 79 55 89 37 51 99 74 76 82 14 86 45 57
0.31 1 9 92 52 98 83 46 91 38 76 21 48 10 5 97 87 79 61 81 11 68 41 44 42 18 37 63 94 85 89 39 15 54 31 72
0.97 27 87 35 42 48 75 0 79 93 50 76 72 25 52 77 33 40 81 43 39 24 67 22 99 66 36 38 65 44 4 10 5 85 26 80 68 3 2 58 61 59 84 51 30 62 34 90 92 6 97 37 1 78 29 19 86 57 74 7 69 45 28 89 70 53 95 41 88 8 15 55 14 83 18 60 54 96 23 73 21 12 49 13 94
0.29 25 1 56 22 70 85 82 72 18 81 79 58 63 59 33 28 21 53 86 68 97 74
0.46 77 52 60 21 32 18 30 61 12 24 94 78 38 6 56 80 41 93 81 19 86 90 1 16 44 3 39 29 4
0.97 37 10 50 91 47 58 49 28 34 55 73 98 81 75 3 95 54 52 14 68 79 17 30 82 16 51 65 24 61 93 70 96 92 31 43 72 32 45 1 86 67 12 9 15 99 88 40
0.78 13 83 67
0.52 35 12 81 49 14 22 98 95 48 77 20 23 4 53 72 5 32 11 96 13 70 82 45 83 25 57 0 27 1 47 41 37 7 94 73 50 75 44 2 56 65 93 66 31 52 64 60 46 84 28 29 16 63 39 43 24 9 38 59 69 67 34 87 55 8 26 21 91 68 18 88 79 76 51 74 19 6 86 99 3 36 62 89 40 92 42
0.06 37 97 88 80 55 84 73 29 21 27 98 53 85 22 60 79 10 11 39 93 64 78 82 8 76 77 33 65 48 30 13 12 72 7 47 54 36 0 91 20 92 46 81 56 3 45 74 99 40 62 14 86 67 89 4 15 51 94 9 90 18 23 24 6
0.31 75 23 17 52 39 97 60 24 26 22 58 42 7 37 82 28 31 62 13 72 44 89 61 21 45 36 73 33 63 91 43 2 74 87 81 48 11 4 41 38 76 94 80 83 55
0.74 64 56 30 68 63 89 22 2 29 19 99 7 49 32 55 80 26 3 15 75 12 18 53 97 69 67 60 50 70 40 85 84 4 14 47 1 58 21 24 23 5 78 71 42 65 43 92 87 79 61 37 98 74 91 59 0 8 36 44 77 41 96 35 95 82 66 28 10 94 45 13 93 48 81
0.04 55 47 35 4 75 18 46 62 36 64 89 45 85 31 33 77 7 23 50 21 43 41 94 52 34 15 86 32 71 61 63 65 56 6 76 54 66 48 59 73 19 99 79 92 8 37 96 67 49 12 11 88 70 25 80 91 44 72 13 78 42 58 5 93 68 83 1 16 39 29 3 20 30 98 38 84 57 60 69 74 28 53 2 95 24
0.79 9 52 40 56 32 77 70 31 18 38 33 13 47 59 65 97 15 49 75 67 29 55 45 44 11 26 30 57 53 87 8 36 74 23 68 21 95 35 80 27 19 81 12 3 4 60 5 43 89 76 51 78 48 2 69 92 61 46 72 90 88 83 66 73 54 62 99 84 24 91 17 98 82 63 0 1 39 79 71 16 94 14 22 25 96 20 34 41 93 50 37 28 86
0.40 4 25 83
0.69 0 30 43 42 27 5 12 52 84 75 97 14 13 60 70 32 59 91 79 47 21 93 45 17 56 63 62 73 57 36 40 83 51 54 37 2 41 31 33 67 38 82 72 49 64 29 4 26 99 8 15 1 66 89 85 19 94 77 71 92 11 16 80
0.15 17 15 36 28 83 67 92 13 94 85 97 24 69 33 51 48 46 89 42 49 61 72 56 37 70 2 8 59 11 81 20 62 98 43 73 32 99 58 79 18 57 54 10 19 65 22 80 29 68 87 41 44 95 21 64 25 35 96 6 12 86 38 71 84 47 91 9 88 14 3 52 63 53 90
0.90 55 68 15 58 72 37
0.53 74 53 46 38 13 29 56 24 58 47 40 88 43 79 25 23 12 60 69 42 77 28 83 39 99 62 17 78 30 1 92 34 18 84 11 31 68 21 22 95 75 15 3 8 71 61 27 2 32 86 65 14 37 76 90 4 98 10 48 66 87 16 35 36 51
0.82 97 6 27 67 91 11 86 63 51 54 96 85 77 80 74 3
0.90 83 25 52 94 13 67 69 57 79 35 63 88 50 36 82 33 78 53 55 91 46 89 17 2 41 48 93 54 23 14 86 98 32 92 68 5 11 85 19 73 87 30 95 7 64 43 1 0 28 74 96 18 39 27 70 4
0.61 12 63 18 45 89 69 27 54 73 88 85 7 23 46 61 76 55 1 29 62 81 11 82 49 52 99 30 22 72 77 60 71 10 31 96 39 44 42 80 70 91 98 51 3 86 92 5 2 79 50 78 17 87 16 93 40 20 58 4 32 26 28 59 75 13 47 74 9
0.71 47 27 52 73 12 49 30 85 74 23 37 40 20 88 86 53 76 4 19 92 84 65 38 10 71 14 64 77 32 36 25 2 63 59 82 18 7 83 3 58 68 8 13 45 70 17 75 56 9 5 87 46 26 6 95 67 33 61 29 80 22 39 54 57 72 44 28 51 97 50 16 78 21 93
0.18 75 6 56 23 81 36 71 22 83 60 1 97 43 3 77 20 91 12 51 95 99 17 92 49 96 74 76 31 54 89 10 53 2 82 16 85 35 65 19 52 88 50 69 72 15 28 55 18 9 59 63
0.80 81 91 89 22 68 38 13 39 52 71 54 12 40 65 43 98 6 9 75 78 73 44 84 25 69 3 21 50 31 11 70 79 76 56 87
0.53 13 3 84 66 94 75 88 70 61 12 86 74 79 83 46
0.69 30 54 96 43 31 65 85 27 13 88 20 63 15 91 67 39 87 64 3 93 53 16 26 7 0 14 24 57 95 56 5 80 97 1 11 52 25 33 70 36
0.82 51 12 6 28 0 74 99 2 8 11 70 50 18 20 66 91 80 23 41 72 32 34 78 95 92 77 83 64 3 61 76 86 97 45 38 17 65 31 84 35 57 55 27 85 36 42 10 48 15 60 13 75 4 24 79 82 88 33 47 5 53 96 40 58 73 39 71 46
0.47 5 59 34 29 21 81 27 82 73 28 26 51 22 95 63 67 50 30 18 72 58 55 43 1 99 23 3 7 40 24 36 74 0 35 94 42 79 56 11 47 17 9 77 90
0.45 78 60 93 24 94 72 33 90 87 89 95 55 17 31 28 68 19 56 43 76 83 39
0.25 94 41 92 48 53 32 45 88 42 74 96 13 91 82 39 2 33 58 90 75 15 54 0 19 36 11 62 22 12 60 86 6 87 28 64 18 8 59 26 67 98 40 84 35 1 68 77 52 51 55 73 97 9 14 31 30 78 81 17 93 20 38 95 83 72 50 63 61 71 24 89 10 65 4 69 47 79 44 70 3 37 76 27 66 25 99 23 57 85 21
0.25 30 48 58 18
0.47 6 38 29 43 36 42 92 17 8 68 31
0.99 30 19 97 33 69 27 35 73 75 61 92 20 44 25 21 13 37 72 82 29 16 45 55 10 14 84 60 96 59 79 74 99 58 78 66 54 57 94 87 95 98 17 93 70 1 85 32 41 88 31 4 26 62 47 24 63 56 38 36 15 53 12 80 7 49 52 11 76 39 83 90 68 81 5 91 2 65 50 9 89 22 23
0.92 63 36 64 71 51 9 74 45 21 2 31 60 47 88 49 57 67 3 92 25 33 34 56 73 81 90 38 18 11 48 58 46 14 16 98 26 8 53 29 30 85 24 62 12 19 87 77 41 69 44 13 78 40 10 75 39 15 37 99 89 28 65 97 82 27 17 72 76 32 7 6 61 4 66 84 70 83
0.89 92 37 82 22 9 57 97 70 13 96 23 73 55 14 47 30 54 43 91 0 83 45 86 21 41 36 56 12 67 28 1 60 59 65 40 27 5 77 39 74 8 34 19 71 75 46 10 53 88 62 78 50 98 15 84 51 11 16 58 89 44 66 90 7 38 49 33 6 72 87 2 68 61
0.86 40 61 13 29 82 77 32 96 23 35 50 49 65 67 90 99 63 47 31 19 97 28 56 55 92 10 85 58 80 21 0 30
0.03 9 37 79 2 69 38 89 0 6 63 54 86 15 65 14 74 91 97 19 83 95 51 26 29 56 41 80 45 60 35 17 10 40 99 43 33 82 53 11 16 94 67 46 27 71 84 87 24 28 81 57
0.98 26 21 74 65 79 41 49 58 7 73 95 61 17 44 81 38 67 42 32 22 11 1 89 43 6 14 5 4 2 90 40 54 76 23 85 88 78 46 55 18 56 31 35 30 59 8 45 57 12 9 94 19 25 99 82 0 48 27 97 24 33 53 91 47 93 71 68 83 20 16 87 84 70 37 72 60 64 66 96 98
0.38 58 35 57 10 23 47 90 89 67 80 21 17 41 66 32 50 46 59 9 61 51 74 91 39 53 22 18 97
0.03 46 63 30 19 58 12 71 90 94 17 1 40 2 96 3 81 80 55 11 38 47 70 64 27 61 95 67 7 85 34 45 4 62 69 23 9 86 16 54 5 93 60 73 74 66 8 68 41 24 99 82 78 29 28 52 20 75 50 0 89 42 37 35 36 33 59 44 53 48 97 43 56 79 14 13 31 83 84 65 18 57 49 76 87 22 88 51 25 10 32 91 72 39 92
0.75 18 41 62 86 76 2 21 60 74 10 12 50 88 39 87 64 5 1 15 9 92 32 71 68 19 24 82 37 49 33 52
0.52 15 65 53 11 37 89 88 28 97 60 86 12 26 62 55 14 34 21 78 1 74 71 16 93 72 32 8 18 54 0 3 85 40 7 44 33 24 58 49 73 75 9 41 29 59 92
0.62 9 53 83 36 92 33 70 85 45 32 12 80 66 14 28 8 96 57
0.01 19 62 67 94 56 77 52 81 37 46 26 93 29 23 64 90 39 12 97 6 73 48 36 84 32 21 28 10
0.67 74 65 84 77 76 88 11 24 48 86 6 75 7 83 51 79 59 97 68 42 4 87 56 36 70 31 53 40 14 10 12 58 37 62 20 25 15 30 46 85 23 92 47 60 45 44 66 81 80 72 91 3 96 41 26 71 61 94 0 57 95 67 98 29 17 64 69 39 18 50 78 82 34 13
0.25 12 91 79 49 3 93 95 66 88 94 98 16 86 80 85 51 72 84 32 65 52 42 74 0 58 69 82 21 28 8 10 25 96 23 97 37 27 45 15 9 46 78 11 13 63 54 48 64 43 14
0.10 4 42 93 45 59 33 19 5 78 64 54 80 81 73 99 47 55 70 89 60 12 92 62
0.28 86 54 34 74 28 39 90 59 21 7 81 72 44 68 40 50 23 57 22 12 14 8 5 63 36 10 60 92 49 4 3 87 46 64 27 13 25 0 65 32 69 71 78 76 19 73 93 42 79 45 97 38 18 82 55 84 35 20 30 9 17 43 47 83 6 26 53 37 94 66 2 16 56 61 62 15 96 1 33
0.35 55 10 7 31 0 24 67 27
0.08 9 25 1 48 35 41 74 22 13 12 43 95 49 14 11 61 39 58 38 82 69 46 16 67 79 17 33 28 21 40 89 32 20 88 56 50 4 73 71 72 2 57 94 96 31 27 98 47 63 23 30 65 6 64 68 85 15 81 60 37 26 97 3 53 83 66 45 77 84 55 80 7 0 87 86
0.23 91 23 72 71 97 48 7 18 62 45 64 82 78 16 75 25 0 10 85 92 1 3 30 86 76 35
0.41 32 82 19 95 44 56 0 65 37 62 87 34 15 68 23 51 97 38 14 36 60 9 45 25 46 71 61 59 47 48 72 99 73 28 21 10 54 70 75 81 8 49 79 12 11 5 96 66 33 6 93 30 35 43 57 52 94 31 13 7 3 39 64 17 24 83 18 53 40 50 92 41 16 26 98 55
0.35 82 48 62 70 68 28 90 81 49 6 17 20 25 91 50 22 93 4 78 66 13 88 56 65 59
0.30 54 58 47 69 20 98 32 24 93 19 29 49 37 1 15 6 12 82 62 94 61 79 95 64 18
0.44 89 84 41
0.44 6 29 98 91 52 92 38 33 49 69 31 82 39 45 94 93 95 62 12 9 56 64 70 3 97 73 36 25 0 30 28 42 46 53 44 84 67 96 78 57 71 18 17 86 7 99 59 89 65 66 51 15 24 27 50 48 23 32 11 22 75
0.95 83 43 6 8 61 74 5 21 85 86 50 62 87 2 52 55 29 67 53 23 37 22 17 40 15 42 56 30 98 76 57 77 13 63 82 94 54 14 47 12 10 26 34 25 24 92 16 4 75 45 80 78 0 69 68 49 11 93 72 41 36 27 70 33 91 89 59 51 97 81 7 46 20
0.41 8 12 25 39 18 72 26 36 37 50 33 66 97 71 52 6 44 24 46 7 54 49 76 94 48 47 40 60 10 55 0 22 2 42 35 30 28 43 1 99 74 83 32 38 45 62 92 80 61 51 65 75 15 67 58 19 20 23 89 90 68 79 41 13 3 9 5 63 64 27 82 16 91 59 31 98 95 4 86 57 73 17 53 85 78 29
0.39 18 31 14 89 40 73 88 69 91 96 2 93 37 99 44 7 68 38 43 52 11 60 95 48 79 71 1 63 64 74 70 98 65 36 56 62 80 83 81 50 24 87 33 20 53 77 26
0.81 79 38 77 52 50 95 90 40 10 51 56 1 21 61 5 75 39 64 97 23 49 26 99 14 78 63 7 80 92 43 67 32 24 81 42 16 29 37 17 74 4 30 44 76 58 3 34 15 96 33 66 57 18 98 88 35 9
0.81 93 98 42 14 60 20 49 46 39 33 26 15 10 68 34 78 51 81 25 30 45 99 65 1 72 58 88 95 86 64 75 54 66 36 85 48 37 9 87 27 53 12 17 4 55 38 83 0 96 8 21 84 6 35 91 74 62 76 32 61 57 56 80 40 59 41 69 73 92 28 47 22 70 44 63 90 52 89 31 19 18 94 2 29 13 79 5 50 7 16 11 77 43 67 71
