2 100 140 2
69 39 93 12 99 93 26 24 68 14 50 45 74 73 83 96 76 78 26 63 65 23 45 31 24 30 79 99 40 42 36 35 97 41 42 39 32 13 80 71 62 62 23 99 23 72 77 28 89 15 28 93 68 64 89 42 78 43 93 71 69 85 74 24 81 76 95 22 22 98 88 83 27 27 87 63 69 31 28 81 92 57 80 64 37 52 92 14 14 96 92 55 24 80 62 47 22 53 27 44
0.27 51 97
0.36 26 37 15 69 98 21 31 54 87 72 35 9 75 94 64 70 10 84 82 78 8 40 68 30 56 49 47 66 13 29 97 53 77 96 23 4 62 91 36 85 1 50 7 93 3 86 52 83 38 55 90 57 11 58 74 60 19 99 42 88 46 28 22 16 80 65 24 89 20 43 27 12 73 45 14 71 48
0.44 52 61 57 30 32 39 55 85 36 18 40 89 81 10 9 5 86 29 41 92 31 15 70 94 16 3 75 95
0.89 55 67 70 99 56 93 16 19 53 6 8 21 97 48 0 77 42 91 51 79 11 20 47 86 5 34 94 73
0.12 74 7 16 98 78 2 36 90 61 55 56 12 99 24 43 27 93 88 86 22 77 63 20 30 52 48 15 89 21 44 51 71 37 17 14 32 81 62 95 19 5 68 33 6 87 70 85
0.90 32 73 2 55 7 28 45 61 83 19 92 6 64 36 81 13 24 97 10 16 56 33 18 48 75 54 0 79 74 27 82 4 44 38 88 58 89 37 21 41 95 35 84 66 57 59 8 71 63 86 31 3 85 34 43 78 46 90 98 94 53 60 76 1 50 96
0.22 3 59 40 79 10 15 84 83 74 88 58 93 44 98 61 91 51 11 33 18 55 57 80 89 60 5 92 43 86 53 47 34 6 66 13 65 20 31 48 16 1 24 69 62 7 22 8 73 19 87 21 81 71 95 38 76 42 0 68 97 17 64 2 45 49 67 12 4 99 14 72 28 25 29 36 27 77 26 75 9 30 41 78 35 37 85 32
0.87 98 6 30 64 83 78 55 33 56 12 25 95 3 81 9 80 59 5 21 89 13 96 45 23 77 31 63 62 7 18 93 27 60 85 97 52 38 39 1 20 71 75 19 41 69 57 29 79 86 50 8 36 2 74 84 91 70 22 72 34 0 4 26 40 51 88 99 17 43
0.18 5 61 12 3 59 51 9 60 53 32 37 55 95 72 29 97
0.03 7 61 78 46 76
0.03 50 74 44 65 51 24
0.99 43 10 74 24 15 4 44 82 46 14 92 41 53 39 31 66 19 59 37 38 54 81 64 88 93 13 48 25 61 20 11
0.84 48 62 70 52 51 54 86 8 12 6 79 17 34 65 35 7 71 92 9 1 47 95 50 94 53 39 75 77 37 33 83 59 98 21 16 84 36 18 23 87 14 40 5 82 13 60 55 89 56 49 85 67 43 26 76 0 4 27 10 20 64 3 41 46 45 96 11 38 69 68 32 57 93 73 19 25 88 31 72 97 42 22 63
0.51 58 12 84 36 72 66 17 74 25 83 71 62 88 44 78 2 48 99 16 39 69 27 85 45 41 5 64 28 24 92 46 75 21 8 15 14 76 13 91 86 43 19 34 6 42 10 3 52 73 56 54 89 47 67 65 98 68 63 40 60 57 20 18 31 80 50 0 29 33 96 95 37 11 87 61 90 7 51
0.35 66 59 84 58 65 45 71 99 12 22 51 33 43 37 8 18 24 77 3 94 40 86 44 70 41 42 0 2 57 55 36 1 72 15 17 26 75 16 25 85 31 97 81 39 4 95
0.37 49 87 64 55 34 50 69 9 6 14 10 51 75 66 40 63 79 32 4 35 70 48 81 71 96 7 61 1 80 25 23 73 52 94 57 93 5 83 74 19 28 95 84 37 53 90 20 68 15 30 33 13 54 21 86 41 56 72 82 85 24 29 26 67 18 39 3 2 36 47 65 22 38 44 43 45 97 60 78 46 99 17 77 76 11 62 88
0.49 28 83 34 13 51 73 89 19 74 35 67 96 3 65 79 80 98 50 94 68 12 70 9 8 29 69 22 15 92 33 52 4 86 5 95 71 81 97 75 77 91 43 85 56 1 55 76 93 87 66 18 7 45 54
0.44 25 19 14 73 32 2 1 49 43 55 47 12 10 15 61 57 4 70 74 6 78 94 75 13 5 67 91 17 44 52 41 42 98 9 34 39 66 36 64 97 40 27 82 87 16 38 79 45 68 58 50 62 76 86 18 92 72 95 84 24 33 65 46 77 48 23 60 59 56 29 8 96 37 21 69 93 63 54 30 31 89 3 83 80 11 0
0.91 45 4 48 16 81 96 52 63 12 31 30 66 24 84 27 15 26 38 93 61 5 9 25 67 20 50 90 0 40 21 97 49 7 10 87 8 98 19 14 99 36 42 85 79 82 23 44 78 80 70 33 18 32 59 75 62 28 56 60 65 86 1 69 37 43 34 47 53 89 51 68 58 94 77 46 88 73 22 41 54 17 95 3 92 6 83 72 64 71 2 35 74 11 57 91 76 13 55
0.04 43 63 96 95 47 48 35 74 93 16 90 28 91 42 76 23 39 1 10 97 62
0.71 90 17 5 70 61 85 56 62 15 3 44 47 23 26 95 45 12 72 86 0 41 22 94 68 38 35 29 82 8 40 81 24 54 27 99 73 16 13 75 69 28 10 19 87 74 21 7 33 93 42 57
0.66 44 96 99 78 98 82 39 25 76 71 46 38 74 73 7 18 32 77 57 11 64 24 26 31 70 5 40 49 55 94 92 67 3
0.82 63 98 26 88 82 5 32 79 91 48 87 55 35 38 64 40 30 37 83 7 53 68 33 80 23 22 6 0 56 28 9 99 94 60 67 34 25 72 45 54 81 97 84 52 95 3 75 13 57 16 77 29 50 14 69 17 4 73 66 44 58 15 24 59 89 65 10 93 1 61 2 43 74 19 85 47 21 78 96 86 92 41 42 18 51 39 76 20 31 11 49 62
0.18 72 95 84 32 3 77 88 21 29 39 14 31 38 63 82 1 9 10 54 35 56 92 36 98 22 24 59 83 73 94 67 49 53 90 41 69 64 19 48 93
0.10 34 63 1 4 38 3 71 57 64 46 66 0 6
0.64 61 29 72 71 53 2 9 83 59 31 88 11 25 89 49 96 93 64 80 67 79 82 55 36 10 98 92 60 48 45 15 27 7 21 5 26 32 17 69 50 73 24 58 47 76 22 37 81 28 87 30 8 35 16 52 94 84 77 1 97 56 63 66 85 62 14 43 65 68 13 75 70 4 51 41 20 74 42 99 12 39 46 57 86 91 34 33 3 44 18 6 54
0.80 24 44 12 66 23 26 70 88 35 47 72 11 4 48 98 16 33 17 43 61 39 77 19 84 94
0.58 36 16 41 34 47 35 2 30
0.96 56 45 87 90 54 39 2 68 48 22 12 69 30 78 18 3 58 80 23 75 83 98 65 57 25 53 89 4 19 36 37 82 7 20 64 55 88 14 97 63 47 29 92 46 44 43 38 61 42 40 72 84 13 71 93 9 91 79 95 17
0.04 41 99 60 70 17 36 79 30
0.63 7 23 33 80 50 28 20 32 76 2 43 82 42 95 16 35 44 53 59 94 17 47 91 25 99 79 63 96 24 45 36 97 93 61 83 65 54 29 1 12 14 49 11 39 40 60 88 69 67 27 75 72 13 10 74 51 9 98 71 73 0 90 86 87 89 41 68 58 18 21 19 77 3 56 26 52 81 22 6 48 55 34 15 62 30 85 92 46 57 84 38 66
0.29 50 24 14 93 31 78 48 41 65 33 98 88 29 73 69 37 49 12 80 82 3 26 0 61 39 34 38 66 42 27 70 54 40 59 22 6 56 9 76 8 83 67 94 19 30 13 77 5 17 64
0.94 32 97 58 85 35 63 5 37 30 28 42 13 26 92 75 46 45 18 53 64 25 72 98 55 95 54 36 61 82 96 15 71 68 79 86 93 7 66 27 41 39 62 90 6 51 22 14 40 60 44 56 1 59 21 47 89 0 50 73 33 57 74 11 4 3 49 78 38 34 84 23 2 20 16 9 65 12 29 70 87 52 94 91 77 17 88 10 81 43 48 83 76 69 80
0.59 23 17 54 80 35 40 82 73 29 21 95 12 74 11 56 61 50 62 97 48 88
0.68 53 12 63 6 33 77 56 42 27 13 38 72 81 37
0.84 12 92 83 49 23 7 64 32 46 71 85 69 21 27 6 86 65 24 79 58 43 91 99 90 45 73 81 39 34 98 67 41 59 62 61 63 87 66 31 78 8 72 57 2 44 88 36 56 38 97 26 20 53 22 75 18 35 84 33 9 50 77 0 51 60 70 52 95 96 30 28 55 1 54 16 19 25 47 4 89 76 37 11 94 14 68 82 80 42 5 3 10
0.65 73 11 39 92 61 30 34 87 46 64 95 9 17 29 27 26 84 94 40 99 32 24
0.93 68 67 7 6 84 55 77 15 39 69 26 42 74 63 76 54 58 99 59 40 43 50 8 24 73 27 34 10 28 17 72 51 36 85 18 75 38 71 32 16 92 13 12 65 20 98 23 1 9 61 57 11 97 48 45 49 56 19 78 47 22 46 79 41 94 91 86 33 52 66 87 35 64 53 80 4
0.92 47 29 35 88 39 45 24 15 2 16 84 22 74 82 73 38 94 9 83 64 60 3 66 54 10 79 80 19 77 96 41 1 67 65 72 36 44 57 0 97 14 8 81 26 11 20 85 59 31 99 55 56 30 75 49 25 4 6 63 5 89 50 46 69 98 86 90 42 37 34 68 71 43 32 53 76 18 87 21 61 91 13 28 58 52 33
0.45 52 90 53 74 77 67 35 65 43 51 69 46 68 89 12 27 78 86 32 25 1 76 28 4 72 98 96 87 91 58 38 99 64 29 61 33 24 30 75 15 60 80 41 23 59 63 45 21 97 13 8 20 42 37 34 71 50 48 94 9 36 95 16 84 26 31 70 73 3 18 44 40
0.82 9 97 26 32 25 56 0 43 78 90 21 39 53 2 24 49 64 13 14 4 47 29 70 6 8
0.38 4 20 38
0.13 89 43 48 24 66 51 7 49 31 54 98 0 21 10 47 80 81 35 96 62 75 28 70 13 33 64 85 82 97 16 84 15 59 18 79 9 99 65 78 93 39 19 1 67 56 87 69 76 30 14 32 71 95 55 8 20 63 12 25 22 77 34 53 3 86 40 92 61 52 44 57 38 37 2 45 26 36 27 60 88 46 83 11 50 72 94 91 58 68 41 23 74 42 17 4
0.63 18 10 11 98 26 25 54 27 3 39 14 91 63 90 61 64 46 35 88 19 34 50 4 76 84 69 99 97 73 13 71 38 5 9 68 67 72 23 78 75 48 92 15 20 0 87 40 62 66 96 45 52 24 93 89
0.82 86 52 48 97 9 99 85 0 65 96 6 89 80 39 12 37 50 40 10 20 27 55 22 11 13 84 88 14 30 64 62 94 58 29 46 34 59 41 66 60 70 32 98 77 72 91 26 1 36 31 68 51 74 16 87 5 82 67 63 44 42 43 47 81 56 24 25 83 35
0.96 21 7 3 25 11 75 31 89 70 56 49 91 50 79 42 60 14 58 29 41 1 51 78 33 65 96 66 30 85 74 83 17 88 68 16 27 39 72 52 24 46 90 36 53 12 57 86
0.52 59 68 32 61
0.55 56 33 76 67 90 35 23 25 86 94 57 77 1 42 8 49 79 20 31 47 10 51 70 73 6 2 39 41 16 38 92 7 83 34 4
0.07 52 16 89 97 62 72 70 93 67 5 17 11 54 55 58 84 79 1 66 46 43 22 64 71 30 0 85 63 91 32 57 20 59 4 88 37 18 38 23 47 87 53 48 45 76 98 8 56 40 83 42 12
0.76 2 74 90 33 65 78 58 59 17 19 46 64 21 91 30 26 97 81 15 71 3 43 92 48 25 23 8 24 29 18 56 11 14 98 41 51 55 39 31 47 89 84 12 73 13 20 76 40 87 54 50 94 66 32 28 70 72 27 37 38 6 45 86 93 10 75 82 63 9 62 67 88 49 83 34 99 0 57 35 77 4
0.06 54 20 18 41 56 82 90 77 4 51 37 53 22 35 1 11 40 12 91 28 38 59 36 68 47 88 71 23 85 64 6 44 89 8 25 50 78 32 84 95 9 70 63 10 93 31 99 65 72 87 19 7 24 33 67 42 0 98
0.42 41 88 79 29 55 96 58 46 87 63 45 30 0 28 94 61 42 44 62 32 2 5
0.48 30 39 78 38 83 82 44 79 95 58 18 71 51 94 26 85 92 29 4 12 9 90 13 50 57 72 64 67 74 77 96 35 3 21 80 86 88 93 24 8 6 48 14 41 33 76 19 16 5 22
0.32 99 59 16 89 38 78 69 61 94 40 43 44 3 32 95 29 13 25 24 91 10 55 87 51 65 1 80 27 57 45 34 42 48 33 4
0.16 35 97 26 72 70 74 30 76 2 15 55 27 98 83 78 38 10 75 32 14 13
0.83 26 6 13 78
0.33 22 84 2 68 80 49 90 85 9 81 41 93 23 10 72 63 47 35 38 65 52 74 6 46 42 57 70 51 79 30 59 97 58 5 94 11 21 98 44 69 83 26 4 0 40 82 7 56 76 8 24 50 53 17 99 43 89 60 18 75 78 16 96 95 73 67 86 12 39
0.62 12 98 16 91 61 25 0 37 40 67 38
0.38 80 58 45 69 56 27 84 85 29 28 2 5 78 6 33 44 36 52 94 31 34 66 49 83 73 22 72 95 35 62 60 59 13 11 67 15 37 82 43 23 47 88 77 64 98 17 9 93 53 14 30 46 55 10 54 1 86 25 8 19 51 41 16 65 61 38 87 71 24 90 89 3 57 21 91 50 26 99 63 40 42 74 68 32 18 81 92 97 79 7 48 12 39 76 70
0.66 44 15 64 90 78 21 62 72 50 91 6 10 41 67 4
0.40 81 36 97 68 34 62 50 47 25 42 72 69 52 94
0.45 67 38 84 54 92 45 87 56 65 48 41 89 73 42 53 0 2 52 80 12 15 86 72 1 11 19 16 55 76 17 23 20 97 27 25 24 3 64 98 37 57 70 58 31 13 95 6
0.43 7 51 66 77 89 98 75 86 60 69 29 73 24 64 39 46 72 57 18 31 30 12 14 61 21 43 10 3 1 20 90 87 8 40 4 22 37 9 45 80 99 15 95 97 65 74 17 79 42 93 49 26 53 35 56 96 34 59 19 48 13 16 23 55 70 0 44 25 52 28 67
0.02 69 78 38 89 86 2 40 71 34 50 41 48 10 66 23 77 33 82 11 21 76 37 9 30 12 31 36 27 42 91 60 55 20 63 62 58 6 35 39 79 4 17 14 53 99 83 92 8 49 32 15 28 68 67 85 45 95 87 84 90 18 46 29 80 70 1 47 0 22
0.67 92 24 48 40 9 38 32 31 78 19 90 91 72 4 8 0 55 14 95 28 51 26 63 39 17 60 83 50 37 75 13 71 88 41 82 66 1 52 70 3 43 22 76 61 65 62 68 49 16 45 94 84 23 30 36 97 7 80 2 54 27 10 73 69 93 47 99 87
0.03 11 24 14 76 28 6 5 83 39 35 12 4 23 45 19 27 18 86 21 89 61 62 96 16 65 56 46 60 72 67 69 47 8 79 52 17 91 94 31 48 15 90 85 44 66 75 13 68 9 64 26 40 37 95 10 82 30 58
0.81 3 24 42 2 35 22 16 4 80 54 58 85 91 75 78 69 84 61 21 55 47 94 65 96 33 41 77 40 45 6 38 0 46 37 32 83 64 14 74 67 63 1 60 92
0.42 4 55 65 2 25 36 44 49 53 23 92 14 66 59 10 84 54 28 24 41 0 20 47 3 40 99 83 71 77 60 64 73 37 12 39 91 94
0.99 22 44 99 71 77 35 55 38 61 10 39 50 93 57 26 78 24 52 21 41 46 49 82 51 48 91 79 4
0.52 34 44 73 17 8 98 63 86 91 97 54 93 41 42 61 37 83 82 28 35 50 29 47 81 31 9 69 15 2 55 18 71 6 19 80 30 89 49 51 76 99 96 79 65 72 36 25
0.96 11 63 78 75 32 55 58 22 3 1 45 81 5 16 38 84 98 59 39 56 17 19 87 53 83 33 93 30 6 67 7 62 79 36 80 20 73 72 23 40 52 49 37 50 12 31 89 2 47 60 29 41 34 86 14 13 92 94 54 90 68 74 46 15 21 0 51 66 25 8 65 9 82 77
0.17 94 32 11 59 48 29 3 44 57 5 31 16 52 41 51 26 74 93 39 20 70 76 68 92 35 85 58 95 78 47 79 43 2 10 99 62 36 7 49 33 23 81 82 83
0.25 88 24 14 11 91 33 25 45 92 54 39 58 83 51 2 72 61 28 30 64 4 57 65 79 98 85 74 96 9 16 31 78 63 89 80 38 53 36 68 42 60 12 17 77 40 34 62 50 5 10 87 3 49 90 1 22 71 75 67 66 73 99 23
0.97 79 16 48
0.91 6 18 19 38 87 41 21 3 0 96 23 93 25 36 72 58 26 74 20 54 17 51 70 67 43 69 15 27 37 83 92 59 13 33 45 52 99 35 98 65 10 11 68 47 64 14 1 56 66 91 53 90 5 71 49 94 2 50 44 34 61 62 89 85 30 88
0.41 81 20 83 79 32 26 82 91 37 42 7 57 15 69 6 14 21 78 74 98 30 59 22 72 76 89 67 73 55 47 84 35 50 88 80 71 18 46 2 16 5 19 99 87 93
0.18 43 62 55 19 15 8 9 12 16 49 27 5 95 65 91 13 80 1 66 35 89 11 47 79 59 29 84 58 21 41 86 52 92 45 30 60 3 24 98 72 6 38 77 64 36 99 7 71 2 68 32 70 69 97 40 94 85 33 67 39 28 20 75 90 25 61 4 37 26 14 17 10 44 56 18 53 0 76 63 48
0.72 56 53 16 90 13 11 33 48 3 38 32 81 1 14 82 89 76 96 49 84 88 54 22 74 98 41 4 83 40 46 95 73 77 34 9 24 75 91
0.61 85 79 63 37 25 7 14 6 15 28 95 11 81 58 68 78 87 65
0.66 34 49 24 52 36 31 4 89 35 11 45 1 98 63 29 76 26 13 20 41 57 53 64 8 15 17 78 95 82 39 18 37 62 50 43 46 32 72 96 21 71 73 86 97 55 70 94 92 38 33 25 16 56 0 60 12 51 85 66 90 6 87
0.82 20 83 19 7 84 68 70 30 72 60 41 79 1 36 62 99 37 95 59 75 66 5 54 55 39 48 43 12 98 21 42 22 65 6 58 13 57 4 18 14 9 97 81 23 29 46 93 35 85 47 76 27 31 40 87 26 24 38 10 8 44 78 15 96 52 45 34 90 16 49 64 51 67 69 73 71 11 17 53 63 3 88 74 33 77 86 32 92 25 0 61 28 50
0.71 2 89 61 43 97 32 75 48 86 20 11 59 66 19 35 76 64 54 80 87 44 1 57 5 55 16 85 99 83 25 52 73 13 82 81 6 38 88 41 45 95 93 96 53 90 29 33 98 27 42 94 71 47 39 74 40 69 49 60
0.28 98 45 73 47 14 6 0 56 97 94 7 96 32 26 52 35 46 90 68 93 12 71 15 72 21 10 50 78 18 36 84 76 70 49 87 25 41 53 27 43 20 57 58 40 59 3 66 74 80 60 4 89 61 65 75 30 8 85 83 29 19 38 86 34 51 39 2 77 48 37 5 79 64 92 82 55 9 11 1 91 67 95 54 24 63 44 62 88 81
0.09 96 8 56 67 26 65 10 4 54 5 21 40 13 88 68 69 48 92 33 64 27 87 81 78 19 18 60 72 86 61 9 76 24 90 38 55 89
0.44 86 1 6 25 50 56 79 89 3 22 69 37 65 23 5 62 7 36 83 96 77 52 40 74 21 35 2 51 12 53 72 97 41 8 20
0.25 15 58 83 38 92 16 98 8 20 52 49 81 30 25 68 31 94 65 7 74 55 86 93 35 96 75 37 82 47 10 72 3 39 95 59 46 56 50 26 21 2 13 85 64 48 0 97 73 5 40 60 90 4 33 44 51 23 14 84 70 1 69
0.17 58 82 94 8 17 45 52 77 74 22 20 40 68 76 13 39 6 89 48 78 55 21 0 35 71 43 61 51 60 25 12 44 81 46 11 5 19 7 97 27 83 38 15 98 70 9 14 49 93 54 31 65 50 41 57 47 26 95 80 18 87
0.55 0 70 72 18 45 93 8 20 83 50 36 29 71 63 3 88 24 11 64 19 2 28 40 46 79 35 6 76 99 95 32 66 58 77 86 49 60 15 25 69 37 80 65 16 91 12 85 34 41 67 54 31 48 47 73 87 97 78 22 33 21 57 13 52 26 51 75 43 82 90 61 39 81 53 55 4 96 14 94 23 7 10 56 62 27
0.54 77 6 29 42 98 41 67 88 3 0 2 22 19 14 76 97 4 25 16 30 36 93 80 66 33 65 35 89 58 7 56 85 31 44 18 87 17 27 81 79 10 63 72 68 83 13 60 26 49 64 55 20 50 71 11 74 38 28 9 53 57 69 24 21 73 91 37 32 84 43 54 70 47 75 59 48 78 34 92 90 45 5
0.25 98 96 31 33 43 55 44 20 72 11 18 47 27 57 25 17 45 82 3 51 19 50 10 59 64 29 74 92 76 99 88
0.46 60 75 1 86 81 12 30 55 70 99 19 38 57 31 67 54 35 58 32 22 98 9 24 16 0 8 61 71 11 18 21 27 17 76 72 34 39 79 88 62 78 29 50 94 51 90 33 96 95 25 82 14 97 63 13 7 64 23 52 20 6 66 47 15 59 89 74 83 92 53 43 4
0.51 21 5 29 44 4 92 20 36 81 23 48 63 78 10 31 37 73 95 99 47 97 82 50 80 76 85 12 71 46 61 51 15 67 98 9 28 39 18 83 42 52 17 14 58
0.91 71 1 78 26 25 27 88 23 38 95 73 48 64 3 75 81 92 28 97 6 66 84 52 63 15 40 98 83 41 29 39 42 59 33 65 61 86 13 30 67 4 54 70 57 85 77 2 17 50 74 19 82 5 14 60 10 18 93 46 99 90 0 76 96 47 7 21
0.40 2 49 91 46 37 77 10 12 67 57 36 76 56 92 69 94 95 8 74 14 87 24
0.31 13 23 98 92 62 70 81 79
0.38 54 12 76 10 39 17 79 7 83 3 66 37 48 59 71 26 50 58 43 38 2 74 5 72 46 47 73 41 61 97 65 99 56 14 96 33 8 40 34 84 80 20 64 32 88
0.24 8 12 77 0 91 14 81 93 53 47 61 72 48 33 98 26 90 83 24 70 3 15 99 25 36 63 1 4 30 86 96 50 65 6
0.68 67 52 44 26 49 27 30 10 50 71 90 29 76 40 19 15 36 72 18 96 59 94 70 88 0 38 51 93 91 35 45 79 56 55 7 37 53 28 12 64 43 65 2 58 6 4
0.42 33 64 30 78 47 20 7 82 16 75 10 59 53 26 61 21 63 28 84 39 12 72 23 57 96 71 24 62 29 66 70 49 91 15 19 67 52 85
0.70 39 8 3 88 94 25 70 41 62 68 44 51 90 26 97 24 28 10 59 5
0.97 61 35 26 94 86 93 95 34 99 92 45 53 96 70 89 58 40 33 83 71 87 51 11 68 14 54 24 88 28 19 36 18 80 20 22 7 48 91 82 16 25 3 12 37 15 84 38 77 69 65 41 46 2 72 55 1 13 52 73 79 4 90 62 66 31 39 42 27 50 59 75 49 6 0 98 78 17 29 67 76 74 64 57 5 23 8 97 30 43 47 56 9 81
0.91 50 92 71 83 57 7 43 79 78 48 89 98 12 87 74 16 95 65 77 17 27 44 84 67
0.45 54 84 12 0 59 79 51 35 45 93 18 25 55 62 86 66 98 77 71 85 95 69 57 26 74 30 3 41 7 37 90 38 46 33 23 52 64 28 47 48 22 15 78 34 27 4 20 32 83 60 40 50 89 31 63 80 5 94 75 21 14 16 42 82 10 8 19 99 96 1 11 6 53 17 24 56 97 13 88
0.61 50 6 26 67 11 40 56 57 53 77 87 8 14 5 95 96 35 39 16 88 58 54 52 90 91 31 45 9 69 41 20 66 79 7 1 75 46 99 92 33 93 34 2 43 15 0 25 21 71 22 38 70 68 3 32 48 81 30 98 85 60 59 29 51 24 10 44 82 72 62 84 74 27 61 97 13 83
0.39 85 39 49 84 28 30 81 83 62
0.21 21 33 23 68 39 45 14 78 55 72 11 15 4 18 44 10 16 98 5 24 42 75 65 81 70 26 54 19 79 66 48 38 32 3 69 2 9 29 8 86 28 80 12 50 6 56 40 62 49 76 63 31 34 46 51 94 27 47 30 52
0.68 31 6 38 80 84 51 27 34 24 48 39 8 94 40 22 3 36 19 91 33 76 5 82 16 44 92 54 1 35 89 68 13 71 81 63 56 30 52 17 26 65 49 73 62 64 93 18 7 66 12 79 37 50 98 43 46 4 53 32 14 59 77 85 47 95 55 74 70 2 15 9 28 57 41 42 87 86 60 97 99 75
0.01 44 49 58 3 6 51 29 13 68 19 35 50 55 54 71 89 90 87 48 18 91 92 17 98 66 52 63 40 27 72 2 83 70 32 56 5 53 26 76 95 9 22 31 14 8 23 15 99 64 85 38 4 16 0 1 46 69 10 42 43 59 79 81 94 67 74 80 62 77 93 96 7 25 86 61 82 45 11 28 88
0.78 28 47 6 8 67 73 91 26 71 63 65 45 69 94 54 38 29 86 36 2 56 17 22 12 99
0.08 38 93 91 10 81 67 43 98 94 96 70 64 28 49 22 86
0.04 65 46 19 32 12 51 16 78 74 15 79 58 35 42 72 60 89 24 84 54 23 61 45 90 71 62 20 8 55 30 1 83 10 99 31 5 92 52 97 59 4 36 91 95 33 27 85 50 93 64 56 57 73 29 87 43 34 75 94 3 69 76 81 17 48 22 47 39 38 14 18 21 68 9 77
0.88 18 79 46 10 6 41 98 27 51 92 25 33 50 37 72 86 60 99 20 32 48 22 81 64 74 59 63 5 56 68 82 95 49 89 73 71 17 7 44 66 55 96 39 35 53 52 90 80 3 4 31
0.63 97 47 74 80 71 40 2 26 95 70 98 17 24 84 51 15 48 79 22 66 99 7 73 63 13 55 28 37 62 41 16 25 56 32 21 60 23 11 69 90 36 87 45 1 34 30 18 5 88 43 6 77 29 93 19 59 96 0 3 14 68 57 33 12 91 78 38 72 39 86 75 54 92 81 44 76 58 49 42 67 89 83 4 53 65 94 31 85 64 8 27
0.76 0 50 69 66 8 49 27 13 67 28 18 42 75 12 54 1 38 80 74 56 59 90 40 63 21 61 73 9 76 26 46 98 34 60 85 94 23 2 31 10 57 62 71 43 30 41 58 29 81 79 92 39 25 91 16 55 45 64 84
0.51 9 18 17 2 19 68 53 94 74 80 42 78 27 79 63 41 72 0 33 39 50 8 86 30 12 88 93
0.80 14 27 21 43 91 86 15 70 34 30 92 99 0 9 59
0.78 91 63 19 46 14 51 53 28 7 42 67 5 8 0 94 18 44 9 78 75 64 90 3 57 50 21 55 65 79 1 84 34 30 92 15 54 45 82 87 35 62 41 12 98 66 48 38 49 32 74 36 20 86 22 13 37 40 73 39 56 47 52 59 95 68 27 43 4 96 23 25 61 83 80 2 76 16 29 31 33 70 89 24 60 10 26 11 97 69 6
0.02 27 71 66 17 31 56 67 49 65 89 1 79 4 60 41 99 39 98 15 46 33 69 72 88 86 35 20 7 8 13 47 3 44 82 68 50 12 55 62 52 91 37 28 53 85 11 96 29 38 19 9 32 36 64 5 22 87 93 51 74 23 92 73 48 97 77 61 94 43 30 16 70
0.90 40 82
0.58 36 13 75 62 1 49 34 25 84 65 88 23 20 41 69 97 27
0.28 42 73 63
0.16 26 88 95 25 32 7 82 15 55 65 91 78 61 42 8 9 75 41 79 43 60 94 33 29 71 89 59 4 21 86 47 62 11 50 56 12 19 99 39 69 85 80 28 98 66 14 5 76 35 77 64 40 36 51 73 63 72 46 96 0 74 81 23 84 44 70
0.69 84 88 36 37 85 56 34 63 55 79 92 51 83 42 5 16 71 50 30 82 22 11 87 27 98 3
0.56 60 6 52 92 34 15 75 72 11 19
0.36 20 34 55 88 82 12 65 66 94 64
0.78 55 4 95 97 12 86 68 23 57 42 3 49 71 94 60 84 46 62 80 33 81 77 11 25 56 64 6 78 13 43 24 16 35 98 18 52 45 48 37 83 27 59 15 90 10 39 85 54 67 53 44 92 5 70 91 22 99 87 41 38 79 72 21
0.44 82 87 81 17 56 16 67 77 12 22 10 25 36 91 70 18 79 49 69 88 9 28 27 54 86 95 71 78 48 32 7 42 59 1 90 8 44 75 62 74 31 83 33 60 63 14 58 2 76 73 29 26 41 4 84 21 97 92 93 3 43 19 65 96 30 38 13 39 34 15 61 47 35 98 57 24 45 46 23 64 85 53 66 50 89 20 80 72 11 52 68 6 94
0.59 31 60 85 0 21 11 35 83 61 93 81 62 89 84 98 70 30 34 8 12 77 96 94 56 51 82 90 20 32 14 10 97 45 47 55 6 71 73 95 54 58 4 46 7 25 28 37 29 88 52 65 9 64 48 26 27 40 50 17 63 42 57 99 92 1 2 41 68 24 43 76 79 75 16 72 69 13 18 15 67 86 33 3 53 39 5 38 49 66 87 80 36 59 44 91 78 19
0.76 39 35 30 16 34 89 90 44 8 31 55 19 18 72 98 65 13 71 62 68 87 42 45 84 51 1 33 21 81 96 7 17 40 24 97 49 74 76 15 48 79 56 12 99 6 92 54 26 77 3 22 0 27 93 78 53 80
0.05 69 28 72 37 66 13 21 7 57 30 35 63 38 50 51 77 9 29 68 39 27 81 2 70 55 1 43 90 4 98 76 61 22 79 83 94 41 58 82 89 85 15 20 54 44 78 97 46 45 92 84 91 60 62 95 75 26 86 16 71 23 31 42 99 10 14 48 32 24 18 12 25 80 67 47 6 96 0 73 56 65 87 36 33 93 17 19
0.28 56 76 0 70 83 13 75 73 57 38 58 8 97 46 50 26 3 89
0.05 12 72 53
0.24 8 93 20 62 75 49 7 12 40 77 81 59 1 27 85 9 53 98 84 26 66 44
0.76 98 40 48 25 94 17 74 56 65 36 69 90 33 99 30 31 5 52 27 60 50 14 6 96 61 21 83 91 87 86 92 58 20 49 75 34 11 3 7 35 88 19 28 10 37 47 97 51 84 44 77 39 72 24 12 55 79 89 78 23 32 85 26 95 73 64 42 82 41 63 57 43 68 15 9 71 8 93 62 18 67 53 46 81 70 22 45
0.10 10 75 61 74 5 12 88 90 94 32 16 11 3 34 89 63 31 68 25 37
0.55 37 90 42 48 71 4 68 54 19 46 32 27 2 57 72 14 59 39 84 61 95 88 40 9 76 3 21 53 11 5 86 51 78 94 98 20 36 87 0 25 13 23 6 50 89 60 92 67 16 80 58 22 38 83 26 74 63 64 30 34 31
0.03 58 60 52 90 42 15 86 14 82 48 45 54 69 28
0.59 45 30 1 54 49 69 38 76 20 78 28 92 11 57 60 33 40 53 56
0.37 89 44 70 40 31 54 17 21 85 45 75 84 96 56 76 60 49
0.95 43 54 59 74 70 56 4 45 97 81 49 86 90 73 55 78 24 75 40 42 82
