2 100 140 1
53 13 75 16 78 46 84 96 75 11 65 20 24 25 88 36 63 40 18 85 23 79 56 46 53 73 85 37 24 77 59 29 31 47 43 100 24 34 15 50 65 66 89 51 16 46 87 59 18 82 49 33 72 77 16 10 38 10 32 51 47 37 24 51 80 49 34 39 11 84 22 98 38 79 54 26 54 66 87 89 72 85 68 31 33 86 98 40 36 99 40 41 33 18 91 76 53 77 76 79
0.03 82 34 38 25 50 39 13 66 67 51 74 92 48 33 75 73 91 49 60 41 61 56 24 17 27 46 40
0.83 69 34 72 21 28 10 61 1 43 56 29 31 55 42 19 15 47 3 90 88 4 77 48 46 96 75 93 45 51 65 26 81 14 50 13 57 87 35 89 2 0 98 27 6 12 24 5 20 78 44 70
0.51 67 46 53 33 28 94 29 60 11 13 7 70 85 42 79 98 48 58 69 73 76 50 96 18 3 30 23 75 88 15 47 52 66 87 44 51 62 1 86 31 32 95 78 16 71 68 34 80 14 81 93 12 6 65 17 21 91 57 41 5 8 61 49 99 84 54 89 39 59 45
0.30 45 95 58 31 19 8 55 90 39 56 27 57 74 46 30 59 69 24 51 83 16 65 17 50 4 36 99 97 62 42 84 64 53 26 89 66 0 70 43 22 85 15 3 28
0.70 30 18 80 26 45 8 46 58 57 44 90 73 89 9 15 3 54 88 23 61 21 55 47 86 95
0.45 36 55 87 17 63 56 60 58 24 77 93 83 82 84 33 78 99 5 10 57 43 44 25 50 69
0.96 30 78 52 99 29 84 66 86 9 10 68 8 85 44 35 61 39 40 74 97 41 34 96 49 91 77 33 13 19 25 32 28 55 18 37 53 57 56 80 31 2 45 70 76 94 69 50 95 71 54 47 88 58 24 75 17
0.46 96 69 47 58 81 66 84 7 0 30 23 53 82 61 25 6 86 4 64 75 71 42 56 36 38 73 40 17 39 62 5 93 22 94 54 34 76 49 14
0.48 39 27 36 32 48 40 55 91 21 70 60 72 96 65 59 85 57 93 10 88 77 58 2 11 14 4 86 76 35 84 66 89 53 34 0 25 23 46 78 31 18 71 22 50 19 90 6 75 29 49 44 68 52 1 8 7 16 83 5 47 28 99 67 12 24 33 61 54 63 87 51 43 73 80 41 98 81 92 69
0.65 69 46 64 24 15 98 58 49 89 88 92 0 82 10 32 21 65 78 20 29 43 72 22 57 97 68 13 25 11 8 81 76 34 35 75 14 31 59 28 39 9 70 61 85 27 48 87 67 30 45 86 66 80 16 73 74 7 18 62 3 5 90 37 23 17 50 44 52 60 93 96 36 91 79 42 56 53 40 12
0.81 24 69 23 91
0.34 76 54 49 2 61 41 89 30 23 60 21 98 59 78 38 5 53 79 85 66 87 55 84 14 93 6 25 88 46 71 47 39 62 70 33 13 73 29 68 67 56 40
0.40 17 52 26 39 72 83 27 90 53 43 8
0.72 30 43 24 12 65 71 64 90 25 50 53 36 80 29 52 66 11 23 15 86 20 22 31 83 55 13 87 62 39 17 56 37 60 85 57 98 42 95 26 88 33 77 27 84 40 14 97 18 81 28 58
0.01 65 6 62 29 33 70 49 47
0.12 28 92 73 75 7 46 16 33 38 17 37 94 77 21 36 39 42 58 53 68 66 64 25 51 95 60 93 84 49 14 90 32 86 13 55 18 9 62 8 72 97 1 30 40 78 57 45 98 80 26 34 91 52 61 83 44 2 89 11 22 29 59 71 35 56 54 99 6 31 5 63 3 74 65 23 87 20 27 24 12 19 69 81 96 10 4
0.15 32 33 13 45 87 76 26 22 5 20 64 77 93 27 7 42 44 88 84 36 63 17 74 23 86 99 30 46 29 2 51 21 98
0.95 22 30 2 15 3 58 82
0.89 62 20 38 4 91 43 16 71 85 37 10 78 50 60 65 80 52 42 1 82 6 94 39 35 79 69 28 58 11 34 49 24 12 36 63 96 33 64 27 92 0 14 53 31 97 95 68 30 83 70 61 40 98 26 46 55 77 21 48 2 19 25 59 93 90 22 84 23 88 74 17 47 54 13 89 99 32
0.15 61 76 20 11 84 94 27 24 83 35 65 7 40 96 44 85 67 72 3 15 99 37 60 10 22 33 80 89 52 39 5 12 90 73 4 8
0.24 76 23 48 53 32 62 93 5 92 35 45 52 87 8 75 97 3 50 54 80 1 81 27 28 49 59 67 85 6 38 40 83 60 78 89 51 21 34 9 44 66 94 58 7 65 18 39 56 61 25 47 42 73 13 12 10 63 88 15 11 26 16
0.48 38 52 2 12 43 98 95 54 99 51 69 39 78
0.61 41 22 21 57 24 61 12 23 64 26 55 9 34 76 0 65 91 10 43 84 94 37 29 87 60 6 39 18 32
0.47 72 17 44 70 75 22 4 39 82 85 60 43 45 32 99 49 18 98 95 78 0 96 57 11 81 35 23 13 10 15 84 21 67 29 74 59 83 63 62 68 31 91 40 30 61 26 76 27 5 71 88 58 41 48 46 3 50 55 56 77 1 34 12 36 64 79 93 28 33 47 69 16 92 52 54 66 6 51 73 87 25 80 9 97 89 90 2 14 19
0.50 62 20 69 52 8 91 97 16 13 65 94 2 81 92 34 48 74 88 15 95 63 57 76 85 1 75 9 93 90 27 60 55 11 68 3 38 31 51 83 22 96 26 61 77 5 39 37 99 46 80 7 19 56 72 40 71 78 17 70 42 18 33 29 66 45 6 82 86 87 53 49 59 21 23 14 47 89 30 35
0.76 59 45 76 77 84 72 36 31 99 19 51 98 17 86 22 82 26 94 65 35 20 10 96 9 91 43 81 93 97 21 60 30 95 40 33 25 83 24 46 13 71 52 2 79 8 92 85 56 55 47 68 87 29 41 4 11 90 37 14 78 18 75 39 42 67 74 6 23 34 0
0.84 53 69 59 80 82 61 15 33 2 0 26 43 20 34 22 51 66 93 45 72 17 28 95 25 79 10 32 52 46 41 3 50 39 65 8 24 83 55 64
0.66 8 42 4 66 9 44 15 63 56 99 30 82 86 38 14 53 45 57
0.49 86 19 71 4 16 10 48
0.86 83 21 85 9 12 82 15 30 87 46 31 53 61 70 4 76 0 5 3 89 40 95 54 98 72 88 79
0.82 72 4 84 43 85 47 89 82 76 98 78 64 38 44 14 83 87 40 95 10 37 17 8 36 86 35 93 90 28 11 88 68 59 77 12 29 24 80 6 5 73 52 81 1 22 39 67 51 55 48 15 13 74 42 49 19 65 0 21 30 20 79 75 97 71 70 31 96 46 18 34 27 2 62
0.61 0 85 92 25 97 75 34 89 27 79 76 78 44 53 61 81 43 51 3 98 93 38 22 60 40 10 12 56 8 21 35 49 47 70 30 41 31 90 80 82 24 7 96 84 45 94 86 57 95 28
0.46 82 62 99 96 92 77 50 4 59 55 1 49 36 87 84 60
0.95 7 12 64 25 54 66 88 86 94 67 73 69 50 59 44 4 26 14 22 90 20 55 89 57 81 8 42 85 30 13 84 40 52 16 19 39 18 80 51 78 48 92
0.19 70 91 18 26 3 78 25 27 49 35 17 0 12 83 16 7 99 82 44 51 73 86 45 77 55 29 32 31 81
0.40 62 28 64 37 16 70 76 10 83 75 93 5 97 3 60 22 54 77 55 27 53 45 26 0 39 35 81 50 69 38 68 49 79 44 36 59 1 89 84 73 43 71 61 78 8 21 41
0.14 88 87 91 70 7 50 39 49 92 74 37 32 33 72 10 77 31 29 83 61 4 82 9 73 15 13 20 63 28 99 94 90 79 89 75 25 6 84 62 1 60
0.10 9 63 30 90 53 29 33 36 39 5 0 22 89 81 21 34 67 74 7 99 8 17 56 71 47 2 28 73 51 6 98 91 52 84 61 38 83 96 24 31 55 80 88 40 32 95 27 77 82 94 18 72 23
0.43 19 57 42 24 36 21 84 37 35 96 39 15 38 49 11 13 51 16 67 99 92 66 48 81 78 28 63 71 53 54 94 80 69 20 64
0.14 70 54 27 64 37 50 72 76 59 86 28 31 83 89 25
0.98 10 62 97 42 89 15 74 77 87 59 17 80 66 2 27 34 43 96 95 32 78 60 44 94 64 12 19 38 65 58 47 5 14 13 9 76 70 1 4 98 52 55 26 86 28 16 53 0 71 61 7 3 36 37 46 25 63 23 40 69 49 48 56 57 41 18 68 45 20 21 85 81 72 6 30 84 83 75 79 82 51 50 8 33 92 35 88 91 11 99 24
0.89 95 65 9 55 22 58 59 94 18 80 70 1 61 42 90 97 32 79 76 6 43 10 40 45 50 67 73 29 28 72 77 96 36 74 27 54 49 46 86 8 66 23 71 17 83 31 38 11
0.65 17 12 21 80 59 49 88 83 61 69 72 67 98 57 89 95 97
0.19 48 86 77 80 63 64 97 99 22 87 42 57 0 85 15 37 35 46 33 7 95 27 20 51 55 32 45 1 69 21 30 53 68 83 47 90 26 54 94 14 39 52
0.19 4 75 80 50 10 64 27 58 19 43 63 34 52 21 78 56 40 51 53 65 35 79 1 60 13 14 92 95 48 49 68 3 88 37 5 46 87 54 9 90 85 16 31 67 33 42 98 11 36 93 22 61 6 59 73 82 84 47 76 23 28 45 32 71 66 91 94 77 30 55 18 99 0 25 74 39 20 70 26 24 12 7 86 97 62 81 17 41 29 69 44 2 72
0.62 17
0.52 84 27 38 35 60 33 18 76 82 25 77 41 0 57 95 22 4 91 96 11 59 37 30 45 42 74 63 89 56 50 7 21 88 99 58 15 47 43 39 44 67 26 17 14 51 94 71 65 24 28 68 70 3 36 93 97
0.53 80 61 70 84 85 91 63 27 98 10 87 76 49 36 0 92 71 8 94 26 69 38 75 47 95 57 51 24 11 48 68 56 53 77 18 97 58 9 88 30 72 96 5 13 66 31 67 59 19 20 17 23 50 99 14 62 40 79 2 16 73 83 74 43 82 45 3 6 89 78 54 93 28 33 25 90 42 64 44 7 34 4 60 55 39 29
0.11 11 10 66 48 3 82 62 79 12 53 42 98 78 73 21 89 0 44 80 23 31 25 63 39 70 1 13 46 33 93 75 81 28 86 74 59 91 52 61 56 50 97 32 99 14 30 35 94 49 27 51 36 84 17 41 16 5 69 64 90 9
0.63 64 22 56 49 96 55 85 92 11 9 3 36 2 34 14 1 32 59 83 58 46 41 95 15 93
0.87 66 50 10 14 92 3 68 36 67 16 88 23 85 52 55 18 99 42 59 27 32 49 29 60 37
0.80 43 20 4 53 54 68 26 8 49 97 37 67 7 75 48 70 13 51 35 94 22 5 15 18 90 89 58 31 27 9 63 61 65 78 41 81 96 19 84 2 0 69 55 85 36 52 82 95 30 38 3 23 46 21 1 40 59 91 10 57 76 62 93 86 11 34 33 24 42 28 60 32 50 92 66 39 73 12 14 17 64 56 16 72 71 87 25 79 6 29 77 98 47 80
0.32 10 27 42 57 71 29 9 12 24 48
0.29 56 44 6 72 94 32 67 99 79 80 26 2 14 75 88 65 7 28 42 96 41 39 54 29 5 86 16 69 64 48 8 15 47 3 27 70 62 77 11 4 76 45 89 18 17 0 50 98 1 97 40 73 23
0.54 86 56 18 85 26 67 92 25 48 42 37 88 59 1 45 75 28 6 53 82 49 61 69 87 93 19 80 33 51 72 29 30 43 38 27 5 8 62
0.14 47 2 60 46 94 37 56 76 18 24 98 8 81 52 93 13 39 53 99 34 89 1 82 41 68 0 79 36 20 27 11 3 87 96 42 90 45 23 97 85 10 78 64 51 35 9 54 91 43 67 66 17 7 38 70 80 73
0.94 7
0.51 82 0 58 4 9 36 65 35 8 24 91 83 16 28 48 2 95 12 21 20 86 93 52 45 46 5 66 39 34 87 13 26 51 72 64 33 30 44 76 77 11 99 60 75 74 79 15 81 6 27 97 62 49 88 68 14 90 1 31 56 89 69 40 92 85 73 29 47 32 17 96 63 7 55 18 78 25 70 50 61 71 38 10 42 84 3 98
0.00 97 92 53 30 15 59 88 72 84 68 7 95 60 6
0.74 61 55 46 68 52 16 63 59 27 41 14 98 15 48 75 97 5 25 21 6 8 76 56 19 40 71 51 42 0 43 80 33 79 38 64 31 22 96 86 12 18 20 9 90 47 82 28 83 44 32 50 72 49 89 57 29 10 65 54 39 85 58 60 26 2 70 66 53 95 37 77 92 7 3 4 11 87 99 35 81 30 62 69 91 88 67 24 84 17 36 78 13 74 45 94 73
0.13 20 84 76 55 2 39 18 77 30 8 89 73 17 16 98 62 66 53 88 25 51 46 34 96 15 94 82 92 48 47 27 93 49 64 99 38 65 33 14 44 41 9 79 85 54 71 87 60 22 1 68 97 5 29 0 50 11 72 26 74 83 12 19 95 80 21 43 91 42 63
0.48 94 65 96 25 17 43 40 39 48 29 76 61 34 21 12 37 78 32 38 56 73 18 44 64 88 36 89 54 15 87 75 52 53 57 45 35 70 9 42 41 95 92 99 93 33 10 31 26 98 11 55 62 51 20 68 85 30 91 66 22 49 13 97 0 8 16 90 47 71 72 83 69 7 77 2 84
0.27 22 58 32 61 81 80 51 23 85 18 94 45 60 9 89 38 86 20 44 74 3 39 96 73 64 47 16 36 95 52 98 54 55 66 82 12 27 26 29 87 78 76 75 79 70 28 21 19 97 41 43 25 15 37 24 56 57 91 2 63 83
0.16 1 72 60 34 40 93 27 31 64 86 95 41 88 46 36 42 74 44 38 90 70 9 22 75 30 79 80 57 23 89 81 0 98 32 7 49 10 58 16 4 54 62 33 96 92 37 35 77 85 25 56 3 50 13 12 53 26 78 59 28 18 65 82 5 47 15 83 55 24 51 8 68 71 97 91 20
0.75 87 72 66 18 75 63 26 4 57 34 64 22 81 13 71 29 98 84 83 54 52 47 50 21 67 56 51 58 91 35 32 49 94 45 61 82 79 42 9 80 43 88 46 19 24 7 10 15 96 55 33 65 44 95 89 73 38 8 14 37 92 62 0 12 30 2 59 68 93
0.50 30 69 26 39 20 35 75 45 9 82 62 15 3 80 72 0 86 46 78 1 99 14 94 98 24 64 28 2
0.07 59 60 51 92 5 69 26 38 14 54
0.83 56 22 20 33 47 21 84 91 39 50 31 99 16 68 53 36 57 79 44 7 83 80
0.54 50 13 53 21 25 11 16 41 46 8 62 36 75 55 45 80 31 91 96 35 18 54 59 42 79 93 52 1 71 24 34 15 6 97 9 78 99 58 27 98 39 68 94 7 92 19 82 5 73 63 0 95 76 49 88 12 4 81 57 30 14 20 69 29 74 67 86 65 70 33 56 77 17 32 23 47 89 22 84 66 26 38 2 90 43 28 61 64 83 37 51 3 85 48 40
0.80 10 96 48 47 83 43 36 5 33 8 58 30 69 13 28 78 79 74 35 99 37 61 2 57 27 46 22 24 23 39 97 55 9 65 49
0.51 36 31 95 18 96 41 39 1 73 25
0.16 62 60 32 30 96 9 7 61 92 49 46 37 74 98 45 29 15 16 41 82 6 71 19 34 28 24 93 70 69 10 84 94 14 36 53 87 63 33 95
0.08 70 67 98 74 12 43 61 86 71 1 59 16 3 38 94 93 83 96 31 39 49 21 8 77 44 81 50 97 23 20 80 85 87 4 40 11 92 7 30 95 91 41 60 9 65 62 51 18 58 55 99 64 2 35 72 54 26 36 19 63 52 24
0.61 25 21 33 55 39 0 35 1 13 38 96 84 63 9 42 37 86 2 64 28 91 27 67 65 85 23 43 47 40 93 82 81 18 72 69 90 73 41 68 75 10 76 24 3 74 88 51 46 87 8 30 95 97 12 66 5
0.38 10 76 5 47 72 43 97 54 61 77 55 12 99 69 28 44 46 51 88 60 8 84 57 29 2 85 80 31 49 3 21 38 37 96 34 83 11 91 78 48 30 74
0.30 36 17 31 66 44 90 96 72 73 54 86
0.42 53 88 50 25 29 3 64 2 97 49 47 31 90 30 17 28 61 24 87 73 45 26
0.17 2 11 39 72 42 59 16 51 14 82 48 74 36 77 75 95 68 88 73 58 25 57 30 63 70 61 35 22 99 86 52 26 31 8 83 76 91 3 33 89 13 79 37 21 84 4 90
0.92 0 79 13 81 21 47 98 17 89 86 24 37 97 36 16 18 15 94 41 67 19 77 43 93 53 28 76 40 44 12 64 4 78 31 80 99 20 6 35 30 52 65 54 23 39 1 91 84 50 8 92 51 75 57 10 85 56 9 73 34 61 87
0.45 7 66 72 84 27 99 14 89 47 5 93 45 80 33 44 61 0 60 77 95 75 37 85 18 58 83 20 43 12 90 49 2 51 82 57 50 17 54 86 16 48 67 26 28 8 92 70 97 32 41 96 40 19 21 9 1 78 62 52 22 91 76 42 30 34 13 59 71 79 29 11 35 39 38 98 4 46 63 24 69 55 3 10 6 53 81
0.06 44 55 32 13 65 56 34 74 14 3 88 96 38 48 52 63 30 29 95 92 43 33 58 98 60 41 7 79 47 72 25
0.55 35 48 10 9 85 31 62 65 45 22 97 37 67 80 25 83 44 84 94 98 2 59 6 12 57 14 20 24 21 55 5 95 70 81 16 33 53 75 1 56 90 51 64 86 78 66 47 17 61 96 3 23 69 68 15 27 19 0 91 26 60 39 77 46 54 76 58 93 36 38 99 92 72 8 41 89 32 50 43 73 28
0.71 77 12 94 88 18 59 15 90 62 39 10 97 5 41 66 44 28 56 40 79 87 80 93 89 31 2 65 9 82 45 48 24 30 0 7 32 81 51 26 91 35 23 58 19 21 75 84 85 96 34 25 69 92 22 50 36 86 46 61 72 70 78
0.81 36 64 94 85 15 90 83 78 22 81 37 73 23 10 28 97 70 31 45 52 79 77 56 86 59 42 71 44 9 92 11 88 76 95
0.12 61 81 64 69 89 38 37 56 20 62 35 0 53 75 36 66 98 67 95 24 28 99 82 21
0.49 0 66 59
0.69 69 94 52 34 9 30 84 11 8 24 85 28 95 10 6 7
0.70 92 64 95 60 19 75 42 37 9 54 1 28 31 56 33 65 87 8 29 84 22 76 45 77 39
0.46 0 61 14 2 64 43 50 85 5 41 82 57 27 54 75 78 49 86 84 71 17 90 92 23 33 45 46 21 97 98 11 93 52 19 9 65 95 15 35 68 20 22 99 10 58 4 69 29 76 25 66 74 73 3 18 37 7 32 13 96
0.99 27 45 3 84 11 75 40 55 21
0.01 23 91 10 25 87 42 86 69 71 74 67 27 95 22 35 60 53 63 88 1 50 4 48 3 36 13 51 2 15 80 38 89 77 57 54 30 76 28 98 52 73 78 24 19 11 14 97 44 20 32 61 43 56 79 26 62 58 7 9 66 8 33 90 16 55 49 5 65 70 39 34 94 17 59 72 82 46 96 0 64 40
0.54 30 2 7 10 96 82 76 63 18 64 3 62 40 47 56 60 79 72 19 68 61 6 70 45 32 90 77 65 52 16
0.94 72 84 33 13 87 55 12 53 93 99 41 35 69 47 64 67 85 24 16 52 46 11 3 54 60 76 95 32 31 38 75 80 49 29 74 88 79 40 57 43 92 15 82 56 90
0.67 89 67 50 83 95 69 56 37 33 61 9 41 23 74 58 10 43
0.28 58 90 71 98 93 28 12 73 6 92 55 80 35 64 32 38 21 1 70 69 52 83 66 4 39 15 99 31 22 96 11 74 84 9 2 56 44 67 5 78 88 50 3 20 27 37 82 41 7 23 68 53 75 89 36 14 85 79 91 95 29 40 33 48 63 34 60 16
0.18 9 26 73 62 17 42 71 70 5 83 35 69
0.39 27 69 34 18 92 16 10 41 93 72 59 44 90 7 96 26 83 98 77 67 76 49 89 56 79 3 64 95 94 0 84 39 62 91 14 4 75 80 9 12 68 88 17 97 30 48 81 50 43 23 45 55 38 82 70 35 31 5 22 36 29 32 13 37 40 99 8
0.73 81 48 10 71 47 16 11 30 76 29 27 65 21 12 91 87 33 9 7 40 78 43 31 64 69 25 4 41 46 86 8 20 89 74 77 70 23 83 97 82 36 75 18 96 56 98 24 15 13 53 52 32 93 50 57 73 34 72 6 0 68 67 39 37 88 17 44 92 94 45 90 49 99 5 38 1 22 61 19 3 51 42 95 58 60 79 14 80 85 62 35 55 59
0.54 10 24 48 50 92 98 36
0.45 91 95 72 84 29 76 86 1 88 71 89 63 74 93 10 56 44 27 98 55 16 34 39 40 48 33 43 45 77 99 73 57 12 66 24 49 21
0.06 25 38 67 65 49 63 61 35 32 83 26 2 81 37 97
0.49 18 49 39 31 91 50 36 2 10 67 98 22 57 1 45 63 87 7 47 53 81 89 64 99 12 55 80 29 60 74 97 27 38 21 9 19 88 77 17 24 79 15 26 94 76 83 95 42 28 4 78
0.98 32 36 64 79 57 76 2 21 34 78 96 15 86 50 83 68 11 52 59 22 72 39 53 58 95 27 94 46 31 13 99 85 38 63 69 75 30 88 93 49 1 12 82 56 61 43 29 41 71 19 9 33 47 97 48 25 73 17 60 81 0 55 92 80 18 37 45 20 40 23 5 8 28 6 84 51 87 35 74 3 90 42 66 77 89 16 26 24
0.18 55 38 60 76 68 1 17 14 43 33 34 74 54 64 69 13 26 6 61 49 8 18 2 99 28 7 21 44 63 71 86 62 91 89 16 10 80 31 45 37 53 96 19 94 97 98 41 20 5 25 87 56 50 78
0.40 34 8 12 60 86 64 33 95 67 68 20 1 76 48 44 28 0 57 65 87 89 37 42 9 38 43 75 71 47 83 45 6 15 39 77 14 36 51 27 96 93 59 3 26 4 35
0.45 42 74 63 31 68 6 78 29 32 1 69 51 93 61 73 7 48 33 37 92 57 26 97 82 9 20 89 19 36 4 53 85 60 41 28 95 45 44 21 91 88 96 80 25 39 94 11 0 46 62 56 18 24 8 14 98 15 71 81 10 99 76 3 87 23 17 22 66
0.86 12 61 98 80 97 47 40 6 28 60 53 37 51 89 76 4 45 3 95 99 41 90 43 30 34 25 5 8 69 71 20 59 58
0.98 71 12 66 5 96 34 69 51 8 52 47 80 85 89 9 98 10 58 15 7 88 78 99 76 91 53 28 1 73 31 67 26 56 18 0 23 84 39 45 79 32 25 86 75 65
0.37 0 13 95 31 64 15 32 40 17 96 10 35 83 98 25 89 28 57 34 85
0.74 60 40 95 24 39 82 43 79 4 36 15 23 2 93 9 22 59 1 72 29 48 54 61 74 32 21 27 31 84 68 67 35 88 98 71 11 83 41 34 7 14 55 25
0.60 78 11 52 93 8 94 55 65 77 28 50 81 54 89 86 67 3 45 59
0.71 48 33 49 87 83 6 89 54 28 93 81 71 75 73 76 10 12 77 99 2 62 59 72 95 7 26 4 23 41 35 84 82 85 43 44 32 24 31 22 5 13 98 42 36 88 96 74 8 45 37 56 16 55 90 21 66 1 78 64 38 70 60 53 14 0 50 67 68 46 3 18 65 79 47 25 39 97 58 57 9
0.83 33 48 68 95 60 82 34 15 93 37 40 41 30 4 32 66 22 88 70 75 87 63 50 26 76 16 6 90 53 74 24 43 42 23 39 8 56 51 11 25 19 49 3 59 17 36 62 73 14 91 89 46
0.10 86 15 39 79 25 5 72 93 38 64 77 90 87 91 52 66 48 88 7 26 70 46 14 81 68 59 13 61 30 71 69 20 18 22 23 16 78 4 10 28 37 62 2 92 55 33 3 9 35 63 44 0 42 12 11 6 94 76 84 50 83 57 8 49 51 54 82 95 19 98 85 80 75 21 1 41 27 89 36 58 34 67 45 65 29 17 96 53
0.66 74 2 32 61 28
0.37 99 78 4 90 91 5 26 20 53 37 16 70 6 58 67 7 33 43 1 94 86 17 21 29 44 54 71 9 76 64 81 0 12 11 31 68 30 72 24 73 75 49 85 82 36 87 10 19 45 74 57 89 48
0.46 15 41 47 68 35 50 31 69 16 84 17 39 53 49 13 1 52 40 7 85 65 2 62 48 94 75 77 79 95 19 97 99 74 63 88 81 45 55 71 23 72 36 37 61 11 44 83 32 42 60 18 70 33 0 73 8 6 29 9 22 57 21 86 93 76 67 89 96 66 59 91 87 92 14 43 56 4 26 25 46 30 28 3 38 64
0.74 70 15 61 95 24 84 81 11 39 87 92 12 83 89 98 51 68 99 30 48 18 69 6 96 46 45 80 27 49 36 82 41 4 76 75 58 73 52 34 65 0 60 54 7 88 3 79 64 26 40 57 5 44 20 42 25 66 55 90 14 10 72 85 13 2 94 50 33 93 29 22 8 43 62 77 17 28 86 71 47 1 74 19 78 16 59 38 9 67 31
0.52 0 83 49 29 71 88 33 39 7 18 44 93 8 10 99 90 72 75 50 97 74 69 38 56 57 58 15 94 81 78 26 43 27 19 47 45 32 66 65 95 6 89 73 82 55 67 41 80 11 25 17 5 48 13 54 76 92 30 59 51 60 42 98 20 84 63 40 36 61 14 23 53 64 87 34 21 37 28 3 52 91 62 86 2 12 22 35 16 31 4 70 46 77 24 68 79
0.67 0 92 23 37 41 99 53 8 20 62 88 71 27 70 91 21 6 96 67 36 79 5 52
0.77 23 20 51 72 43 3 97 37 49 34 7 88 11 46 44 50 25 45 74 15 28 30 33 85 53 38 21 6 57 39 26 19 47 52 36 94 61 67 93 10 55 32
0.54 10 92 31 95 49 73 22 77 56 50 16 59 30 93 90 67 78 11
0.05 38 22 52 54 9 34 27 20 88 8 4 7 82 69 26 51 97 46 11 85 53 75 44 59 48 13 68 6 57 32 43 23 99 31 98 65 50 39 14 67 76 19 10 90 16 94 18 45 55
0.33 94 61 42 40 77 44 51 62 80 47 83 99 14 19 10 31 54 4 67 81 13 78
0.27 98 58 69 6 18 78 67 47 82 43 10 13 11 34 91 97 80 62 0 37 38 50 27 36 76 30 70
0.61 59 61 14 16 3 72 80 2 98 44 69 17 71 78 89 68 48 35 33 47 24 32 13 58 51 67 54 79 76 99 62 46 95 18 29 42 34 11 38 83 52 41 20 94 12 57 84 74 26 5 75 40 90 10 28 97 53 25 23 21 70 64 49 65 87
0.94 28 37 38 77 86 19 78 0 3 89 82 96 16 24 22 58 81 10 99 53 11 14 83 42 60 29 65 32 33 50 54 36 97 94 55 88 73 31 40 2 45 17 95 80 62 56 26 5 52 6 7 48 39 71 30 75 98 23 43 66 46 72 41 44 8 15 90 70 79 92 1 20 25 87 68 13 4 93 64 59 84 47 67 63 76 51 61 74 85 35 9 18 91 69 49 57
0.78 67 12 47 48 76 9 50 16 78 44 86 96 19 6 11 58 69 95 46 40 93 21 22 75 30 81 62 2 13 3 15 8 99 89 53 25 59 17 1 90 85 49 33 80 71 23 7 35 72 54 60 34 94 24 56 70 18 43 88 74 31 65 64 73 39 20 5 36 45 42 10 32 83 28 51 63 97 14 98 91
0.50 9 22 38 77 85 20 69 34 64 10 90 76 93 25 30 32 0 29 78 91 62 24 41 70 46 58 56 4 18 63 26 48 97 94 96 39 86 87 50 60 35 73 49 83 75 6 67 72 8 17 23 33 88 45 81 43 47 36 84 42 1 14 54 61 28 65 82 92 2 16 13 89 15 51 66 40 12 59 74 68 95 80 57 71 52
0.29 13 99 55 70 9 64 40 69 23 71 90 17 46 76 94 45 61 3 15 35 47 21 96 38 95 88 60 50 67 27 80 7 32 72 52 62 30 77 63 24 41 73 48 49 8 91 53 2 43 44 6 39 18 79 10 36 92 14 31 11 29 37 87 5
0.06 71 24 56 44 14 79 75 76 40 74 55 27 6 4 94 31 8 49 37 51 80 30 46 70 98 20 38 54 3 41 84 68 58 77 59 53 91 64 66 62 5 26 52 86 25 42 34 17 88 19 18 61 1
0.48 76 38 5 45 9 87 78 59 88 12 85 51 41 96 18 26 34 29 97 36 20 55 17 81 94 35 0 8 80 98 23 16 28 86 6 68 93 42 66 44 53 48 50 2 92
0.59 60 64 77 35 49 38 0 68 47 91 63 93 92 73 26 52 30 39 14 65 97 23 22 3 43 33 58 81 15 80 5 70 28 37 72 2 34 7 48 62 20 53 82 29 85 54 17 51 40 31 57 19 94 55 95 84 59 74 76 86 79 61 13 18 88 27
0.88 33 72 21 95 61 22 59 29 45 88 23 56 64 99 5 39 68 67 87 20 48 14 7 19 2 16 66 44 70 12 30 97 83 77 85 90 26 74 13 53 65 80 4 94 31 54 38 17 81 84 6 76 63 41 9 25 24 46 1 62
0.05 30 78 54 79 94 38 0 98 46 13 76 16 49 87 97 63 64 19 28 57 50 36 58 24 2 53 82 15 48 65 47 96 86 43 68 34 70 60 5 29 20 55 25 51 90 52 17 66 89 4 1 37 21 26 75 6 27 56 69 3 42 80 10 41 39 8 99 93 45 72 23 44 62 92 83 81 61 77 95 9 67 84 31 71 91 35
0.18 13 24 21 89 88 11 46 55 59 45 1 65 42 36 64 26 97 91 84 40 78 61 53 67 41 54 47 70 28 58
0.98 18 52 46 65 26 13 32 21 36 4 68 67 19 69 64 8 94 7 25 28 62 55 41 15 37 44
0.96 4 11 42 80 14 61 54 84 73 62 24 85 88 58 75 7 26 6 13 1 39 67 35 50 28 36 20 0 77 2 41 46 10 29 37 89 32 21 55 30 45 90 38 52 69 87 9 64 81 27 23 33 71 15 5 94 95 51 76 18 68 22 97 48 86 3 82 96 8 63 65 56 91 47 72 43 25 31 66 16 19 60 93 83 44 53 57 92 12 34 17
0.38 26
0.53 2 35 52 61 86 78 49 33 74 8 69 23 13 47 79 57 5 18 1 80 98 91 26 54 94 20 99 14 10 83 73 36 51 41 24 62 40 34 11 19 25 63 55 58 92 21 29 82 3 95 4 81 28 17 88 0 65 85 96 27 97 75 31 12 16 90 6 37 89 87 66 68
