2 100 100 0
92 75 61 31 69 79 79 87 46 10 73 34 53 43 59 54 90 58 93 32 94 19 14 18 19 13 69 19 90 78 97 15 15 49 49 27 78 71 14 39 45 54 100 85 24 33 62 22 78 61 76 11 73 95 95 86 98 65 34 38 81 48 36 48 39 72 100 26 28 71 11 60 28 93 25 46 78 33 89 87 13 52 68 23 92 34 19 45 61 93 70 91 16 36 88 80 57 61 62 79
0.48 82 84 9 38 28 34 97 0 96 59 57 15 75 51 71 6 23 85 42 90 2 65 99 62 11 76 67 41 60 66 94 91 37 74 32 50 13 22 48 93 33 88 68 63 64 30 44 35 73 79 8 98 86 55 49 89 69 19 61 43 70 40 46 4 87 16 56 39 10 24 18 58 78 1 26 83 21 92 81 52 25
0.63 11 45 99 71 40 9 19 88 36 94 39 55 14 18 24 77 51 72 65 31 79 97 48 8 5 30 6 96 27 29 74 63 28 34 52 90 58 49 37 86 80 26 76 60 78 69 70 23 75 62 1 43 12 95 17 98 2 15 83 93 47 42 85 50 41 84 73 87 56 67 3 53 64 32 82 10 57 44 92 66 25 59 54 4
0.27 26 40 43 33 11 84 16 57 13 66 5 14 22 8 60 25 4 52 10 97 48 74 65 49 45 68 51 30 87 37 80 15 82 50 2 59 44 67 53 27 18 36 34 24 94 12 23 31 0 91 38 54 7 64 88 69 29 35 99 81 19 77 41 73 1 63 3 78 32 6 28 89 83 21
0.16 99 12 8 45 33 31 67 5 4 51 3 40 89 95 64 16 86 94 55
0.03 39 36 61 27 50 0 87 13 94 86 46 3 12 31 85 96 20 59
0.16 53 30 88 2 71 62 67 83 16 59 20 85 26 34 90 12 42 37 10 98 31 51 66 7 40 73 0 9 55 52 58 68 39 84 6 96 76 78 48 91 89 11 23 44 25 8 86 70 45 63 46 61 72 18 27 87 38 15 95 80 65 94 82 24 81 57 21 14 50 33 43 74 69 64 93 54 49 92 28 47 99 29 1 97 5
0.18 28 82 2 44 87 3 8 21 56 35 31 25 29 23 88 86 84 97 51 46 66 47 48 22 16 45 73 75 6 10 62 93 95 32 91 83 80 60 71 61 99 74 49 26 33 90 36 70 13 96 34 72 27 11
0.37 35 18 92 64 13 83 31 42 65 52 46 15 72 69 85 99 67 1 63 55 84 29 58 81 49 50 93 0 39 87 97 54 25 88 53 74 20 75 40 71 51 77 94 14 22 66 16 82 60 17 24 4 30 90 41 89 37 48 3 91 7 57 36 78 62 80 5 79 59 9 73 38 34 96 68 2 12 43 44 21 61 11
0.21 17 47 40 76 45 48 92 88 25 66 15 58 56 37 78 55 62 42 74 73 51 97
0.43 35 97 49 58 42 16 26 83 13 46 32 37 17 1 23 53 21 59 19 63 40 90 79 57 51 9 71 75 48 81 76 10 66 52 50 44 96 41 28 24 95 99 25 54 74 4 69 7 8 78 91 85 14 67 86 38 55 62 34 88 5 87 15 80 98 65 20 93 29 56 0 94 77 72 22 92 89 84 61 12 43 45 36 2 73 33 47 82 27 64 31 70 68 3 39 6 11
0.53 65 35 29 85 99 51 79 82 2 4 94 16 90 81 25
0.99 61 76 80 93 92 81 27 15 88 4 3 14 7 62 99 65 97 70 43 34 38 44 19 0 36 55 10 87
0.84 79 57 10 31 35 34 50 17 89 56 82 6 29 21 3 66 72 80 37 33 97 68 2 32 76 87 55 18 42 60 99 88 14 11 15 38 94 61 36 54 52 27 40 91 13 71 96 84 62 45 73 44 53 28 41 26 86 23 25 64 78 90 9 5 39 75 98 30 77 22 20 74 16 67 59 19 8 12 48 49
0.82 6 94 46 35 16 13 4 88 87 36 32 80 10 65 52 18 42 5 90 30 69 82 27 41 55 26 12 34 70 40 74 86 14 76 31 22 98 51 24 56 62 97 0 3 7 19 81 25 85 50 48 89 21 37 38 78 15 47 93 83 29 73 8 92 99
0.80 63 12 37 1 28 91 71 46 87 53 59 39 16 6 36 18 4 61 96 25 66 41 11 0 99 15 58 81 2 3 13 62 70 31 27 60 90 98 88 94 64 83 89 52 86 40 17 55 97 24 29 7 79 47 82 35 85 69 68 49 84 74 73 30 65 21 75 67 93 50 76 51 20 34 8 92 38 56 22 10 54 43 77 45 72 48 33 42 9 95 44 78
0.38 68 85 3 37 75 71 67 9 2 95 93 94 18
0.63 57 59 67 22 74 39 53 89 81 46 25 13 71 44 58 51 82 90 40 97 0 93 65 48 35 63 19 37 87 72 88 10 49 6 54 66 43 38 28 5 73 52 86 26 45 11 91 1 33
0.77 90 88 43 62 42 2 95 81 68 18 6 80 57 64 83 21 12 30 93 13 69 16 53 54 23 45 56 94 38 14 7 20 72 51 26 85 4 44 77 59 67 15 73 97 61 34 24 78 8 98 25 74 70 39
0.58 65 35 19 12 8 20 27 57 0 3 99 23 90 83 77 88 69 53 78 81 45 86 85
0.55 72 1 58 6 64 76 86 94 30 63 7 79 34 70 52 90 81 0 96 69 78 28 91 67 77 5 55 19 97 93 21 3 10 49 32 68 33 15 16 20 11 74 2 61 83 71 66 48 88 51 24 56 18 13 62 95 87 12 26 47 36 27 59 17 73 23 99 84 37 85 42 4 14 75 44 50 53 8 40 22 25 31 35 65 82 45 54 9 98 38 80 29 60 57
0.80 48 99 1 88 51 5 92
0.27 13 99 3 6 68 53 94 60 89 4 71 32 79 82 15 83 22 24 77 91 57 64 87 49 70 85 52 75 2 10 55 74 67 95 80 1 25 97 59 72 30 78 28 73 76 19 51 12 39 47 56 7 44 21 35 96 86 42 81 84 54 8 38 41 16 93 5
0.96 46 8 22 36 85 29 13 96 7 10 76 70 95 80 53 40 41 1 72 49 92 79 74 3 99 71 93 87 88 21 68
0.45 25 29 61 71 43 11 35 8 4 39 0 23 55 99 85 19 36 88 9 54 16 72 75 7 50 26 12 95 98 30 91 22 69 31 28 93 57 64 38 65 62 46 3
0.74 14 16 66 31 23 67 70 26 1 48 0 58 65 53 75 55 43 30 91 90 19 93 85 54 49 57 13 6 64 44 9 52 17 40 36 88 27 79 35 69 63 4 60 95 3 74 2 96 10 84 97 99 38 25 32 11 33 77 21 37 41 76 82 29 34 50 86 59 8 20 56 24 78 71 42 7 51 22 15 45 46 80 72 92 18 47 87 62 12 5 98 81 83 73 28 61 39 68
0.95 89 64 38 37 34 72 58 83 61 39 36 28 1 80 78 23 87 92 44 47 16 68 10 2 15 25 55 21 17 71 30 94 52 99 97 73 6 63 3 27 0 19 22 76 24 5 82 53 86 67 75 45 50 60 4 88 81 46 35 57 98 8 33 26 42 79 51 77 41 95 65 93 31 54 14 32 49 85 74 20 91 84 7 43 13 9 56 18 69
0.22 93 20 60 37 62 99 25 74 84 17 33 92 48 31 18 58 15 9 11 64 16 87 5 83 71 65 69 98 63 43 30 76 12 41 34
0.56 88 33 31 19 5 43 30 97 46 37 34 79 99 26 25 86 56 12 40 64 9 81 92 68 71
0.91 59 17 32 40 20 5 88 98 36 79 8 89 58 26 12 13 47 23 44 73 77 28 15 34 74 75 1 50 99 22 71 14 80 6 76 31 81 66 53 64 4 92 52 51 67 2 45 63 62 7 69 27 3 90 42 78 29 48 33 97 70 24 46 25 30 21 55 94 72 18 43 60 57 37 11 39 68 35 82 95 56 0
0.10 28 5 58 6 91 9 73 59 54 21 20 61 13 71 69 93 45 3 14 34 75 46 35 85 77 43 1 76 10 49 22 89 82 24 88 38 17 29 12 94 52 4 36 26 51 78 37 40 31 39 68 7 55 44 60 57 11 19 99 65 8 27 95 23 66 79 15 48 53 18 62 2 90 41 16 70 67 81 64 96
0.64 24 3 84 79 85 43 0 34 37 59 91 29 98 17 4 97 2
0.90 35 83 44 5 24 10 54 89 94 7 52 68 3 86 8 36 73 80 58 2 13 45 15 97 82 67 50 34 60 92 22 93 6 70 71
0.33 42 8 68 17 55 96 95 80 25 58 5 4 0 79 90 85 11 97 14 52 74 28 93 29 71 1 47 38 24 19 10 7 89 59 50 69 84 6 99 26 70 63 41 51 54 20 86
0.91 68 24 40 15 11 60 88 57 20 4 89 46 44 76 9 72 83 26 28 99 90 55 8 32 13 47 12 80 2 10 65 3 48 63 94 91 75 64 82 42 56 29 14 67 84 97 74 25 61 85 43 62 78 18 1 81 73 49 70 92 69 86 27 38 31 54 71
0.92 78 10 48 80 42 99 53 73 37 81 74 5 35 21 31 1 88 16 13 82 23 75 72 49 40 51 7 85 79 63 68 62 27 94 34 86 2 52 60 19 93 24 59 8 15 84 6 29 67 89 36 30 57 18 17
0.87 35 64 27 5 22 36 2 38 80 79 46 90 14 28 60 8
0.45 18 73 4 44 89 37 28 23 31 49 90 19 77 76 16 92 9 11 93 32 38
0.37 80 44 8 62 35 39 20 49 90 94 68 79 37 75 38 28 91 61 1 69 22 64 53 71 55 23 99 87 26 84 56 97 54 59
0.87 89 33 94 91
0.11 62 98 91 14 41 74 95 51
0.67 15 5 23 42 72 17 85 22 51 60 93 52 21 31 54 62 79 13 75 30 70 48 3 74 34 80 55 68 9 82 49 10 96 37 44 12 24 25 47 0
0.77 59 97 39 8 69 94 72 76 12 70 1 82 20 37 5 7 24 77 50 95 33 30 34 14 84 52 47 11 44 3 53 19 10 43 79 86 91 15 73 51 9 22 35 16 99 64 42 58 63 66 48 36 60 81 2 57 46 21 75 54 65 74 4 40 38
0.92 90 69 43 27 20 62 10 67 78 26 64 0 31 86 33 38 72 6 52 73 79 50 81 4 82 99 70 14 36 21 66 80 94 34 65 41 98 29 17 93 2 5 55 37 53 19 83 45 15 44 46 68 84 89 18 48 13
0.74 29 65 83 50 34 87 95 89 33 32 94 14 41 82 16 5 91 13 62 66 78 22 63 9 92 61 74 18 15 81 8 88
0.19 29 44 46 4 91 3 55 65 68 7 83 64 6 18 75 30 47 62 27 2 49 90 79 24 33 54 72 73 78 92 59 88 84 67 93 58 86 99 15 34 35 87 69 89 97 9 13 61 48 41 51 0 40 63 77 43 71 42 37 17 53 1 28 60 31 70 19 98 95 23 81 94 20 21 96 8 26 36 85 10 22 45 39 11 12 66 50 16 76 5 82 38 74 80 14
0.52 80 89 4 54 25 59 86 2 39 7 20 81 18 34 22 53 77 76 56 47 33 65 69 19 74 48 60 79 90 66 16 15 70 24 95 32 57 6 38 49 21 3 29 26 51 85 55 68 9 37 31 30 63 14 12 11 61 87 64 71 91 98 42 97 82 35 40 84 36 17 0 92 83 13 5 46 78 27 23 67 99 96 10 8 45 62 75 50
0.69 56 33 41 72 70 39 6 59 53
0.71 18 74 57 85 32 63 51 94 81 37 73 53 80 50 15 21 98 39 65 48 23 46 44 66 8 69 27 16 79 67 62 95 70 77 59 52 0 2 60 40 90 88 87 25 42 83 56 91 72 6 35 43
0.44 96 15 3 64 58 43 27 47
0.02 86 2 17 87 97 84 30 55 37 65 43 95 35 20 7 58 46 10 79 36 74 11 54 56 32 82 78 88 62 42 6 3 80 68 67 8 24 92 89 25 12 85 53 57 72 64 75 96 63 33 27 26
0.67 88 8 31 86 20 14 53 52 7 48 16 77 36 69 23 82 60 64 83 55 58 73 43 72
0.25 33 15 23 32 21 51 31 62 75 88 63 14 69 77 54 18 46 74 7 48 56 10 27 50 68 78 52 19 38 37 53 1 55 12 29 49 82 8 20 81 43 4 94 16 30 66 93 58 0 25 92 47 97 26 24 85 65 89 83 9 28 73 67 87 80 44 91 64 71 70 96 59 34 95 61 60 45 11 13 6 3 76 57 79 17 84 40 86 36 35 2 42 99
0.87 75 33 8 65 32 96 57 76 59 63 27 98 13 72 78 49 31 97 28 91 52 6 7 85 19 36 84 69 51 61 53 20 60 18 64 25 45 34 5 16 29 90 99 67 9 83 37 23 54 50 30 17 26 43 92 12 62 39 38 95 77 73 21 68 11 81 86 94 48 71 56 89 66 58 82 0 44 2 93 47 35 70
0.88 8 86 65 33 61 56 99 87 25 80 47 10 59 28 38
0.19 59 56 22 65 73 6 14 83 32 0 64 7 81 35 70 84 79 85 40 69 89 54 28 93 26 11 42
0.39 75 20 9 47 84 99 65 17 94 25 92 14 53 2 93 36 76 96 86 15 7 26
0.62 28 74 40 64 20 83 1 41 53 79 24 82 2 85 39 67 7 34 47 78 69 3 77 8 87 56 61 63 93 94 9 72 88 52 18 37 55 62 65 25 27 32 91 75 49 98 17 86
0.91 95 90 9 78 15 24 18 0 74 54 55 12 52 6 16 37 72 2 91 45 53 1 34 41 80 68 84 46 98 49 51 87 75 59
0.27 55 53 84 48 35 2 34 86 16 8 58 21 92 88 18 5 73 87 22 7 45 54 42 95 33 20 74 30 27
0.45 29 47 72 49
0.17 12 5 90 62 60 17 37 18 51 39 1 68 89 54 4 78 70 76 35 11 19 26 83 57 75 87 14 95 6 77 28 55 74 45 7 97 58 33 34 71 27 42 92 31 81 49 20 85 13 36 44 93 56 24 82 66 8 29 25 64 41 43 72 79 59 47 69 88 0 73 63 96 40
0.21 43 55 48
0.53 30 25 5 44 32 37 72 36 38 55 67 27 61 18 0 33 48 62 49 79 16 96 3 47 98 82 80 46 21 59 12 83 97 65 6 31 69 89 24 39 41 94 70
0.93 91 83 80 75 8 72 54 34 6 49 9 53 90 89 51 2 58 68 48 96 97 18 59 5 45 16 37 17 57 61 94 39 10 26 93 74 66 95 15 55 36 85 99 50 42 78 87 60 84 28 33 98 23 35 77 52 0 47 88 12 82 32 62 73 31 43 4
0.94 93 20 88 69 87 16 75 98 35 62 95 80 8 1 66 33 27 57 77 74 47 90 46 79 24 72 83 94 41 15 23 49 19 12 54 30 38 48 78 39 71 92 84 10 17 55 21 76 42 22 89 50 37 34 65 25 26 58 5 60 61 53 40 68 82 2 51 13 43 31 7
0.13 21 99 27 60 36 5 55 65 79 58 78 85 51 41 69 17 62 97 98 96 89 84 37 23 35 9 49 0 29 67 70 53 40 71 6 75
0.11 16 39 74 83 50 11 6 23 91 73 14 86 68 52 46 7 51 70 99 42 81 66 57 90 58 33 3 4 45 53 67 69 8 88 76 98 94 25 35 59 92 29 15 2 61 30 72 60 62 64 12 41 1 27 40 75 96 36 95 32 17 28 49 43 10 79 37 84 9 78 85 34 63 13 26 77 47 56 20 87 80 97
0.51 22 70 15 49 39 36 58 69 2 46 77 21 82 13 97 60 61 45 67 57 12 26 29 20 53 48 27 54 52 42 0 75 9 8 93 88 63 51 32 50
0.44 49 92 8 94 6 79 55 81 20 1 78 84 22 28 90 72 93 47 74 60 0 35 97 89 76 50 9 36 82 11 44 54 69 98 91 4 57 67 39 59 45 73 77 3 58 41 5 71 88
0.71 48 59 60 55 49
0.98 91 88 89 6 41 92 51 23 75 46 78 38 45 34 28 9 27 47 40 39 60 31 56 5 8 53 19 1 98 13 3 62 96 86 54 17 79 85 14 26 30 44 2 77 48 20 76 0 7 99 10 68 65 82 87 36 12 58 57 64 72 49 97 32 69 74 29 95 61 67 42 22 43 33 37 71 84 4 94 35 63 18 24 55 59 50 90 93 25 15 52 73 16 83 11
0.23 20 24 97 25 12 41 4 88 79 63 3 68 71 22 1 87 30 59 77 64 36 31 61 49 17 98 86 14 93 90 84 62 99 89 8 83 39 13 35 92 96 38 27 57 95 29 7 21 52 11 60 85 19 72 54 32 76 42 26 70 69 75 47 82 66 73 50 6 28 58 53 33 46
0.66 82 34 45 12 14 52 93 68 56 94 27 2 75 17 81 55 67 28 87 72 39 48 64 16 25 83 0 99 95 40 22 54 65 33 92 91 31 50 41 9 15 98 29 3 32 8 42 18 37 76 13 96 5 10 23 20 66 51 61 1 58 80 24 84 11 26 69 90 70 88 35 86 44
0.38 16 44 29 56 72 33 28 90 88 54 13 3 93 34 15 99 4 82 10 62 6 55 60 67 24 41 14 45 39 32 79 30 53 76 46 86 59 17 98 89 38 1 43 48 31 21 18
0.20 96 46 2 35 12 32 98 72 58 82 62 77 81 94 93 99 65 20 22 89 38 63 86 55 69 54 37 49 87 75 95 10 4 59 14 61 40 47 53 17 84 64 83 16 13 44 33 23 3 18 48 45 7 19 25 57 78 8 24 90 92 27 21 74 31 66 71 36 43 52 34 42 67 88 79 76 28 50 80 60 9 30 97 85 51 68 11 41 15 73 39 70 91
0.11 16 77 34 8 74 15 46 88 28 40 73 94 58 62 66 2 55 70 48 54 7 72 57 56 21 27 45 41 9 18 76 68 83 14 79 1 25 29 50 6 38 4 20 67 84 36 78 24 71 93 11 52 96 47 30 89 19 23 44 69 86 37 39 85 97 31 3 82 49 63 35 0 87
0.16 86 7 15 89 77 68
0.07 11 67 24 1 25 13 15 71 5 96 56 19 98 29 57 28 93 10 75 32 50 52 34 41 88 46 37 20 36 6 77 17 97 42 61 60 3 7 9 49 92 68 51 74 62 64 86 18 35 79
0.54 10 89 64 97 82 75 29 73 83 85 77 30 38 45 60 6 57 95 11 5 50 74 81 55 13 27 3 23 15 93 22 17 96 7 47 53 34 72 37 54 33 92 1 28 39 14 46 36 2 51 84 52 56 62 90 41 65 44 26 66 0 87 61 48 16 80 91 24 18 4 98 78 99 35 21 9 42
0.88 27 42 55 5 9 67 72 93 68 69 14 43 51 95 77 61 92 58 28 32 16 1 35 4 48 0 40 88 87 66 38 94 24 31 57 21 85 34 18 83 76 47 11 15 60 46 45 30 37 79 54 74 52 29 19 64 82 39 62 25 33 17 6 2 23 49 22 59 86 98 44 41 36 96 73 89 81 80 12 13 99 75 10 56 78 20 26 63 53 71 90
0.45 39 12 43 79 14 84 70 19 59 38 72 36 60 85 57 0 23 21 30 71 8 86 77 64 28 48 41 73 33 49 54 15 62 80 91 56 51 61 5 40 34 6 67 11
0.53 24 0 1 28 93 92 36 16 40 99 8 84 63 57 77 58 72 96 13 62 2 94 41 11 19 95 91 45 68 87 49 14 59 71 78 67 52 79 18 80 30 55 6 69 46 85 12 50 23 88 82 39 20 61 97 90 53 26 73 48 27 37 47 35 31 25 89 98 17 29 7 60 5 86 70 81 54 21 10 4 66
0.07 34 76 97 17 49 62 51 86 88 53 58 38 36 19 92 48 60 91 70 37 21 56 78 85 24 79 11 33 52 95 73 59 20 1 77 28 80 50 93 89 81 64 68 44 10 3 8 71 69 12 67 25 39 61 6 82 63 27 32 35 72 94 47 42 0 84 26 46 57 4 98 23 41 40 18 9 2 75 55 96 90 45 74 43 54 5 30 7
0.59 57 36 1 69 45 15 13 63 64 24 61 58 97 12 29 3 86 28 62 10 66 54 80 30 5 73 74 51 89 33 84 94 47 11 23 17 68 21 14 98 78 85 16 55 56 90 25 91 67 7 6 95 19 20 65 70 50 49 88 8 40 9 37 27 26 99 2 53 59 79 60 71 52 72 43 42 48 32 41 34 87 82 77 44 4
0.86 64 90 38 5
0.21 45 94
0.79 61 58 91 83 5 38 8 30 71 28 73 72 25 57 99 15 89 76 47 93 39 32 17 16 62 36 45 20 24 9 43 64 46 92 75 87 48 53 11 78 2 66 26 6 3 29 13 33 85 35 14 52 37 0 59
0.52 23 73 50 98 10 51 14 83 49 58 69 84 38 7 1 65 15 76 42 11 56 86 16 19 18 41 61 60 87 97 92 90 72 57 45 40 99 81 5 66 17 6 88 55 35 30 25 20 91 48 29 96 34 89 54 82 67 52 9 64 39 12 85 94 47 62 79 4
0.09 81 62 36 78 24 90 59 44 18 52 49 95 28 31 20 26 17 89 64 10 80 54 15 12 73 88 6 79 63 13 82 27
0.79 80 79 92 81 74
0.70 62 40
0.56 29 22 78 66 19 24 36 99 64 55 44 30 50 38 47 11 31 72 58 6 43 83 51 70 75 18 69 23 52 28 39 21 16
0.23 28 63 78 62 48 5 32 31 95 29 98 90 11 58 26 66 57 20 10 17 22 2 53 86 93 41 76 45 21 23 74 84 44 64 96 49 79 77 0 27 72 30 1 14 61 65 51 38 12 56 92 19 35 4 7 40 46 6 80 91 50 89 68 71
0.16 95 93 41 62 65 23 25 48 52 96 30 13 39 2 37 89 56 66 50 12 14 4 87 0 20 28 72 19 40 73 49 31 63 47 82 10 43 67 94 51 75 21 86 7 60 98 71 18 77 6 5 11 74 97 36 68 27 38 55 8
0.97 86 26 33 22 62 41 37 27 94 30 64 72 3 39 45 78 89 11 93 50 47 7 34 82 54 55 90 66 17 83 5 73 18 99 15 2 9 19 46 56 74 65 84 1 28 88 29 12 51 63 61 43 6 95 80 31 79 35 81 42 14 92 40 0 87 16 10 13 85 44 48 97 8 96 69 58 25 76 68 57 36 98 59 91 52 77 49 71 75 32 21 70 20
0.47 60 7 58 8 28 42 93 95 71 63 4 45 89 18 23 2 13 87 5 38 57 80 6 44 94 15 14 69 0 72 84 85 99 17 33 86 77 24 9 76 79
0.55 17 48 7 14 93 11 31 58 49 35 81
0.14 58 7 3 55 85 24 11 20 23 39 69 26 45 61 72 38 81 10 90 94 44 65 82 1 17 64 34 22 52 66 83 70 80 36 12 5 42 91 6 77 2 19 9 98 78 93 54 14 67 50 59 18 28 56 76 89 46 13 49 21 47 31 95 53 33 30 16 97 51 87 29 71 8 73 68 84 86 63 88 48 32 62 75 96 35 99 79 74
0.77 76 52 10 93 27 24 1 28 50 90 72 16 14 85 3 41 23 56 26 32 99 6 59 74 40 35 44 46 15 89 0 4 66 38 30 18 67 11 12 31 82 65 43 78 83 75 91 60 68 8 98 17 51 84 33
0.59 75 28 88 54 64 13 40 60 24 48 63 43 65 18 2 33 78
