2 100 100 1
44 74 28 23 42 29 53 62 44 36 74 16 15 21 48 63 73 74 84 38 42 69 33 74 86 46 72 79 52 74 17 50 91 82 35 70 74 84 62 12 34 79 62 88 32 49 50 47 79 69 13 17 45 97 25 42 12 72 64 60 84 41 27 59 79 44 95 43 79 12 11 85 37 80 19 37 99 22 58 12 13 74 14 50 22 52 80 45 65 49 14 64 55 49 81 34 98 85 71 25
0.61 89 5 0 12 73 44 14 37 67 78 85 72 97 58 65 36 96 61 54 62
0.17 51 66 87 12 45 94 63 20 9 22 32 92 64 72 11 75 89 77 26 8 84 98 7 88 35 3 49 37 15 23 41 93 40 13 91 76 59 54 86 96 52 36 19 95 28 50 30 56 1 46 43 38 60 16 80 47 82 4 10 25 44 33 17 99 78 55 61 65 5 58 21 57 53 79 48 97 31 62 34 39 14 6 68 85 18 70 74 67 90 29 69
0.04 60 96 5 57 24 66 20 50 11 98 29 70 2 47 40 28 17 79 81 69 89 67 49
0.78 15 95 97 2 82 34 92 38 61 73 76 68 93 56 54 37 9 72 57 22 21 53 10 89 60 36 0 51 63 83 90 91 19 42 96 43 12 87 20 74 69 25 78 66 14 48 27 29 55 67 35 6 4 13 79 16 75 58 23 8 46 70 32 85 17 40 28 1 50 11 3 80 99 41 47 77 52 71 62 59 18 31 94 65 7 44 30 26 33 81
0.84 72 7 33 47 3
0.56 91 61 42 74 80 8 62
0.44 65 20 82 39 78 34 43
0.55 94 90 74 68 57 70 44 59
0.41 27 87
0.68 83 5 9 27 36 11 55 92 95 57 15 46 51 61 40 25 35 8 93 87
0.04 94 81 90 75 37 84 33 63 13 51 46 24 64 18 34 15
0.13 14 16 60
0.04 60 12 15 49 57 28 18 11 94 77 16 2 71 6 1 21 29 20 51 40 55 95 70 44 43 73 9 13 4 90 32 34 67 76 10 45 66 64 30 37 68 59 19 91 52 35 58 80 56 79 92 23 39 65 24
0.28 0 54 46 82 99 6 41 83 90 19 23 55 29 60 14 96 94 80 56 5 43 48 12 15 67 31 7 52 28 11 92 20 50 49 32 58 86 59 61 36 27 34 57 65 45 4 72 66 38 26 3 37 97 64 2 22 40 16 35 47 33 39 95 76 84 44 71 98 73 42 78 85 68 18 53 79 77 17 13 24 69 30 9 81 75 63 70 25 87
0.20 12 31 72 20 52 37 28 29 24 59 69 92 96 82 84 16 75 85 1 56 32 60 67 77 95 61 66 47 0 7 2 15 19 9 81 40 55 53 68 98 33 14 46 41 26 54 97 80 63 89 88 22 93 48 94 6 44 10 65 43
0.80 5 65 90 34 40 3 98 99 66 53 55 43 67 54 61 9 10 94 88 19 52 72 8 89 45 77 24 79 73 17 12 11 82 58 91 80 48 38 68 13 57 85 95 69 51 47 18 46 14 83 4 60 7 70 76 23 1 50 29 41 96 93 75 21 81 44 59 64 32 27 31 35 92 49 25 33 0 6
0.45 31 52 29 8 75 64 50 20 86 68 39 84 82 0 92 37 10 45 1 47 18 42 85 3 4 56 22 41 95 44 6 60 80 89 24 88 93 25 27 87 35 91 17 53 62 2 15 19 5 73 59 28 49 74 98 99 78 79 94 16 11 51 96 67 72 9 83 33 21 57 48 34 13 23 26 58 14 65 12
0.11 10 12 63 69 57 51 3 72 53 99 55
0.67 10 57 15 5 76 83 87 70 20 33 93 18 38 31 66 24 56 26 84 32 27 23 0 74 80 7 63 77 71 61 54 86 95 64 44 14 69 6 72 21 35 73 96 17 50 9 55 62 47 13 81 42 39 49 16 90 37 78 94 51 82 91 79 3 98 34 1 46 29 92 53 85 41 12 25 40 59 68 36 43 89 28 88 19 2 58 11 67 48
0.48 44 61 55 45 84 63 47 95 94 27 18 51 25 88 43 57 79 53 12 39 77 34 89 1 65 14 10 15 40 52 24 23 76 66 41 59 62 72 91 68 64 71 50 6 69 35 42 11 82 78 73 98 85 54 17 97 46 2
0.91 37 55 62 54 9 12 60 22 73 87 41 81 70 42
0.94 40 2 74 87 63 98 80 28 97 50 19 43
0.38 61 11 58 34 44 80 14 4 51 37 25 68 28 1 27 86 99 94 10 78 75 84 43 91 77 97 48 30 24 35 60 52 40 47 71 59 65 18 79 42 7 41 70
0.43 52 59 89 3 35 61 18 5 74 7 66 97 72 2 19 93 16 41 63 50 79 29 36 65 86 44 70 1 23 22 8 68 25 83 0 11 85 95 45 42 67 31 21 6 37 24 51 26 96 10 40 46
0.77 3 83 44 60 96 6 27 24 57 71 84 56 53 20 50 69 13 90 35 1 72 87 2 98 66 40 74 25 37 41 43
0.97 24 75 23 72 38 90 18 83 31 27 42 12 81 89 55 48 37 92 98 84 3 28 26 32 54 0 50 15 70 53 46 10 44 69 1 39 87 58 71 40 43 21 62 45 68 5 47 57 14 86 73 78 51 22 19 60 67 96 20 52 7 76 91 64 88 93 41 59 49
0.77 37 86 11 29 66 89 8 55 93 30 83 64 14
0.33 62 97 9 92 30 37 17 78 65 13 96 63 64 58 22 87 7 93 77 21 47 75 85 90 49 41 48 99 39 28 83 11 94 24 38 88 59 44
0.29 17 65 77 10 13 32 92 96 0 24 56 80 34 49
0.38 76 59 12 60
0.10 42 30 74 89 63 64 25 11 68 46 50
0.82 87 67 15 41 85 43 66 83 23
0.47 5 60 2 66 92 33 3 78 98 82 73 61 13 41 14 15 71 80 91 74 57 4 38 40 94 88 68 56 55 9 46 19 37 22 77 34 42 30 18 89 27 24 93 84 6 47 85 0 28 10 16 62 48 7 96 69 81 65 70 58 26 79 11 20 8 39 53 99 50 44 76 49 17 51 21 59 25 75 67 86 36 29 45 72 23
0.81 92 61 68 9 8 97 25 65 64 36 45 62 3 13 47 77 75 16 40 44 51 66 82 58 22 80 33 1 54 10 83 95 37 94 93 72 49 14 38 57 90 69 31 55 78 79 23 56 71 70 20 21 96 12 50 4 48 6 67 88 60 42 2 30 98 34 19 74 0 43 46 41 63 5 18 91 29 28 7 76 84 59 15 27 39 24 35
0.98 90 7 53 55 46 97 36 68 43 70 27 62 82 28 10 86 89 56 9 81 44 29 11 66 88 4 37 47 25 76 22 19 20
0.55 29 69 32 21 4 79 23 51 97 60 33 94 56 5 54 58 57 52 71 81 48 36 88 98 38 2 15 59 82 37 99 31 42 13 74 55 18 45 22 73 16 63 91 20 90 72 0 14 1 83 62 26 76 89 75 40 35 96 7 43
0.20 8 32 52 45 57 99 30 40 38 33 70 95 50 90 23 81 97 88 83 51 44 1 3 64 22 25 7 59 94 36 42 34 85 66 4 80 74 9 2 27 89 75 82 13 47 60 93 14 43 19 46 37 87 41 98 15 72 68 86 78 69 62 63 53 61 71 26 17 18 21 48 58 35
0.99 0 58 70 95 67 64 87 53 31 39 22 5 32 12 11 60 54 24 36 89 25 74 78 3 14 38 66 97 42 43 75 15 48 96 76 71 26 93 84 45 59 94 23 63 56 88 9 86 57 4 79 34 90 19 73 21 47 91 55 35 69 2 82 52 37 83 17 44 8 10 72 18 62 7 99 77 49 20 29
0.08 13 64 52 60 57 50 34 32 27 51 28 65 23 93 68 12 86 73 39 72 90 33 80 69 18 14 82 97 8 44 40 7 9 30 75 25 94 24 45 36 35 89 66 55 31 2 20 17 95 15 10 91 84 70 81 21 67 85 83 88 56 5 61 38 87 62 19 63
0.30 88 94 59 14 10 75 87 30 24 29 19 64 45 96 53 6 3 74 51 28 34 4 22 33 41 99 61 40 16 39 0 55 86 47 95 82 8 49 46 85 20 32 69 11 67 48 58 77 57 76 13 26 62 2 91 23 25 93 31 71 81 72 52 9 12 79 73 37 78 56 43 5 38 92 54 97 21 70 44 68 66 7 83 63 15 90 1 65 18 27 17 36 60 42
0.36 31 99 52 13 27 87 4 97 94 55 83 90 6 18 95 37 38 86 72 22 59 68 15 60 96 84 67 92 5 46 45 77 28 39 36 2 40 10 7 56 1 75 48 35 79 71 11 51 80 53 0 57 30 64 12 82 78 32 8 73 89 19 58 66 44 88 9 70 23 98 85 50
0.22 31 59 43 53 4 92 20 95 16 10 83
0.60 83 28 31 76 68 89 84 93 53 99 79 59 80 78 88 51 37 12 55 32 63 45 21 14 41 67 19 7 47 23 65 96 34 94 36 25 42 95 57 26 90 20 60 64 56 86 15 46 66 44 58 85 24 13 72 75 87 91 39 38 82 69 4 30 40 48 11 27 43 52 97 5 61 54 33 6 17 29 2 0 9 73 81 71 77 1 8 92 98 18 49 74 62 35
0.38 67 73 11 96 17 7 94 77 91 55 65 88 68 71 41 63 44 90 46 40 56 74 9 89 83 3 92 85 79 36 57
0.92 2 78 21 13 81 22 1 69 24 99 91 73 79 56 74 30 18 66 72 0 76 95 49 43 40 62 53 80 61 46 58 96 17 89 15 51 44 77 9 35 94 38 28 93 31 42 85 26 63 84 20
0.46 34 52 16 89 42 40 9 47 75 84 61 72 85 67 54 14 45 13 12 53 80 55 31 6 70 41 68 99 11 44 30 98 29 76 5 2 56 73 58 24 36 92 87 86 71 7 78 20 25 95 32 90 94 79 19 62 35 74 27 57 96 65
0.05 95 8 55 18 41 87 14 80 73 48 51 46 89 25 2 39 61 70 36 65 11 66 34 17 53 94 24 29 42 59 82 20 75 40 54 16 74 31 44 96 7 5 60 81 93 78 26 58 71 83 10 19 3 62 56 0 43 23 68 77 1 21 37 38 64 45 9 67 22 90 92 33 85 76 97 32 49 6 12 30 35 47 99 72 63 4 13
0.75 8 57 68 73 50 20 32 34 58 93 75 3 5 46 60 78 71 63 37 49 40 72 67 81 18
0.57 11 19 89 51 43 90 87 1 10 67 28 92 58 86 31 32 14 70 50 39 2 65 60 13 15 75 24 82 21 94 16 57 78 66 35 63 44 20 95 72 25 22 33 96 61 48 4 8 46 17 30 40 59 7 99
0.37 97 84 28 93 73 11 63 74 87 18 79 19 80 48 54 17 27 45 82 56 77 5 8 25 85 50 39 4 53 24 89 90 47 12 57 70 41 98 58 38 52 6 46 60 22 2 59 81 9 61 23 10 55 62 43 94 71 69 99 67 13 31 40 21 49 42 86 14 68 20 88
0.98 88 77 21 34 72 99 16 33 14 74 70 62 54 76 19 42 27 7 68 44 93 64 80 15 73 57 58 22 92 31 12 83 5 26 47 13 29 0 10 95 90 49 39 23 1 65 79 17 87 56 37 38 82 24 43 53 67 45 94 2 52 69 96 60 28 30 6 8 40 91 4 41 35 78 63 50 86 36 81 98 66 85 32 25 75 51 59 84 97 61 20 46 11
0.43 31 64 60 32 78 5 68 90 39 63 30 54 12 96 51 36 55 92 2 14 74 6 28 72 70 22 33 13 19 16 34 4 48 58 80 41 17 61 73 7 45 52 71 85 10 77 93 24 86 69 81 0 98 57 46 11 65 26 15 35 56 59 88 67 9 76 40 20 37 29 75 25 18 97
0.75 17 14
0.87 67 12 32 40 81 51 13 15 5 25 1 98 99 76 52 80 3 83 60 91 72 77 42 24 20 21 96
0.51 90 3 34 21 16
0.49 45 28 53 9 38 26 48 8 35 62 17 68 74 82 83 30 34 95 63 54 78 72 24 97 73 1 5 2 49 98 7 57 99 44 37 13 41 84 61 60 79 89 94 21 86 59 12 77 3 11 64 65 55 80
0.41 18 80 4 5 76 93 74 35 15 79 33 94 22 28 68 75 38 57 65 56 88 71 55 8 77 44 34 70 36 29 48 46 72 66 16 81 95 54 97 47 9 11 78 52 32 62
0.96 69
0.09 69 70 55 94 32 61 92 47 38 54 37 13 98 79 42 58 28 59 36 11 44 80 25 15 91 75 0 82 89 95 60 86 18 31 22 6 71 53 83 24 2 8 56 27 63 67 90 50 99 77 48 35 74 46 39 30 34 33 51 65 87 1 12 88 73 17 64 26 76 57 85 62 96 72 40 52 19 78 3 97 14 68 9 93 45 21 29 81 43
0.84 68 77 48 80 75 35 81 43 61 20 95 54 82 98 46 34 84 30 57 9 51 70 78 32 62 27 66 85 72 42 50 47 67 19 1 41 91 15 7 4 90 24 93 79 25 29 97 99 94 26 18 22 44 45 2 39 64 37 65 13 55 71 40 31 16 21 12 53 33 86 23 73 3 76 58 11 69 10 28 88 96 92 87 14 52 17 74 6 56 83 59 49 89
0.90 68 88 95 74 7 56 34 63 52 90 4 42 96 47 5 75 35 48 92 61 11 59 9 81 36 28 67 14 91 40 69 70 84 41 31 46 43 20 25 29 2 10 57 1 22 83 65 66 55 32 62 38 23 78 27 50 45 21 54 19 64 73 12 99 85 39 94 89 13 86 72 0 93 44 3 6 98 15 49 58 26 82 18 24 77 60 30 33 79 51 17 53
0.81 53 28 19 65 21 15 73 57 58 43 59 80 85 61 51 62 50 69 6 13 55 27 49 90 4 1 7 56 32 96 5 88 37 11 22 8 14 3 29 72 64 91 31 30 75 24 39 84 17 79 47 25 40 41 89 95 74 98 36 93 9 35 54 97 68 18 10 71 16 23 33 77 60 76 48 0 12 82 26 99 20 46 92 94 83 2 66 87 38 63 42 44 81 78 67 45 34
0.00 25 81 34 15 89 2 66 53 79 71
0.09 84 91 85 99 38 11 18 88 9 97 19
0.53 28 85 11 35 65 46 30 88 41 73 12 70 37 39 78 97 43 81 98 93 74 86 54 75 60 51 1 66 69 22 21 13 95 99 29 84 42 67 77 91 63 76 72 44 31 87 5 96 25 23 79 61 55 38 18 27 9 62 80 14 7 6 59 33 50 64 2 58 24 89 71 47 3 94 20 48 57 53 16 10 8 83 4 52 19 45 40 49
0.10 8 44 21 64 92 98 67 47 97 59 16 36 28 74 61 3 32 79 43 70 66 13 65 15 18 95 37 27 29 93 17 99 0 6 25 20 42 1 75 7 53 4 63 23
0.34 69 18 28 20 63 87 81 64 58 44 32 5 59 12 36 43 3 74 65 92 19 30 93 68 24 72 80 77 61 14 73 45 35 29 56 38 40 76 11 41 39 84 96 15 57 16 34 37 1 22 75 71 9 86 82 90 78 49 33 95 25 21 27 31 85 0 52 6 26 97 53 46 54 98 83 62 55 60 2 91 7 79 51 48
0.31 60 74 45 86 51 15 65
0.34 12 30 77 28 96 87 11 93 92 68 42 52 20 97 90 13 2 49 73 44 83 47 81 10 95 3 40 6 84 58 53 32 38 0 48 98 88 59 61 36 26 1 22 57 7 39 15 19 82 62 46 16 99 33 43 74 29 34 86 79 69 23 63 75 5 64 9 76 70 60 25 4 41 37 80 24 55 72 51 67 65 35 66 27 78
0.83 44 81 77 40 20 86 71 69 50 5 80 87 8 62 75 51 90 45 30 83 94 56 58 27 38 85 95 4 36 24 99 64 25 37 53 6 31 49 29 65 84 57 67 16 19 32 1 93 74 76 96 10 61 98 41 97 73 28 35
0.72 29 43 3 81 95 68 64 14 32 84 31 76 62 22 42 16 35 21 50 72 99 11 1 86 19 56 73 10 20 57 24 8 27 44 5 49 79 75 18 28 71 47 58 87 33 52 77 63 34 17 82 85 91 92 23 40 69 15 36 38 9 66 70 80 61 60 74 7 26 30 48 37 13 94 88 53 93 54 12 25 4 78 83 39 41
0.52 65 66 20 21 75 37 11 74 93 50 83 87 42 16 91 85 79 30 77 5 28 57 32 38 6 29 97 70 35 92 40 47 64 24 2 63 26 62 67 73 94 99 81 68 84 39 49 60 43 52 14 31 80 9 98 58 46 96 76 59 86 44 95 69 89 18 13 53 19 33 36 27 71 17 34 41 7 1 78 56 55 45 88 54 25 22 61 15 51
0.77 64 4 38 22 98 61 15 92 39 40 80 52 18 55 67 25 47 72 29 62 11 75 36 59 48 43 74 45 12 93 46 5 57 95 66 86 96 63 34 33 30 65 13 24 87 79 6 73 9 32 90 50 28 99 76 68 54 69 94 91 8 3 88 1 21 53 0 77 58 14 20 27 37 71 26 51 41 19 82 84 10 7 70
0.85 89 7 15 70 12 14 23 49 38 96 32 53 18 85 75 59 52 0 20 74 98 19 88 6 55 21 4 17 54 94 22 44 35 93 3 91 84 77 25 28 66 82 81 46 47 67 10 13
0.92 10 98 63 31 57 47 55 17 32 22 58 86 79 83 23 25 37 27 8 2 54 88 15 6 40 80 78 89 95 75 91 4 33 94 56 48 0 72 44
0.48 82 85 23 51 40 73 27 77
0.19 3 88 53 42 52 38 93 74 98 68 57 99 92 94 17 71 20 72 30 35 13 25
0.57 98 74 68 17 48 72 19 37 55 21 80 82 12 62 16 8 90 44 18 31 30 23 67 34 13 32 65 11 63 20 54 7 0 4 69 85 92 77 88 91 87 22 99 45 53 61 84 94 75 86 57 39 50 96 70 40 58 9 73
0.20 30 14 55 6 85 83 20 92 45 93 5 99 80 22 35 46 65 49 29 1 95 74 3 34 71 28 16 59 69 41 47 64 42 43 13 72 40 94 52 68 21 0 90 33 78 9 97 10 53 57 89 2 54 96 32 81 7 60 31 84 70 62 50 36 18 67 66 27 8 58 87 39 23 51 76 17
0.39 89 47 5 37 53 46 96 67 16 64 75 1 8 44 14 35 71 99 87 26 80 97 45 55 29 40 12 28 63 2 76 31 66 33 7 78 30 93 74 19 18 21 20 17 0 24 11 10 9 77
0.75 43 12 3 84 44 33 53 32 15 91
0.53 13 59 26 19 35 41 37 61 88 71 18 60 99 53 72 0 6 42 33 14 85 95
0.39 4 96 62 50 39 51 14 26 21 44 60 88 68 86 46 94 97 70 31 2 40 18 89 58 25 91 45 16 10 13 36 71 54 56 24 73 67 48 85 6 98 43 33 34 61 74 37 81 20 22 42 47 63
0.56 4 72 29 51 10 96 86 85 5 49 9 81 91 58 25 3 64 46 48 93 24 38 31 23 45 21 89 70 63 18 79 8 47 84 83 52 77 54 19 30 97 37 17 41 16 22 40 59 36 76 69 26 44 98 78 35 6 33 67 80 92 15 39 2 56 75 13 20 32 82 73 95 27 66 94
0.07 88 56 52 33 35 49 29 45 50 26 77 18 83 25 10 41 34 23 85 21 22 32 80 15 95 76 79 17 92 7 51 72 39 93 71 31 99 42
0.75 18 65 9 80 87 53 60 99 92 77 11 56 50 63 6 89 20 95 41 26 31
0.16 98 72 55 1 75 9 31 77 22 93 16 34 3 56 76 21 99 62 20 58 15 43 40 4 28 87 27 18 0
0.62 53 3 64 58 89 95 54 81 26 48 83 32 7
0.33 18 21 81 42 84 90 61 20 17 76 32 50 83 0 15 57 19 54 70 56 51 69 28 68 64 55 98 94 4 87 13 89 75 25 53 30 48 22 45 96 27 29 52 59 85 40 95 80 71 8 88 16 34 5
0.73 29 17 4 49 1 63 9
0.64 26 68 16 21 27 41 95 79 42 47 22 30
0.97 56 97 76 49 41 30 23 40 38 45 68 48 22 57 74 24 25 28 4 69 70 33 14 94 73 79
0.08 92 85 14 63 15 20 45 31 84 9 67 35 57 51 60 8 36 27 25 43 94 41 7 49 80 24 37 81 0 12 61 70 16 23 4 71 40 17 75 96 73 95 54 58 90 50 68 52 59 86 89 44 78 97 87 22 47 33 29
0.19 59 60 81 80 68 27 75 9 37 70 99 19 20 23 76 92 69 91 95 86 4 98 63 2 58 67 71 3 52 96 15 97 93 40 77 16 31 12 0 55 43 44 28 74 85 45 1 82 64 13 62 11 33 65 84 17 21 36
0.47 35 6 87 25 67 9 19 34 61 36 63 21 17 73 8 85 77 24 51 54 65 84 80 38 10 53 79
0.52 4 86 98 68 3 34 95 47 41 36 82 71 16 26 35 15 77 0 54 12 87 5 28 89 39 97 10 90 96 70 99 20 11 60 78 84 85 50 32 67 18 22 92 8 23 59 21 65 46 13 37 53 27 64 79 74 61 55 17 48 66 40 19 33 81 30 72 31 45 57 80 24 29 83 52 42 58
0.41 74 76 24 28 52 81 59 64 32 97 19 43 23 95 46 70 85 53 45 78 49 68 86 30 99 1 4 33 58 14 77 34 16 72 15 12 79 83 6 51 75 91 92 89 20 65 96 54 57 82 56 11 60 31 73 26 98 9 5 66 2 42 22 94 40 41 39 36 7 88
0.95 39 41 99 86 40 73 25 23 27 64 94 13 62 30 68 4 69 60 37 51 59 77 84 65 91 44 14 63 29 53 5 76 33 34 12 80 78
0.87 28 83 67 82 4 57 6 34 54 24 23 53 62 56 90 26 42 0 39 9 44 85 91 50 17 1 89 19 73 98 38 71 63 18 15 92 74 5 3 84 11 25 8 33 20 2 65 76 78 79 48 13 99 97 95 27 96 22 64 35 51 75 7 30 87 69 61 41 70 21 59 45 60 29 68 47 40
0.39 7 23 78 32 43 3 61 63 4 77 56 33 70 8 39 9 41 49 29 15
