2 100 60 0
31 49 99 58 49 55 63 80 54 96 54 41 15 18 36 70 61 72 95 65 81 77 43 63 95 98 13 72 46 21 13 70 33 99 56 61 53 10 75 14 29 56 39 29 70 28 73 86 28 31 85 15 55 15 89 25 91 81 85 81 27 35 70 45 73 38 56 88 97 25 38 27 47 72 88 92 90 75 52 86 10 64 94 11 82 60 100 77 75 66 81 43 48 43 57 86 72 14 99 44
0.58 15 34 22 98 55 63 13 32 90 75 62 41 58 47 68 66 82 48 17 67 57 46 38 81 93 24 60 16 53 39 54 97 87 14 72 64 94 89 83 37 50 10 40 49 23 21 56 96 70 59 2 29 1
0.13 3 46 38 9 59 87
0.45 54 53 2 49 34 5 48 86 85 95 87 80 12 94 68 66 31 52 45 77 43 28 36 65 93 35 97 70 0 16 25 50 15 42 84 55 74 22 63 79 44 21 57 19 76 71 67 92 9 14 27 82 3 51 64 38 46 91 39
0.12 93 64 65 24 2 71 56 87 12 63 48 55 43 15 69 46 84 10 68 72 96 58 91 88 6 21 5 16 97 73 54 27 17 0 74 90 30 45 85 25 13 40 3 66 57 79 7 99 41 36 76 78 77 29 92 52 67 4 75 19 14 95 37 18 98 42 86 35 33 32 20 34 82 49 53 51 94 81 1 31
0.25 27 5 46 81 58 78 56 0 65 98 76 82 69 97 28 15 42 30 17 92 48
0.25 61 33 96 10 78 68 54 89 5 7 92 3 70 67 85 97 69 81 17 84 75 28 2 71 56 12 48 15 40 24 21 76 46 1 79 29 51 4 86 50 60 35 94 87 95 13 43 32 62 58 93 8 55 34 91 65 72 39 19 53 74 20 80 66 36 30 63 11 41 31 88 0 14 64 99 82 47 59 6 52 9 37 38 25 49
0.98 70 90 81 52 80 67 23 94 4 37 28 65 45 25 95 84 71 47 44
0.58 59 4 29 65 74 66 85 55 54 52 73 9 0 60 50 13 44 40 63 22 28 53 42 47 12 96 35 37
0.99 85 59 16 93 87 8 52 58
0.58 9 29 67 3 90 72 30 92 51 4 99 8 10 58 45 34 63 85 65 78 40 12 91 75
0.88 99 74 3 19 89 86 47 11 49 71 12 27 44 23 75 82 4 40 16 67 10 14 1 20 68 88 87 26 64 33 15 58 30 13 25 98 59 0 45 34 6 8 41 85 78 92 50 9 35 38 2 37 81 93 32 36 79 91 77 63 28 39 69 57 43 60 94 66 73 90 5 46 18 48 97 83 62 95 42 96 22 76 65 52 56 51 80 72 53 7 54
0.92 53 52 43 45 17 85 10 58 42 79 31 74 57 19 47 12 0 29 18 60 66 64 9 87 49 59 90 93 86 30 34 70 98 24 21 5 67 62 46 51 96 25 35 7 32 97 27 77 69 71 4 88 84 95 80 8 68 94 83 41 54 63 26 15 11 40 39 20 13 82 6 44 78 91 50 65 28 1 92 23 36 81 3 33
0.74 9 2 80 64 92 45 54 27 99 93 53 5 33 39 16 61 40 75 20 59 7 72 37 69 76
0.90 13 46 66 53 84 82 83 20 81 62 50 63 92 37 47 69 54 67 44 77 59 89 32 8 85 70 41 96 23 71 40
0.78 49 61 2 55 10 9 54 39 82 13 26 28 99 85 60 50 77 27 79 59 44 65 41 89 78 8 22 34 42 14 98 80 31 58 66 57 35 64 97 36 24 40 72 25 43 30 32 67 3 52 7 70 91 38 17 20
0.74 41 81 20 61 96 32 17 73 26 35 74 53 48 43 38 62 59 60 92 70 90 10 15 27 2 83 79 66 85 49 37 77 78 21 40 65 36 13 58 9 31 5 44 51 18 0 30 82 87 97 84 76 25 22 54 1 69 57 93 95 24 63 68
0.79 54 77 96 75 29 11 12 91 67 23 50 34 81 56 53 6 68 28 38 51 76 48 64 22 90 2 21 4 55 62 58 73 61 88 39 82 42 20 32 65 30 47 93 19 45 24 17 1 57 14 60 16 13 26 25 87 72 33 74 37 89 15 95 79 9 78 92 66 3 43 85 36 35
0.50 81 76 13 64 82 75 53 92 32 9 55 35 99 14 93 85 30 50 45 69 73 46 91 72 65 96 8 38 0 40 20 41 98 68 37 12 21 26 86 7 6 51 3 19 94 56 71 89 4 66 24 60 34 27 28 67
0.77 89
0.18 35 60 80 10 20 39 99 41 59 72 18 17 90 5 53 32 52 87 49 46 67 11 82 73 58 21 88 30 3 68 75 45 76 19 61 0 65 12 47 4 15 23 27 31 28 85 40 34 64 63 93 33 44 13 55 8 62 70 74 7 51 48 77 54 2 24 86 89 66 36 71 43 42 50 94 98 56 92 6 84 16 14 26 25 95 1 79 37 69
0.08 5 49 82
0.19 74 27 37 4 70 80 11 93 5 10 73 25 56 65 85 82 52 29 42 41 57 33 8 55 16 6
0.39 15 20 42
0.85 28 59 4 70 81 3 33 42 11 75 10 1 86 45 25 98
0.32 15 42 94 96 8 25 99 59 39 9 43 74 88 6 72 19 30 29 71 69 58 0
0.09 54 1 20
0.61 34 73 41 97 28 68 44 10 38 31 43 8 50 59 93 96 52 36 69 82 5 46 14 21 77 47 20 0 22 27 49 87 80 4 23 18 84 72
0.76 38 30 69 75 3 92 57 44 81 83 27 58 95 80 97 74 14 65 31 59 53 98 2 88 49 17 61 71 93
0.78 55 30 3 14 51 11 76 90 17 25 52 28 69 53 38 26 85 5 48 44 10 87 20 70 31 0
0.65 87 9 83 16 8 71 73 31 57 78 51 80 69 55 58 30 32 77 17 53 33 13 59 20 46 74 99 67 64 54 92 52 65 98 24 93 97 26 72 4 94 56 22 19 0 81 29 42 96 41 48 45 70 44 90 23 35 89 63 82 79 49 37 66 61 62 47 36 95 75 7 85 3 18
0.69 58 8 65 60 22 15 59 31 39 3 40 34 30 4 50 99 64 29 5 16 94 49 81 44 25 2 52 74 47 57 97 27 93 37 54 36 66 67 92 61 7 82 1 89 6 28 14 88 87 11 56 73 96 62 51 86 45 43 42 53 72 17 90 20 26 80
0.68 71 91 27 40 84 22 5 90 83 77 8 58 16 74 10 2 45 56 81 6 72 20 53 23 31 87 42 26
0.83 0 40 90 21 36 26 25 86 59 83
0.26 59 82 21 22 34 71 8 85 13 7 99 54 42 79 47 75 94 23 92 78 90 24 53 52 27 38 33 87 98 20 63 69 30 84 36 58 65 18 43 76 97 67 61 62 74 60 10 46 50 73 77 44 88 2 66 51 86 41 39
0.06 23 74 76 41 88 70 13 52 5 83 43 85 26 56 82 64 91 19 21 37 46 79 75 63 95 57 38 34 99 31 58 51 11 44 6 39 93 81 12 0 97 27 14 80 86 28 25 3 84 22 71 96 90 68 48 1 77 65 89 61 32 9 8 30 15 92 98 59 47 94 36 20 45 4 24 17 10 69 66 49 54 72
0.86 67 41 28 9 42 81 6 59 76 30 95 61 39 38 63 0 46 87 5 68 50 21 96 3 90 55 82 44 20 57 17 80 75 7 78 37 32 18 58 69 73 98 24 99 65 83
0.63 74 77 60 42 70 17 71 62 83 45 76 8 87 46 75 92 22 16 63 21 27 19 24 9 10 51
0.88 69 2 31 75 59 23 73 45 16 84 28 13 87 94 83 86
0.96 31 25 24 5 87 35 6 77 98 43 55 80 89 44 13 57 41 26 58 49 52 61 59 28 79 42 36 22 75 2 86 11 1 4 15 67 95 7 51 91 54 82 81 32 60 83 8 70 69
0.32 41 46 35 21 38 29 45 1 39
0.53 3 94 28 51 87 84 90 65 9 48 98 72 44 40 1 20 14 78 21 35 36 49 41 83 53 99 71 58 60 95 11 63 75 89 8 96 10 43 12 31 42 0 47 18 73 25 80 88 69 61 54 7 15 66 64 2 6 68 79 82 26 23 57 17 81 19 33 86 13 45 38 67 92 34 50 16 30 62 22 29 27 74 77 55 46 76 39 70 59 93 4 91 97 5 85
0.13 78 91 0 70 28 25 93 53 95 61 29 99 47 62 32 68 52 42 10 18 75 1 9 46 13 87 60 98 41 39 33 94 85 84 40 4 83 80 38 65 48 79 56 71 5 44 14 12 69 64 27 51 34 3 11 16 15 22 37 63 43 2 31 54 6 96 74 81 82 66 57 73 67 35 97 24
0.30 8 56 12 46 29 94 61 92 21 80 68 6 7 10 76 53 82 18 13 34 83 24 72 91 77 88 49 93 67 58 74 45 47 19 42 84 28 22 20 1 96 9 70
0.67 42 38 84 24 3 40 91 39 2 73 50 78 44 65 54
0.22 94 2 79 4 28 66 32 26 61 21 70 71 25 50 12 38 62 43 16 10 44 90 83 37 45 7 18 41 53 84 60 51 98
0.02 53 7 24 90 4 56 75 80 3 9 46 22 71 87 47 48 19 74 11 45 52 77 95 89 50 83 23 16 1 78 94 34 0 61 49 64 72 69 28 54 99 67 44 32
0.57 14 23 64 17 75 47 92 62 31 86 96 56 80 57 28 15 50 49 10 95 19 71 51 5 41 97 53 0 60 98 38 46 4 1 11 40 44 77 2 73 35 85 34 83 22 69 6 24 99 3 48 54 76 8 12 33 39 88 16 27 81 7 26 32 29 42 70 61
0.09 45 57 28 85 91 59 62 15 14 27 41 74 61 52 87 39 56 66 78 54 21 2 81 70 46 9 3 22 37 1 12 48 8 31 50 73 75 92 44 6 55 86 18 71 13 84 83 63 20 24 7 0 49 94 43 4 47 19 11 36 16 42 67 17 64 25 60 35 58 33 97 89 96
0.56 52 51 36 49 67 5 93 43 48 77 7 71 13 30 98 10 96 70 72 65 42 75 85 95 31 39 14 59 20 6 63 25 19 3 86 21 22 24 27 92 18 84 9 37 79 29
0.47 99 5 64 54 90 42 81 14 49 74 98 9 53 71 12 29 70 77
0.12 88 74 93 90 44 13 45 86 81 20 71 76 62 52 16 33 98 21 40 12 48 11 17 79 85 32 34 38 28 41 82 97 92 72 66 80 42 73 5 3 59 2 91 60 4 53 78 75
0.08 90 37 26 54 91 11 24 87 76 20 36 40 56 16 73 4 53 98 42 34 86 38 29 67 66 68 47 25 7 57 96 48 44 1 70 81
0.74 58 94 32 42 51 9 20 75 69 90 35 66 31 79 24 54 60 95 23 26 52
0.14 74 82 38 84 76 57 69 16 66 81 2 23 39 42 11 94 99 49 34 7 15 52 98 43 51 14 48 79 20 32 24 85 80 4 41 54 64 88 50 72 78 35 65 59 10 31 68 30 45 86 29 28 97 96 56 40 0 47 18 95 1 33 75 3 61 8 62 46 6 21 19 53 17 60 44
0.85 30 38 21 6 12 49 70 31 69 25 61 51 85 1 14 88 72 86 73 95 37 79 89 3 9 74 53 91 80 2 7 28 83 22 13 97 45 84 5 71 99 10 20 94 8 90 68 16 93 4 75 76 50 29 23 47 92 59 40 87 67 39 32 33 63 58 98 43 62 0 35 34
0.74 13 44
0.61 47 0 68 85 13 33 78 3 88 36 9 96 10 90 19 75 46 57 15 63 44 86 66 71 67 41 94 79 87 59 31 11 20 17 91 50 49 2 72 83 58 4 89 8 84 98 43 80 21 48 82 39 23 1 64 7 77 38 35 40 99 74 52 22 18 92 70 5 14 12 65 28 60 16 55 93 69 27 62 81 45 51 56 6 54 37 29 61 25 26 53 97 24 76 42 30 32
0.67 77 18 73 51 97 65 33 46 13 98 41 37 71 95 59 29 50 92 4 68 36 40 56 22 11 6 19 8 42 93 89 53 34 38 17 86 21 25 48 12 45 94 75 23 2 9 88 61 49 28 79 69 62 81 44 91 55 14 72 90 83 15 70 1 27 26 52 85 84 96 31 57 32 82 20 99 10 43 63 39 64 67 66 78 0 24 74 35 5 80 76 30 7
0.64 12 93 85 67 56 33 26 18 64
0.13 87 29 4 63 53 81 31 52 47 58 80 69 89 96 97 37 54 83 14 2 1 66 44 21 50 36 60 84 65 57 86 39 32 42 64 70 61 62 19 23 49 99 82 18 74 8 15 27 38 93 25 41 55 51 48 59 67 12 20 10 5 95 17 6 22 79 34 7 88 98 46 43 91 90 73 78 28 11 16 26 9 40 71 35 85 68 45 3 33 76 56 30 75 77
