2 100 140 0
29 51 35 95 86 23 86 73 29 90 99 39 52 35 25 19 94 45 91 72 39 45 40 47 52 37 97 46 28 18 83 49 60 41 72 49 32 89 89 29 86 49 77 52 42 73 32 28 48 66 45 82 44 70 92 44 84 67 85 90 46 75 58 98 100 44 18 94 87 54 76 37 77 49 37 71 55 84 53 74 71 99 51 87 63 38 35 69 100 12 52 90 95 66 17 61 23 51 54 17
0.28 85 52 79 90 66 44 80 70 25 45 7 47 99 71 98 68 39 93 58 81 61 89 75 16 51 31 54 49 72 42 40 94 74 9 34 43 0 15 11 50 38 13 26 64 36 28 29 96 56 10 62 48 14 24 53 57 91 2 33 23 20 21 82 69 67 8 3 76 60 92 59 87 63 1 84 27 17 86 97 37 30 6 22 78 77
0.49 24 80 71 98 48 32 56 3 4 44
0.11 38 94 4 71 33 78 86 61 90 75 56 82 99 69 5 72 39 80 43 26 31 57 36 48 32 23 76 1 21 12 37 7 17 3 40 93 50 54 22 73 52 29 34 46 41 55 60 83 98 63 9 13 79 49 2 15 20 91 67 44 97 10 96 47 30 87 14 16 77 51
0.70 68 33 34 1 25 66 4 73 5 89 18 76 67 42 92 36 12 71 96 32 77 19 22 79 65 20 98 52 57 30 35 80 8 78 44 17 15 16 0 40 3 48 64 58 85 14 72 38 11 60 59 62 63 97 51 88 75 43 47 90 54 28 37
0.74 75 11 15 6 71 87 16 66 44 39 31 26 0 8 54 58 40 65 86 17 41 97 82 78 4 98 22 99 53 37 9 88 32 35 74 62 94 68 91
0.10 6 19 56 70 26 20 23 17 68 85 57 24 30 66 47 91 46 48 0 18 22 88 98 64 9 33 65 29 95 4 5 55 8 27 90 1 93 7 52 49 50 75 60 13 14 81 25
0.59 21 26 83 15 45 48 35
0.64 19 10 15 2 71 94 16 0 89 43 35 83 88 24 45 70 36 87 82 23 61 67 11 29 92 30 1 32 8 22 27 98 25 3 86 57 39 20 38 99 55 46 52 93 69 85 79 47 14 44 56 28 68 40 78 31 5 18 97 65 66 53 74 6 13 54
0.23 63 26 79 16 19 86 92 17 15 81 78 13 36 42 54 11 85 27 5 99 18 32 21 59 33 94 34 72 48 23 40 97 30 47 41 77 60 38 91 98 1 35 45 65 90 37 61 43 9 46 82 71 56 66 31 80 12 53 70 68 96 25 87 58 6 50 4 51 93 57 67 14 7 22 89
0.97 52 26 91 82 51 32 10 27 40 53 34 16 28 14
0.10 6 65 85 72 9 74 53 80 78 45 48 81 55 98 2 11 94 26 44 68 24 59 73 5 90 28 42 54 49 22 89 1 36 75 15 31 58 97 51 37 20 76 93 38 86 29 61 17 33 40 0 57 19 95 35 52 79 10 13 8 43 99 23 66 77 18 83 56 32 62 96 67 63 69 7 92 82 46 21 16 41 30 4 91 84 88 34 27 3 87 25 60 50
0.42 20 73 50 9 39 7 53 41 98 64 13 78 70 12 4 55 92 0 45 90 56 75 97 59 33 68 27 95 15 86 26 76 62 71 25 16 93 43 30 34 84 54 57 66 11 10 49 77 94 8 3 17 63 47 5 52 58 42 82 46 69 22 96 87 38 18 19 91 40 14
0.83 28 76 19 93 8 24 6 66 23 27 81 32 67 5 64 43 59 70 51 29 68 55 61 78 65 84 53 16 9 79 48 38 2 15 97 72 44 89 95 0 94 21 57 80 87 20 71 41 40 91 37 62 75 56 7 42 54 4 50 73 30 1 22 58 45 39 18 12 33 63 77 85 99 69 82 49 31 60 14 47 10 92 3 26 90 52 17 13
0.17 28 79 94 16 72 65 46 53 5 32 87 61 31 95 99 21 63 27 98 84 26 90 38 11 58 25 37 18 23 78 14 42 9 10 44 76 22 68 48 8 70 56 75 91 41 13 29 83 6 73 45 60 24 4 35 39 85 36 54 92 80 40 2 47 51 20 69 49 59 74
0.50 12 98 14 5 70 83 33 37 40 62 61 78 44 34 67 96 66 88 28 54 63 9 15 21 80 60 99 46 39 56 7 69 77 18 51 23 55 89 32 4 45 42 65 22 58 31 36 94 97
0.70 19 38 30 1 58 77 5 9
0.68 0 42 44 21 89 15 24 46 66 93 68 47 25 74 64 78 3 82 6 92 96 2 34 94 4 39 52 8 86 29 87 61 70 22 67 14 56 10 27 30 16 17 77 69 99 31 90 75 76 57 59 26 40 41 50 36 62 11 80 79 9 58 38
0.58 16 77 64 68 49 90 13 45 97 98 33 0 74 61 76 51 56 10 19 78 94 69 17 46 30 58 83 53 52 50 37 86 18 84 22 25 65 57 9 91 38 41 81 20 54 63 39 15 99 6 44 31 11 43 3 59 12 92 62 1 93 71 87 24 70 60 55 40 26 32 4 88 2 95 7 72 36 23 48 66 34
0.10 71 27 29 95 0 35 31 19 10 40 17 47 80 43 58 78 34 81 33 4 50 92 51 83 36 94 57 70 97
0.12 13 26 55 8 90 59 97 19 94 41 92 84 4 52 36 91 15 64 66 51 82 14 81
0.29 86 32 11 9 23 42 97 10 96 75 61 14 72 76 94 60 99 59 5 35 93 57 54 28 41 7 13 80 82 92 69 89 36 63 44 81 43 91 27 68 37 55 46 4 16 56 78 47 98 25 52 51 88 30 90 26 71 38 67 84 6 21 62 24 77 39 53 83 33 66 2 18 49 19 34 50 45 79 48 70 85 3
0.48 42 25 86 87 28 92
0.46 11 77 90 18 27 0 61 36 96 29 42 67 20 57 79 72 89 21 16 69 94 83 5 50 98 59 10 86 43 65 88 7 68 52 45 93 84 4 2 46 35 58 23 51 6 62 55 97 54 76 87 95 13 31 41 74 9 25 92 34 32 39 73 80 17 3 82 14 26 24 60 38 19 37 8 22 78 91 85 75 40 49 71 28 63
0.38 56 11 5 72 80 2 68 20 98 19 24 50 95 64 30 60 48 71 39 92 46 16 79 1 74 40 43 34 90 36 63 55 38 67 22 7 84 62 3 73 93 29 96 97 99 4
0.56 70 71 40 51 97 77 15 5 62 19 47 73 66 16 63 99 91 90 29 80 61 28 93 75 22 59 13 44 79 2 9 64 94 12 72 46 53 88 38 7 14 84 56 8 82 21 89 18 41 96 1
0.31 42 94 49 95 0 98 44 68 70 38 10 20 48 5 28 83 59 85 88 36 35 18 33 87 56 11 60 71 47 29 92 62 19 65 13 73 66 61 40 45 69 25 24 6 52 81 79 37 97 64 72 55 43 3 26 1 34 39 41 31 27 9 16 2 15 91 77 76 82 78 32 84 12 14 99 58 54 46 53 23 17 50
0.53 45 27 67 99 77 28
0.35 16 22
0.23 40 35 95 12 78 90 44 5
0.08 21 17 22 10 53 56 33 95 51 55 49 35 47 39 6 69 43 8 18 52 82 15 23 11 5 20 57 13 67 58 66 28 42 74 93 86 24 26 2 62 41 3 40 88 84 65 63 0 37 75 46 9
0.27 19 34 88 85 2 11 26 59 60 56 78 98 89 65 74 92 66 95 6 23 38 52 72 94 75 14 3 28 79 81 7 45 35 12 97 58 61 4
0.93 25 15 90 32 23 82 1 67 9 36 60 33 72 40 81 5 98 48 27 79 52 10 96 47 65 0 6 26 84 7 66 46 16 75 57 95 24 64
0.55 73 97 25 55 48 72 10 70 81
0.53 80 10 20 72 29 19 14 47 69 51 61 85 16 58 37 40 91 52 46 43 12 22 27 8 30 93 15 44 54
0.70 87 88 76 23 73 40 92 30 20 69 75 58 35 37 59 22 25 66
0.90 96 63 47 20 72 10 84 39 28 82 73 17 59 19 41 13 62 48 0 33 29 36 93 69 91 12 56 81 31 37 4 97 53 2 98 88 5 1 55 11
0.89 64 5 90 70 20 41 60 87 53 97 79
0.19 0 22 30 86 14 11 4 91 45 93 53 32 82 36 38 69 33 17 92 65 64 20 21 40 75 42 67 6 71 31 43 27 98 94 85 28 23 7 78 41 96 97 87 80 46 73 50 68 16
0.50 82 57 85 80 7 33 76 16 54 60 77 75 65 38 45 99 72 59 64 42 34 88 27 68 1 23 19 36 29 52 66 63 51 2 55 15 86 71 9 90 17 78 40 48 3 44 13 25 50 98 5 56 89 28 67 73 41 79 24 30 46 26 21 74 81 4 14 11 31 12 53 6 93 62 32 43 69 0 92 10
0.27 55 40 68 61 43 75 29 62 60 1 5 26 37
0.70 31 75 44 15 76 10 86 87 68 89 83 70 28 1 5 62 54 17 16 33 95 98 55 36 96 81 72 43 35 22 39 84 47 12 37 79 64 88 0 48 57 7 66 49 91 11 69
0.33 78 52 32 60 30 59 94 46 75 42 36 93 49 5 44 54 35 89 88 45 6 73 74 22 70 61 67 92 19 24 15 8 11 4 66 56 3 21 58 1 72 90 13 79 23 18 20 77 27 12 80 55 53 63 16 76 48 57 69 29 40 86 82 91 31 38 71 87 0 81 99 34 68 9 25 37 33 7 2
0.12 22 30 4 23 21 16 10 73 1 27 75 99 68 58
0.34 10 36 81 30 44 29 24 68 20 56 38 1 73 92 98 3 53 35 94 2 74 86 59 95 58 19 54 99 0 37 14 48 78 82 40 84 31 25 26 57 72 69 75 7 27 41 55 33 12 90 61 4 11 32 66 79 9 21 60 97 70 42 65 46 28 5 39 51 50 45 6 13 62 43 49 34 71 88 17 64 67 96 89 52 22 47 23 16 93 18 76 63 91 8 83 77 85
0.47 18 50 75 60 22 12 93 14 66 47 65
0.21 68 87 40 21 57 32 65 84 76 13 55 52 56 77 75 0 2 14 48 42 5 59 37 39 70 20 78 29 91 61 72 31 63 62 54 51 35 93 33 44 6 74 30 69 81 43 12
0.21 50 78 77 26 68 45 46 76 0 20 39 10 91 5 86 96 97 59 16 8 51 62 11 4 58 25 93 47 81 7 94 40 80 18 2 89 74 12 90 34 55 24 61 54 38 49 1 63 28 9 98 15 69 22 57 30 3 42 71 85 60 17 99 43 87 6 37 70 56 65 41 32 31 36 66 14 48 23 88 79 35 19 53 75 92 27 84 13 33 44 67 21 64 73
0.56 20 42 14 5 84 68 54 75 76 88 4 70 7 64 29 11 34 96
0.65 27 49 52 19 43 62 48 2 31 30 12 88 82 92 78 66 72 22 69 97 64 5 85 55 68 28 60 26 57 9 15 70 74 16 11 24 35 50 38 86 89 44 76 45 84 58 32 47 17 0 23 77 93 67 21 10 79 90 40 18 8 56 94 29 46 81 59 1 34 99 63 91 98 36 73 87 95 6 96 65 42 53 41 20 51 33 75 13 39 71 80 25 61 7 83 37 4 14
0.52 16 96 35 85 25 83 46 88 0 74 72 14 38 33 61 70 44 36 13 90 62 64 56 63 7 22 82 34 31 59 69 42 4 54
0.13 93 17 37 79 55 0 75 50 30 52 99 8 27 12 36 81
0.77 8 67 35 2 93 86 77 30 5 98 31 73 39 52 15 68 90 72 97 83 37 70 21 60 33 22 50 7 95 94 38 61 1 53 89 44 46 29 84 75 71 3 87 6 20 26 48 76 62 4 19 0 9 79 42 66 99 13 78 88 58 18 40 63 47 32 81 45 54 92 14 80 24 43 23 36 41
0.38 16 62 61 35 1 2 9 91 70 90 43 94 66 23 15 11 97 48 87 3 44 36 20 75 18 54 68 96 58 71 84 31 57 26 85 32 79 4 83 33 28 38 5 51 98 46 95 34 88 41 63 29 72 10 67 47 82 0 8 42 25 24 17 69 12 65 39 49 55 13 64 76 52 78
0.03 11 4 12 61 40 74 5 96 89 8 43 9 55 69 53 87 84 27 56 13 71
0.49 33 25 37 18 4 63 75 28 83 93 36 67 56 94 71 54 47 85 26 72 5 17 23 60 98 0 69 6 24 99 91 9 68 40 11 22 46 84 73 45 42 97 38 86 16 82 29 7 57 96 8 64 53 66 76 10 48 58 44 51 20 74 52 41 59 13 27 88 3 80 12 55 70 35 87 78 79 62 2 65 95 90 43 50 15 81 61 34
0.92 37 79 15 9 84 56 82 85 98 51 24 3 60 89 71 22 21 88 67 28 90 94 57 30 93 29 34 77 7 42 31 99 13 48 25 61 92 81 38 50 36 8 1 35 5 41 12 45 95 39 72 78 2 74 68 17 10 55 69 59 6 62 66
0.48 45 7 59 65 38 11 10 29 37 54 46 23 82 31 85 80 39 8 77 16 51 53 35 63 52 61 44 5 42 90 99 55 15 30 78 71 50 84 75 13 2 36 32 73 87 12 21 60 56 92 25 94 62 72 27 40 76 20 28 48 95 19 49 18 6 34 98 43 3 26 0 33 64 24 67 41 70 88 79 66 1
0.07 40 11 9 43 83 81 20 0 62 56 73 33 76 34 84 2 54 25 23 32 49 50 63 78 48 8 35 18 74 44 26 94 19 59 53 37 65 5 92 36 42 17 12 1 82 72 80 45 21 77 98 30 70 52 14 27 68 90 51 95 96 67 69 15 97 88 31 60 87 93
0.52 63 82 20 46 67 47 77 9 95 76 10 37 3 78 21 34 22 92 61
0.06 95 41 42 98 13 35 1 91 9 7 14 65 83 5 15 16 40 18 71 82 17 67 55 80 26 39 29 45 93 76 36 23 12 19 79 38 74 89 43 73 75 51 53 50 68 47 62 59 94 96 34 90 54 25 37 30 21 99 60 32 88 22 2 0 20 27 63 81 64 66 44 69 77 52 58 78 28 72 92 56 31 84 3 86 4 46 87 48 70 97 11 49 10 57 33
0.60 41 10 19 96 98 46 12 39 50 5 80 94 42 47 72 73 16 53 60 88 56 44 35 76 74 40 95 26 15 6 51 3 11 61 91 55 81 20 36 29 78 21 62 8 2 52 24 7 28 43 1 25 86 14 45 13 77 92 82 18 31 93 0 38 68 48 59 49 85 64 65 37 84
0.10 40 8 65 57 89 39 86 50 78 70 20 43 6 68 18 96 19 13 71 59 85
0.02 4 2 7 33 56 6 18 39 41 17 73 87 24 81 51 65 31 13 27 86 80 62 28 37 60 96 26 43 25 59 1 68 23 5 14 32 49 47 92 45 93 64 48 36 42 71 19 85 97 94 55 91 15 82 66 8 50 44 74 38 35 69 67 99 95 89 52 76 21 20 40 79 30 0 83 34 84 46 61 53
0.30 70 51 98 87 73 25 9 58 0 29 31 71 5 48 35 76 45 37 24 68 42 2 86 64 47 90 52 74 53 8 26 40 33 97 96 49 15 32 75 38 46 83 34 69 43 79 72 57 77 39 16 88 17 27 95 59 44 99 50 6 85 65 30 84 55 82 60 94 61 22 1 3 67 91 20 11 54
0.58 33 81 41 64 31 76 83 34 26 49 36 95 58 57 74 92 98 7 39 28 55 11 97 46 3 87 43 72
0.12 16 39 21 14
0.63 60 11 1 39 23 63 21 94 88 13 35 90 45 25 4 99 14 68 53
0.35 97 48 85 91 76 43 70 24 56 26 2 96 72 50 68 81 80 77 83 20 18 60 89 51 3 38 98 79 27 95 66 44 17 37 7 65 58 30 33 86 57 25 12 32 69 11 5 78 28 10 13 47 0 94 61 82
0.93 33 5 4 41 73 2 54 79 37 77 16 3 20 25
0.55 78 81 73 80 12 65 69 67 0 43 82 51 1 37 10 29 38 54 22 47 53 87 79 27 42 13 11 94 33 46 3 14 35 48 7 5 19 91 40 88 24 62 95 4 96 76 28 72 44 15 92 50 55 52 93 63 71 75 26 6 98 70 89 45 64 49 30 68 77 2 16 57 83 31 23 97 74 20 86 56 39 36 25 18 32 60 9 85 99
0.02 61 82 40 46 47 59 98 2 32 33 83 69 36 39 41 49 8 38 95 67 34 37 88 99 5 28 44 18 65 6 89 70 55 91 73 45 3 29 31 97 63 68 93 25 56 43 85 52 10 74 84 16 12 26 20
0.70 40 85 53 13 2 22 90 55 16 15 37 61 74 82 65 39 95 92 45 4 38 94 5 84 97
0.02 5 57 81 4 80 0 47 40 51 66 8 34 78 38 50 62 39 26 46 23 95 25 99 1 21 93 37 77 92 32 58 68 89 69 42 52 71 49 11 61 12 70 31 24 41 88 79 45 20 54 76 6 64 94 36 82 83 3 65 59 43 60 73 55 48 2
0.83 68 7 56 90 41 17 88 21 72 27 83 32 86 63 33 93 73 15 35 14 38 1 47 84 91 40 78 29 13
0.80 39 4 76 34 72 2 98 93 88 45 15 75 56 9 21 31 3 99 92 67 53 55
0.98 47 10 5 79 20 3 23 18 72 76 53 90 54 58 42 9 46 64 98 48 15 30 27 68 86 21 44 28 25 80
0.96 63 90 53 62 81 55 89 43 0 79 33 30 40 69 39 13 73 91 2 48 80 18 82 74 46 75 60 22 10 7 84 4 8 57
0.72 13 84 96 36 79 59 74 64 99 32 95 33 0 76 58 10 86 24 18 34 47 50 46 28 87 69 35 40 39 15 30 26 68 75 7 60 49 85 29 65 25 2 67 9 48 3 57 82 73 77 12 72 20 61 71 91 97 56 21 17 93 63 6 38 5 83 22 44 16 54 55 53 92 88 4 94 70 42 78 11 81 45 98 80
0.92 46 29 75 6 7 1 71 87 57 96 59 63 37 91 78 54 86 82 88 60 52 66 42 93 4 13 20 2 10 47 5 32 43 9 26 81 89 35 84 33 55 11 97 36 51 73 58 19 39 28 99 25 44 22 68 40 67 65 31 79 62 95 90 38
0.76 27 57 80 95 46 22 17 74 29 56 83 53 89 81 69 48 34 62 88 87 85 94 23 15 4 7 31 19 99 8 65 67 1 50 0 72 26 60 18 25 30 37 41 82 92 70 93 84 9 66 52 28 45 20
0.51 98 14 56 31 36 63 57 26 78 93 96 86 7 97 85 91 71 94 49 62 37 19 17 33 65 84 79 46 95 5 64 8 24 67 99 27 22 70
0.58 39 45 17 54 32 48 52 29 5 86 40 44 55 63 58 77 80 67 4 35 1 2 59 53 13 50 10 83 38 3 51
0.97 84 63 10 26 12 75 91 73 20
0.50 93 41 61 21 43 46 10 74 42 24 39 6 79 37 28 36 76 98 16 67 88 75 55 86 77 57 11 80 8 66 31 17 40 71 97 1 83 32 44 5 84 94 45 87 92 23 29 33 99 25 49 19 34 81 18 89 9 22 64 63 72
0.78 46 83 18 90 29 73 27 69 92 56 98 31 82 32 35 20 59 80 55 52 97 49 3 19 76 14 44 94 65 23 7 12 30 88 54 67 28 62 75 48 61 70 51 66 64 4 78 6 36 68 85 22 24
0.08 13 42 58 73 99 88 49 12 15 21 76 39 72 5 63 66 24 6 77 71 26 94 29 79 4 25 70 52 43 74 92 60 7 90 82 81 97 16 67 8 78 89 41 0 83 86 40 69 31 27 1 65 2 22
0.36 75 10 64 45
0.39 79 29 59 33 96 83 16 51 42 89 9 91 5 26 95 97 66 86 90 27 64 78 28 38 25 47 73 20 69 8 41 4 84 92 19 81 44 10 43 82 65 63 15 0 48 93 87 71 32 35 3 34 7 17 77 45 23 12 60 46 36 2 31 80 11 6 76 74 67
0.39 4 58 80 78 77 89 41 32 11 60 98 67 27 17 31 13 2 52 68 64 42 12 50 37 38 29 72 39 14 69 21 18 82 94 6 43 87
0.50 52 46 45 91 60 29 53 32 42 22 26 31 13 4 65 56 17 2 44 3 92 21 76 30 39 14 5 49 78 0 94 90 34 10 64 20 69 93 98 18 84 57 33 66 9 88 25 12 83 77 43 1 72 74 36 79 55 27 54 16 85 48 35 8 19 23 73 50 87 71 67
0.96 64 12 38 22 53 62 36 46 2 35 52 73 26 5 93 91 50
0.57 93 73 39 23 40 28 41 83 12 95 74 17 98 75 18 54 13 55 6 92 10 48 47 32
0.49 76 53 92 1 7 86 77 24 40 79 50 72 56 54 61 96 5 88 82 95 74 18 14 44 42 51 59 28 29 8 21 73 15 85 36 16 98 48 67 32 66 49 91 80 75 25 68 11 31 93 3 65 13 10 26 39 33 23 57 45 43 0 6 58 47 27 4 55 60 78 62 69 19 52 84 38 71 30 63 64 81 94 17 97 99 90 70 83 34 20 41 87 89 22 37 2 12 46
0.91 51 39 29 57 19 50 63 14 65 42 87 94 12 92 79 83 23 9 86 82 7 95 73 26 64 17 54 45 81 47 62 41 25 31 11 77 16 80 2 24 88 72 55 97
0.66 63 52 47 94 62 21 92 33 45 24 26 34 66 18 16 90 56 14 31 98 58 7 38 91 88 22 64 55 9 42 89 49 71 8 80 11
0.34 38 32 33 77 66 27 86 34 96 52 7 73 25 28 18 49 71 64 26 79 14 6 35 48 3 69 59 81 85 24 89 41 68 87 39 67 76 11 57 15 42 36 43 22 40 72
0.16 36 61 69 56 58 3 95 96 75 45 71 99 18 35 50 62 13 54 80 4 26 43 39 87 66 74 88 44 40 47 86 85 17 2 98 68 15 33 57 84 93 51 41 82 0 6 20 63 78 37 79 1 38 28 21 29 72 23 73 46 55 9
0.31 15 99 10 12 35 3 40 4 42 23 66 94 44 45 34 21 53 30 86 67
0.81 74 11 3 10 97 85 96 78 31 25 90 47 19 57 1 4 51 70 67 49 89 39 20 9 21 6 14 63 40 66 24 64 5 62 33 76 29 77 80 87 41 0 37 30 61 18 53 16 68 32 34 38 79 83 2 13 48 15 50 93 73 59 12 46 82 56 44 91 7 75 92 17 35 95 36 23 45 58 43 94 27 52 26 42 28 86 72 84 88 99 8 22 81 65 54
0.33 19 50
0.56 43 77 44 16 5 33 69 26 18 71 14 38 25 86 90 60 50 40 20 81 45 12 10 85 24 84 91 70 48 41 42 67 21 87 97 39 62 11 31 59 73 35 61 17 95 47 65 9 3 4 27 2
0.93 8 17 90 33 87 22 77 89 78 74 38 70 79 73 91 96 81 66 34 5 56 67 88 95 55 10 11 4 6 31 64 3 41 75 18 76 54 21 94 25 2 12 24 1 50 80 72 93 47 69 46 85 97 23 48 36 52 20 37 45 68 92
0.33 98 92 83 91 11 0 99 64 90 14 24 60 53 41 71 48 6 40 36 37
0.92 2 54 18 34 44 77 9 20 96 93 92 37 38 52 59 61 47 90 1 39 4 64 67 99 6
0.83 35 60 91 46 84 83 95 43 23 93 77 79 94 17 66 78 74 33 49 56 87 29 53 20 40 26 88 1 80 64 99 12 4 58 69 92 7 70 18 14 76 50 24 68 5 9 97 72 42 31 16 27 73 13 39 6 45 44 2 85 47 34 15 61 54 51 65 59 52 38 98 86 67 28 11 30 90 41 10 82 3 71
0.07 38 77 63 26 65 56 58 74 3 52 69 37 32 18 16 49 4 89 61 98 0 41 9 81 67 76 91 27 22 83 96 92 33 6 90 46 40 62 17 55 70 50 7 99 64 36 43 82 53
0.41 81 20 90 17 18 38 13 77 63 21 87 40 51 36 73 60 88 42 25 67 10 7 11 70
0.12 36 57 93 5 44 0 98 19 81 40 50 20 83 34 53 17 49 1 27 31 10 82 78 97 55 35 32 52 68 95 8 73 65 9 45 63 61 51 87 41 24 75 59 22 84 58 70 99 14 72 94 15 48 76 26 6 60 21 88 3 56 67 16 29 79
0.29 78 36 12 0 20 92 50 22 70 68 97 33 41 10 45 18 53 48 87 84 21 75 27 52
0.77 90 27 11 63 66 3 82 92 15 1 51 98 44 48 10 30 38 52 42 46 57 13 97 4 64 81 73 36 47 6 53 75 8 18 88 77 50 33
0.14 14 8 0 46 32 21 43 66 15 77 38 76 10 39 83 84 89 54 69 5 94 78 63 52 92 96 35 12 33 74 20 4 90 57 82 88 53 36 27 30 47 17
0.43 74 83 14
0.66 24 81 63 3 74 82 67 69 64 11 90 20 80 97 7 60 71 36 85 76 22 93 31 57 40 45 43 72 75 4 12 70 10 51 23 0 87 41 32 94 6 58 98 14 78 86 34 39 13 48 26 53 54 49 42 56 18 21 84 96 83 29 27 38 28 30 79 52 25 65 9 17 61 50 44 59 19 2
0.79 91 81 60 92 72 15 43 58 39 42 45 59 87 8 61 23 37 56 3 48 32 84 98 80 57 9 74 27 11 2 66 10 13 47 21 5 0 24 70 49 38 4 68 65 50 76 55 73 46 44 26 90 14 34 29 99 78 71 33 69 83 64 51 63 35 93 25 88 28 94 75 77 85 22 97 54 52 41 96 7 30 12 67 31 82 53 40 62 20 16 17 89 19 86 6 79
0.15 56 25 12 34 97 26 58 94 37 98 51
0.37 26 9 14 34 25 29 50 97 24 68 60 23 18 87 73 33 71 58 1 65 78 39 64 40 59 52 93 5 27 81 98 53 36 76 85 70 74 32 45 46 8 30 66 11 42 2 95 88 6 47 54 20 84 99 15 7 92 41 10 19
0.51 79 38
0.28 26 95 82 33 97 12 60 7 27 80 8 31 55 43 78 44 69 24 90 86 15 40 9 93 1 28 11 91 16 48 81 85 36 46 13 76 30 89 49 75 25 65 87 54 96 50 64 21 92 61 29 56 18 37 39 41 4 79 38 67 0
0.92 18 39 33 45 74 22 73 16 87 63 93 56 53 15 79 42 27 46
0.16 57 69 53 31 73 93 22 28 4 86 82 46 35 36 98 70 78 79 55 76 15 3 51 84 41 18 54 89 42 92 44 97 14 8 24 66 80 19 1 56 71 16 75 5 39 74 23 34 91 12 37 11 7 72 64 88 43 29 10 60 2 47 6 21 30 20 87 99 90 17 45 40 50 26
0.82 47 18 73 77 17 11 88 75 15 68 93 25 23 0 24 19 32 62 89 81 10 40 20 41 38 29 58 14 54 65 55 78 57 96 56 69 12 21 34 35 8 97 94 2 91 53 28 76 71 84 66
0.91 75 23 29 3 68 89 45 67 78 72 37 12 1 41 32 96 63 55 47 66 17 53 21 80 7 88 8 57 58 4 98 38 11 30 77 48 52 50 43 74 91 42 70 34 13 36 79 33 94 60 39 97 54 65 87 5 83 44 19 35
0.40 14 22 13 63 54 61 29 15 90 50 18 38 69 16 26 0 46 76 52 39 31 93 7 32 10 98 44 3 79 83 96 67 77
0.97 79 52 0 46 47 40 30 11 61 56 42 78 26 24 99 86 59 22 16 53 8 65 17 2 51 74 66 81 38 50 64 5 75 37 83 10 34 12 55 9 4 60 39 25 35 80 23 73 94 72 28 97 44 58 68 33 91 71 31 32
0.34 9 37 82 87 49 81 72 70 86 78 50 93 57 85 21 92 35 11 64 15 55 89 67 52 97 32 65 77 12 90 59 23 20 27 29 1 26 63 22 36 98 14 80 28 16
0.15 11 2 57 28 38 15 27 94 88 31 50 99 24 10 35 82 54 47 44 32 5 21 65 26 56 93 70 14 34 95 59 96 64 0 43 41 29 3 77 49 55 1 20 7 46 9 90 22 52 53 12 30 87 6
0.44 95 30 41 48 19 54 2 49 13 58 80 61 78 50 70 27 99 37 59 87 47 91 46 18 82 40 93 94 85 74 73
0.79 66 90 5 30 92 62 93 15 81 22 72 52 67 29 65 36 7 21 56 10 3 94 80 64 37 68 85 69 31 19 35 44 74 2 20 84 25 4 6 82 53 34 59 76 28 27 86 75 49 0 50 99 70 54 12 18 17 57 16 89 33 63 13 41 14 8 83 88 58 87 24 79 32 43 39 38 11 45 96 48 42 95 55 97 1 91 40 71 46 61 51 26 73 23
0.90 66 26 33 54 55 52 71 77 36 87 85 91 97 16 50 93 74 25 22 19 15 79 94 56 38 35 75 57 73 90 83 6 39 24 41 49 48 29 0 30 11 51 88 95 43 80 47 3 12 60 1 96 40 4 18 8 27 7 98 84 78 81 62 46 23 65 92 28 5 13 64 45 10 58 31 37 89 53 70
0.53 74 1 77 81 83 12 11 0 3 34 18 97 22 40 6 53 67 19 38 4 35 42 51 13 72 2 10 50
0.82 84 36 15 1 4 93 72 54 35 32 24 21 46 19 13 80 96 73 55 74 42 29 94 28 11 69 86 66 87 27 81 51 61 49 90 77 37 89 57 91 99 16 67 48 12 10
0.93 67 37 47 2 57 48 28 80 59 34 51 70 39 79 20 3 92 87 24 38 93 30 9 88 61 5 65 10 62 23 76 85 49 50 15 32 36 68 46 91 45 94 97 77 22 73 0 12 86 42 53 60 64 13 58 52 56 83 89 78 71 81 54 74 99 40 63 43 90 98 72 27 17 55 6
0.36 47 76 74 78
0.34 82 90 26 68 99 33 92 25 55 97 56 98 34 12 11 29 85 17 50 39 79 48 54 53 18 67 66 14 45 95 4 41 77 84 62 43 19 64 10 6 61 2 69 40 60 80 23 5 16 74 22 96 27 91 65 0 42 73 72 58 71 75 37 31 24 78 15 35 51 52 70 20 3 8 88 49 32 46 28 83 86 36 57 76 1 38 7 93 59 9 81
0.13 57 27 15 93 11 77 92 3 61 55 23 7 33 34 76 83 51 24 79 29 97 35 88 39 46 49 22 44 96 48 90 60 38 84 72 21 36 99 8 2 54 9 16 50 68 5 0 52 91 19 94 4 56 47 82 37 74 65
0.37 59 60 1 57 25 84 41 56 21 82 30 67 96 22 16 76 83 29 85 66 94 80 89 10 37 13 40 87 62 52 95 93 15 12 33 99 58 92
0.68 87 74 81 89 63 9 98 80 5 92 43 95 34 40 4 44 10 84 17 60 61 28 35 67 94 47 75 69 91 55 66 33 50 52 57 20 45 39 71 62 51 6 97 93 78 64 85 96 18 8 19 36 37 2 83 38 25 54 99 16 86 59 88 68 41 48 13 24 65 49 1 12 23 31 7 32 14 77 73
0.82 17 6 26 99 67 36 47 28 85 69 34 46 89 18 49 61 45 94 23 35 50 91 56 11 43 97 66 71 3 0 24 59 68 38 20 52 53 74 7 90 54 75 37 42 76 92 64 84 5 55 62 30 25 41 9 31 88 87 33 82 93 14 73 60 81 32 40 79 65 96 1 72 57 12 80 44 22
1.00 30 70 90 81 10 31 74 5 28 48 47 87 26 66 44 85 34 68 1 77 83 86 60 20 36 33 61 59 45 8 73 96 84 29 2 49 75 80 78 42 32 50 72 53 27 99 57 67 38 4 14 40 41 6 46 56 62
0.83 82 3 18 78 32 85 53 22 73 16 96 7 30 4 6 45 17 64 89 97 79 29 86 88 99 98 91 12 35 41 0 10 94 93 58 9 92 62 26 54 52 11 44 77 51 39 25 60 59 67 13 21 72
