2 20 28 2 12219.13
26 44 17 26 38 93 39 83 94 47 54 81 80 26 47 39 72 61 82 44
0.52 18 0 5 11 15 19 7 9 3 10
0.84 7 16 9 10 11 1 4 15 19 8 17 14 12
0.61 8 14 11 2 7 9 19 1 17 12 3 16 6 13 5 10 4 0
0.09 1 15
0.50 17 5 6 14 7 18
0.72 2 9 19 17 6 10 8 15 12 16 3 0 7 1
0.65 2
0.23 11 2 19 4 8 1 5 10 9 12 16 15 7
0.65 10 4 8 19 17 11 12 1 14 5 15 16 0 13 2
0.90 1 6 0 11 5 13 14 4 9 16 15 2 10 8
0.17 7 2 12 16 11 1 14 17 9
0.69 15 18 19 16 14 11 8 1 4 13 9 3 17 2
0.34 6 4 12
0.93 1 16 15 3 9 14 12
0.47 11 3 0
0.41 16 3 19 12 14 13 8 6 9 0 5 15 11
0.07 5 15 9 4 10 8 17 1 3 2 19 14 0 12 7
0.49 11 0
0.31 1 11 0 3 18 4 6
0.40 14 10 19 11 15 12 1 17 2 3 5 7 6 13 0
0.80 11 12 4 6 14 2 3 1 13 17 15 7 10 5 0 18
0.33 3
0.43 2 7 3 19 10 1 5 14 13 16
0.76 19 5 18 16 4 1 10 14 9 2 8 13 3 17
0.53 10 18 8 12 1
0.66 17 4 7 18 13 8 10 9 5 16 14 3 2 6 11
0.33 3 9 2 18 10 5 13 15 0 17 1 12 4 8 14 11
0.58 18 9 7 6 1 14 3 15
