2 20 28 1 14944.27
23 92 27 64 66 80 61 89 14 79 20 85 57 45 63 73 98 72 85 30
0.20 14 9 8 16 12 5 0 18 13 11 4 3 7 15 1 17 19
1.00 12 11 2 8 7 4 10 18 9 17 5
0.66 3
0.94 12 5 4 8 11 14 2 13 9 19 15 1
0.36 5 11 6 4 9 8 12 15 13 18 7 3 1 19 17 16
0.08 17 6 13 14 9 18 1 12 19 4
0.68 6
0.26 11 15 19 4 12 13 18 7 6 10 8 3 9 2 1 0
0.08 13 14
0.94 0 17 6 1 4 5 12 9 3 7 10 19 13 16 2
0.77 8 2 16 0
0.14 18 14 15 6 7 11 5 16 9 12 19 3 1 4 2 8 10 13
0.78 5 10 17 2 0 1 12 16 18 11 8
0.74 14 2 1 3 16 0 13 9 10 4 18 8 11 12
0.97 19 14 18 0 8 7 16 2 5
0.56 13 1 17 2 19 12 11 6 9 18 8 5 0 3 4 7 14
0.93 18 5 7 2 3 10 12 4 15 13 1 19
0.06 17 4 6 3 8 14 13 0 1 2 12 15
0.46 9 16 15 14 17 11 8 1 19 6 18 7 5 2 0 12 13
0.82 6 15 4 3 13 12 1 18 19 11
0.96 4 5 0 10 15 17 3 19 1
0.04 17 0 1 15 14 13 5 9 10
0.35 0 13 4 3 1 2 5 15 14 12 18 8 11 19 16
0.61 5 7
0.43 8 17 13 14
0.97 14 11
0.66 9 5 15 10 16 14 2 12 18 17 4 13 0 11 8
0.44 2 13 12 19 10 8 15 0 6 18 1 9 5 16
