2 20 20 0 8113.82
40 85 31 89 28 34 27 48 46 85 66 78 13 91 70 82 66 12 11 31
0.91 4 3 8 11 17 13 1 18 5 7 14 6 10 0 16
0.22 10 16 2 4 17 14 8 3 19
0.09 4 6 5 16 14 15 17 11 1 8
0.26 7 5 11 15 13 18 6 4 2 10 19 3 1
0.78 17 3 5 14 1 7 9 15 16 13 18 6 4 12
0.75 10 1 19 11
0.37 0
0.66 13 4 17 18 12 8 1 19 16 15 3 6 9 7 5 0 10 11
0.03 18 4 16 9 10 11 6 1 3 2
0.20 13 5 7 11 15 19 16 8 0 10 9 6 17 1
0.87 7 9 18 5
0.58 17 4 14 16 8 3 7 15 1 5 18 12 0 2
0.34 12 2 6 10 17 19
0.99 4 5 10 3 16 12 7 17 2 0 18 13 1 9 6 11 19
0.54 18
0.46 14 12 11
0.89 6
0.90 11 16 6 4 13 10 2
0.85 17 16 13 7 12 18 9 10 2 8 11 4
0.78 19 13 10 1 7 4 6 2 18 15
