2 20 20 1 6616.54
95 65 88 40 81 20 30 51 77 34 14 97 19 20 41 67 54 25 95 28
0.57 5 10 15 13 0 16 18 1 11 2 19
0.68 9 0 2 4 1 12 16 8 17 13
0.36 3 18 17 9 6 11 5 19 1
0.54 8 16 19 9 14 4 5 6 17 7 13
0.97 2 17 8 6 10 4 1 3 7 13 15 16 11 5 0 19 14 12
0.47 4 15 12 17 5 9 14 8 11 19 18 13 7 1 10 0
0.08 13 1 11 2 9 6
0.20 7 3
0.05 1 0 7 12 6 8 18 2 14 10 9 16 4 13
0.24 1 4 8 17 19 7 14 9 12 5 13 0 6 10 16
0.93 2 19 16
0.72 2 6 17 14 19 7 0 4 12 10 11 16 3 8 13 1 15
0.28 5 16 17 2
0.25 14 19 13 3 15
0.81 1
0.48 19 11 15 5 10 16
0.21 0 6 14 18 13 2 11 7 8 9
0.70 1 18 0 2 19 14 9 6 12 7 3 4 10 5 8 11 16 13
0.03 8 1 11 12 16 19 9 6 3 18 15 10 0 14 5 7 13
0.19 6 1 9 12 5 15
