2 20 20 2 8649.36
14 39 66 88 38 70 15 77 86 34 100 11 96 10 30 92 37 93 90 73
0.75 11 1 3 16 13 7 14 6 10 12 18 19 0 4
0.55 15 6 11 9 4 18 12 1 16 3 19 17 14 7 0 8 2
0.06 9 0
0.57 4 9 10 12 2 3 1 13 17 15 16 5 6 7
0.82 18 13 1 3 6 10
0.42 11 17 3 15 4 12 5 9 18 10 1 14 16 7 8 19 6 0
0.07 2 16 4 5 1 10 17 14 6 15 3 11 8 0 13 18
0.68 0 12 6 7 13 18 9 3 15 5 14 4 8 16 17 19 10
0.83 15 1 11 12 19 8 16 0 6 18 13 17 2 7 14 4 5 3
0.45 18 4 7 5 13 2 15 9 17 10 14 12 0 11 8 19
0.05 8 2
0.18 8 7 9 17 14 0 4 16
0.29 5 2 0
0.18 16 1 18 10 6 15 8 2 0 9 14 11
0.49 16 12 7
0.92 16 7 3 8 6 2 18 15 0 9 10 19 12 17 11 5 13
0.81 7 5 18 16 12 19 1
0.99 8 14
0.35 2 13 7 15 1 16 9 11 4 12 6 0 3 17 19
0.59 9
