2 20 28 0
77 89 18 55 56 81 20 60 42 31 60 42 15 17 43 98 77 90 18 20
0.57 8 14 2 1 16 18 4 11 13 6 10 3 7 0 19 9 17 12
0.46 18 14 2 0 13 7 4 5 1 8 17 15 6 11 16 12 19
0.10 15 19 1 16 14 13 9 11 12 8 7 10 18
0.59 4 1 16 7 15 8 10
0.39 6
0.41 10 7 19 12 13 5 14 8 3 17
0.75 7 3 16 15 6 13 9 11 2
0.41 10 3 2 16 11 14 7 17 19
0.07 16 14 2 8 19 0 4 13
0.55 9 13 18
0.61 17 19 11 14 12 9 10 3 6 0 5 4 2
0.98 0 19 15 7 14
0.72 19 1 11 0 13 18
0.93 17 1 15 12 11 19 3
1.00 17
0.79 12 15 10 1
0.85 11 16 2
0.14 8 3 16 11 0 1 7 5 10 2 18 14 9 4 6 19
0.80 11 19 4 0 10 18 5 1 15 3 2
0.24 2 14 4 11 6 7 1 17 16 0 3 8 5
0.03 8 14 5 10 17 13 1 7
0.28 12 3 7 4 11 2 14 16
0.19 18 19
0.04 11 14 10 6 16 7 12 2 15 4
0.70 11 6 14 19 2 9 18 1 13 15 16 3
0.43 12 11 9
0.48 2 7 14 11 9 1 0 17 18 16 4 12 8 6 19
0.60 12 8 3 10 2 13 9 17 16 0 15 6 7 11 1 19
