2 40 24 1
61 92 52 33 89 51 35 66 95 84 94 34 54 72 58 45 45 70 10 79 34 62 86 50 13 47 92 25 41 74 31 34 27 54 62 76 87 67 42 96
0.99 29 3 35 23 11 38 25 7 8 21 18 5 9 22 24 0 15 10 14 1 34 16 2 30 36 20 31 27 32 17 39 33 19 12 13 26 6 28
0.13 29 30 27
0.41 30 16 31 8 0 18 6 19 33 39 23 4 38 29 21 25 24 35 20 5 22 13
0.81 30 37 10 18 31 5 9 4 19 24 22 32 25 13 23 39 0 3 28 7 11 36 16 26 17 34 6 21 1 29 27 20 15
0.82 32 31 35 14 0 19 7 26 29 3 9 12 33 39 5 24 15 8
0.27 20 33 14 10 18 0 37 21 36 25 26 7 29 13 15 28 24 22 31 17 38 23 1 27 6 8 39 9 34
0.13 32 4 29 22 36 27 10 20 18
0.54 12
0.95 4 0 3 8 38 11 22 18 14 28 20 12 35 34 15 1 6 26 2 21 17 5 9 10 39 25 33 36 29 23 31 30
0.78 14 39 27 24 17 12 0 19 9 32 6 20 28 30 22 13 21 29 4 8
0.73 38 39 25 4 22 36 28 6 27 8 32 13 14 20 37 2 17 29 7 16 26 33
0.96 24 34 31 6 36
0.42 9 12 35 33 22 11 29 28 5 1 16
0.84 23 6 15 30 18
0.48 22 25 27 8 28 37 5 3 15
0.63 6 36 17 33 25 31 30 34 38 27 7 9 13 39 29 22 35 26
0.43 26 33
0.78 39 11 16 13 36 2 19 12 37 21 0
0.72 34 2 7 8 3 32 20 26 9 37 16 21 12 38 25 17 13
0.15 38 27 0 17 34 29 20 15 12 6 28 33 19 9 22 35 3 31 16 30 24 1 8 7 26 18 14 10 13 11 4 36 5 23 21
0.44 38 22 4 1 15 29 17 10 19
0.35 15 31 38 23 26 39 21 29 5 19 22 6 9 1 25 32 3 35
0.21 22 9 1
0.67 2 3 7 37 38 34 6 16 10 8 28 1 29 27 11 15 25 33 31 5 20 24 39 12 26
