2 40 40 2 39838.73
12 32 96 45 87 100 95 60 86 45 88 13 32 90 28 43 62 75 82 49 53 83 69 59 74 88 18 16 61 79 74 59 80 53 67 42 67 78 47 34
0.64 1 10 35 12 6 37 34 13 18 17 38 8 32 27 5 36 4 31 33 11 22 19 0 28 7
0.21 20 27 26 13 12 5 39 8 11 2 35
0.45 23 26 36 21 13 38 9 25 29 4 7 11 32 37 14 24 20 12 34 35 31 17 1 8 22
0.28 30 21 12 9 8 24 16 20 34 37 0 10 14 18 23 3 29 26 38 31 39 22 4 7 19 6 27 32 11 35
0.84 18 20 21 23 39 6 24 10 7 4 15 5 3
0.79 5 24 26 6 33 8 22 37 2 17 19 36 28 20 4 32 12 31 38 10 29 18 39 7 34 14
0.71 33 21 19 17 13 4 25 30 5 27 6 3 9 38 36 37 23 8 24 2 1 15 18 39
0.36 13 33 10 6 19 0 18 17 34 22 38 12 29 37 31 23 35 15 30 26 28 36 39 5 16 4 20 2 11 27 21 3 14 32 7 24
0.46 35 10 32 6 12 19 8 25 33 15 29 24 14 5 16
0.67 36 9 7 4
0.38 35 8
0.31 30 33 4 5 35 0 31 37 19 23 11 21 39
0.95 35 17 1
0.94 5 33 28 13 38 1 0 23 6 21 12 26 4 22 30 39 17 34 15
0.18 10 14 0 12 17 5 31 33 4 30 32 18 21 29 26 15 16 3 7
0.64 34 2 28 9 12 1 3 14 26 11 19 25 27 10 38 23 7 39
0.54 17 26 33 27 11 20 22 7 6 16 24 25 34 28 0 36 14 31 23 32 2 15 12 8
0.19 37 18 35 20 34 32 30 36 9 10 4 5 29 15 25 1 16 14 12
0.86 6 0 26 30 3 19 2 10 37 36 20 5 14 39 17 15 32 7 18 29 31 23 13 8 28 22 4 27 33
1.00 27 6 36 8 28 33 18 34 35 25 4 14 38 16 3 9 2 17 32 37 30 7 5 12 20 19 0 15 24 22 11 31
0.56 10
0.70 34 23 20 8 21 18 29 13 9 6 39 35 7
0.72 11 18 39 17 35 25 8 7 4 12 6 33 34 28 32 9 37 30 29 15 27 13
0.98 38 32 31 29 22 33 37 10 24 15 4 17 5 9 20 21 6 18 30 2 13 3 35 7 25 34 39 16 28 36 26 0 27 8 11 14 1 19
0.90 16 24 23 9 31 3 20 13 37 18 5 22 4 17 38 30 36
0.17 38 14 26 33 39 17 35 28 23 1 25 15 32 36 10 22 13 34
0.32 13 11 16 34 14 32 31 37 10 3 35 27 8 36 15 23 5 26 4 0 24 28 2 25 17 22 1 39 21 20
0.29 39 20 27 6 1 5 13 32 11 23 36 29 30 15 21 37 3 14 18 25 24 8 10 7 4
0.95 31 39 21 18 11 26 0
0.05 24 14
0.10 3 6 5 17 38 32 28 36 13 26 27 25 0 33 12 31 30 19 9 20 22
0.74 28 35 5 14 32 21 26
0.27 26 27
0.92 16 27 14 35 33 9 22 39 11 19 12 23 17 30 36 1 13 26 29 18 38 2 10 31 3 6 4 37 28 15 25 7 0 5 20 24 34
0.13 1 29 30 39 7 6 28 5 11 22
0.37 23 37 28 26
0.80 39 37 1 8 36 0 7 12 22 9 25 21 27 33 3 23 38 6 28 18 29 11 10 4 5 13 35 17 34 2 26 15
0.44 23
0.28 11 3 12 34 38 37 35 21 17 16 10 1 27 22 26 19 6 8 39 7 18
0.25 3 36 5 25 32 34 29 18 6 39 10 2 12 22 11 33 13 9 8 4 17 1 31 0 21 38 7 14 19 27 30 24 35 15
