2 40 40 1 37802.74
72 19 10 83 19 47 73 95 30 27 60 47 73 38 10 91 19 30 53 54 100 61 66 98 68 69 71 36 47 27 30 46 80 91 56 27 12 51 48 13
0.37 36 30
0.46 19 10 21 39 29 38 7 28 0 33
0.94 34 31 12 16 20 19 10 15 7 1 23 22 29 24 32 28 5 11 3 33 18 17 21 26 38 8 25 2 27 39 30 35 13
0.90 8 3 26 14 30 18 0 1 37 4
0.01 2 25 27 26 11 31 32 3 35 23 20 14 37 36 5 18 13 8 4 28 30 1 12 24 15 33 22 7 29 17 16 21 19 34 39 10
0.84 30 36 11 21 23 39 35 14 2 22 8 33 4 38 16 7 34
0.66 28 15 11 21 3 20 16 14 32 38 5 27 35 34 36
0.78 8 5 31 14 26 19 11 3 25 18 34 39 27 37 33 9 23
0.50 12 5 31 6 11
0.64 17 18 0 1 14 16 6 5 34 23
0.39 32 33 13 7 3 22 23 6 28 19 10 24 31 26 16 37 14 39 18 30 5 38 21 0 17 34 8 2 27 15 12 11 20 29 4 25
0.25 4 38 30 34 28 11 13 2 26 33 39 36 20 32 16 15 23 9 5 27 7 12 35 18 17 10 29 19 25 14 1 6 37 22 31 8 21
0.42 19 31 37 28 4 20 15 8 27 13 21
0.73 7 18 31 4 2 16 9 36 35 23 6 15 11
0.74 29 9 1 27 23 21 39 10 19 0 14 22 5 6 4 37 24 31 12 13 34 36 25 30 18 32
0.39 21 5
0.66 11 24 28 38 16 36 8 12 23 6 33 29 34 39 14 15 30
0.45 37 24 20 8 36 31 1 32 35 25 26 39 27 28 22 33 12 34 4
0.15 8 23 26 32 18 21 36 17 30 0 39 13 22 5 9 11 7 1 37 12 19 4 27 6
0.65 6 22 3 19 10 18 26 34 39 24 35 4 38 9 14 32 27 12 15 23 11 21 7 16 28
0.79 37 24 36 10 23 15 38 2 14 28 18 19 20 17 22 35 16 0 34 7 5 13 21 11 30 8
0.73 39 35 11 14 28 9 4 8 19 16 1 13 18 2 25
0.20 20 32 27 35 28 31 5 38 21 24 11 23 7 17
0.18 26 35 7 18
0.52 30 5 20 33 26 16 38 8 15 23 17 25 6 21 18 29 27 13 9 19 28 24 12 22 31 39 4 14 1 35 3 34 11 10 37 2
0.97 13 8 26 15 20 37 30 38 0 29 5 12 14 21 11 36 22 10 3 31 32 39 2 25
0.14 17 13 31 11 14 39 28 27 38 10 37 25 20 22 8 26 5 0 3 7 4 32 23 21 16 2 35 29 18 34 15 1
0.01 22 26 8 14 20 34 9 23 24 6 17 33 19 5 10 11 35 36 29 37 30 32 3 15 0 38 21 12 39 27 18 25 16 31 13
0.83 3 25 10 8 5 0 14 27 29 30 4 6 31
0.28 35 15 2 16 32 6 20 12 17 7 24 9 30 13 34 25 3 8 4 0 26 21
0.55 34 20 7 26 6 18
0.94 7 6 22 29 4
0.98 33 18 16 39 28 5 8 22 23 17 15 30 37 31 27 26 7 34 21 14 9 12 4 0 10
0.38 20 19 38 1 15 0 2 35 39 17 24 18 37 11
0.23 12 39 25 37 21 34 5 38 18 24 4 3 22 11
1.00 19 1 2 9 31 29 3 5 36 8 27 6 20 37 28 12 32 38 7 33 11 10 14
0.41 35 4 17 9 36 29 14 15 2 37 19
0.58 21 38 20 31 3 37 32 14 7 36 27 17 23 12 35 2 8 15 13 0 6 11 1 25 29 4 39
0.81 19 30 6 32 14 15 23 10 39 12 21 2 36 20 25 31 34 1 24
0.92 19 39 10 3 34 33 20 18 29 5 23 27 21 14 36 28 1 25 32 11 30 9 37 38 0 8 13 31 7 12
