2 40 24 2 20827.05
63 24 86 27 51 25 33 93 10 78 57 14 73 58 83 62 21 75 39 63 83 57 46 63 65 99 92 19 99 52 10 55 37 68 31 91 70 40 49 21
0.81 6 39 32 21 16 36 8 10 18 22 24 20 37 15 26 29 17 23 2 13 1 33 19 9 12 14 0 34 7 28 38
0.46 8 21 28 30 4 24 12 22 23 5 32 27 9 36 15 17 6 20 31 13 2 33 35 7 1 19 37 18 34 26 14 10 0
0.74 24 14 15 38 36 26 5 17 7 39 30
0.69 14 20 39 28 37 32 21 29 35 13 6 19 0 31 34 4 11 2 17 36 23 30 8 38 3 10 33 27 1 25 24 22 7 15 18 26 9
0.94 7 20 3 5 36 15 33 29 25 32 31 23 35 30 39 22 16 17 27 34 18 21 14 28 2 8 38 0 11 26 6 12 4 10 24 1 13
0.12 36 23 39 38 3 13 37 18 8 22 30 26 31 34 19 10 29 28
0.72 7 13 27 10 0 24 31 30 38 34 15 11 26 29 19 33 17
0.91 30 33 22 38 34 0 25 32 24 14 4 31 28 1 5 13 6 16 10 19 21 18 11 36 9 17
0.06 15 3 16 8 17 21 18 9 37 2 0 12 26 38 30 20 24 19 7 35 13 32
0.70 14 12 0 32 15 27 19 10 22 9 25 39 20 21 13 28 37 35 17 31 3 4 26 34 36 30 33 23 7 24 6 16 1 5 29
0.21 27 31 2 22 15 26 28 3 13 10 37 5 38 39 21 35 4 0 17 23 19 32 14 36 33 24
0.65 20 14 22 37 0 13 10 21 1 19 28 34 15 35 33 6 30 29 9 16 39 27 32 8 17 11 31 38 3 7 4 18 24 5 2 26 12 23
0.52 0 15 12 9 34 6 18 39 2 28 13 30 16 17
0.31 18 23
0.33 31 34
0.10 0 25 18 30 26 37 2 22 27 31 19 3 21 38 12 32 13 8 39 4 23 11 36 5 16 9 24 1 33 17 29 15
0.49 7 8 35 14 36 13 17 21 9 24 20 2 26 28 32 25 38 29 19 16 30 22 37 10 1 34 23 4 6 39
0.31 29
0.93 20 3 10 11 4 34 35 21 5 16 7 30 23 19 38 2 6 0
0.01 0 19 12 9 27 24 25 11 10 37 7 33 2 13 39 38 5 31 16 22 1 32 4 14 3 20 8 29 21 28 15 26 36 35
0.84 10 30 33 36 12 35 0 14 2 19 11 27 26 37 23 28 20 3 25 17 9 39 1 32 4 21 8 15 5 18 34 7 24 6 38 29
0.03 14 6 24 38 28 11 7 39 26 27 25 8 22 12 21 20 36 15 23 37 33 31 10 16 17 34
0.64 31 27 3 32 15 8 4
0.36 35 1 23 5 11 19 16 3 27 20 31 32 12 0 34 8 2 39 36 10 28 14 24 17 25 21 22 7 15 30 37 26 13 4 38
