2 40 40 0
48 52 71 67 87 32 79 82 82 64 80 91 94 94 58 20 65 45 30 84 64 40 100 62 20 93 72 15 67 88 75 32 21 23 75 73 79 57 40 87
0.10 5 18 30 32 10 17 38 20 21 11 4 29 9 28 31 27 3 14 24 25 33 13 8 26 34 1 16 37 6
0.14 36 21 9 10 1 26 18 20 25 32 29 5 28 13 3 38 30 39 2 16 14 8 35 34 4 0 7 33 15 27 37 19 6 31 11 23 22
0.52 20 16 7 3 6 1 38 25 32 24 13 29 21
0.78 19 25 10 16 23 27 26 5 20 9 35 12 18 22 4 39 15 31 24 21 34 32 33 8 1 14 30
0.98 1 2 25 20 34 29 38 33 0 4 9 23
0.04 25 29 20 4 14 5 23
0.72 23 2 9 10 24 14 20 3 12 8 36 15 6 1
0.20 25 1 39 35 12 15
0.50 27 4 17 32 9 37 1 22 34 5 10 23 2 15 38 33 11 21 16 8
0.60 24 4 33 5 21 32 38 7 3 0 15 2 22
0.48 37 13 5 33 1 26 15 14 23 7 18 38 35 24 8 31 29 16 28 0 20 21 19 27 3 17 30 10
0.04 30 5 9 11 39 21 25 0 3 13 18 8 32 24 34 2 26 36 20
0.30 17 10 22 12 34 30 11 2 13 28 9 18 37
0.59 7 38 35 28 19 29 2
0.70 16 18 3 15 27 6 5 36 8 25 20 34 30 13 31 32 39 24 11 1
0.83 30 12 25 18 15 0 27 5 23 32 21 19 16 1
0.88 0 27 37 29 15 34 10 11
0.78 19 35 27 34 14 33 31 9 15 32 23 20
0.27 5 13 12 0 11 6 24 27 21 36 32 3 37 19 15 22 39 17 29 35 31 18 26 16 14 1 33 38 34 2 7 23 28 4
0.18 4 19
0.99 6 5 9 19 14 10 2 38 33 30 16 37 11 20 21 25 34 7 15 3 0 36 28 24 31 22 12 23 18 35 29 4 26 32 27 17
0.86 29 18 11 8 9 17 12 1 0 4 19 5 2 28 13 23 21 37 10 35 27 31 20 14 33 7 22 26 3 25 32 15
0.29 39 11 22 21 32 25 12 27 3 6
0.39 20 10 31 5 21 17 30 2 16 36 8 25 32 27 33 22 24 28 35 29 34 1 26 13 14 0 37 12 38 9 7
0.44 23 33 28 21 6 4 19 39 27 2 22 30 16 10 24
0.66 28 16 39 6 13 23 19 32 8 27 0 5 30 36 11 35 10 15 26 7 3 37 20 22 9 4 38 2 33 17 31 18 1 21 34 12 24 29
0.70 38 5 28 15 12 20 33 23 4 21 36 16 2 25 9 35 39 10 3 11 8 34 1 32 30 17
0.69 9 18 27 22 21 28 1 23 24 20 7 29 12 34 19 13 35 15 17 6 8 2 3 32 26 4 10 36 0 37 33 39 16 14 31 30 11
0.11 24 39 20 23 5 1 4 32 16 38
0.69 9 13 26 24 12 16 1 6 2 15 34 35 18 32 5 3 29 30 36 37 8
0.04 20 17 32 11 34 16 1 23 2 22 10 12 26 38 25 21
0.96 5 39 11 1 25 30 26 4 12 19 28 22 17 18 31 10 21 35 20 34 2 27 16 3 15 7 32 8 33 9 24 0
0.12 24 29 34 10 30 0 14 2 3 18 32 33 38 22 28 9 20 6 23 31 25 35 27 4 21 16 19 37
0.61 26 6 18 32 11 2 15 38 4 20 10 22 7 8 16 29 28 39 30 0
0.64 27 3 17 35 0 38 39 31 28 21 33 7 10 19 13 26 22 9 30 5 6 18 2 24 4
0.37 29 11 15 39 28 18 0 9 10 4 13 20 3 2 23 38 8 1 34 35 30 7 26 37 24
0.92 36 4 3 28 31 33 10 32 6 8 12 9 26 39 11 30 13
0.21 17 2
0.79 28 21 3 18 29 7 11
0.04 5 27 21 10 26 32 12 20 1 30 11 16 19 6 2 0 7 14 29 15
