2 40 24 0 20600.71
64 87 91 73 65 28 55 71 83 11 25 65 67 49 85 98 82 99 54 96 81 76 84 98 25 35 96 27 69 15 23 92 24 26 45 23 81 94 34 50
0.86 15 25 27 4 16 23 31 13 14 24 17 0 32 35 9 12 6 33 8 19 38 22 28 30 10 29 3 37 18 39 5 26
0.59 26 39 18 9 0 38 3 11 17 27 13
0.93 22 6 31 2 3 25 4 38 13 28 14 24 30 8 10 36 16 0 23 32 29 20 5
0.46 4 15 17 39 28 36 33 8 29 23 7 16 34 1 26 0 25 22 10 32 37 24 11 38 18 27 20 9 2 31 13 14 35 3 5
0.28 19 39 10 36 3 7 9 4
0.15 5 9 11 23 12 24 34 19 38 2 28 16 36 1 4 0 15 31 10 18 33 13 30 32
0.61 3 9 11 20 4 2 15 19 18 39 22 38 30 37 12 34 26 16 28 32 29 7 17 31 6 23 1 5 33
0.51 9 32 36 8 37 24 28 1 31 33 7 5 6 27 18 30
0.33 9 1 35
0.66 16 18 28 23 2 8 34 13 15 26 24 11 12 39 0 38 19
0.22 16 13 9 31 39 25 33
0.70 10 25 18 15 34 11 38 1
0.09 17 5 18 29 6 1 35 10 26 21 14 22 20 8 16 15 37 30 12 38 32 33 4
0.59 10 25 36 32 39 27 23 16 19 8 2 6 3 4 37 30 0 15 11 21 31 26 9 12 24 20 22 18 29 28 38 33
0.98 17 8 4 37 33 19 34 15 36 16
0.68 29 27
0.92 11 12 13 31 30 8 20 16 32 23
0.00 12 14 27 25 3 31
0.41 4 0 3 25 8 29 16 17 20 19 18 35 34 36 22 15 5 7 13 12 23 39 11
0.42 31 2 37 8 33 3 39 13
0.97 35 34 25 21 5 7 33 20
0.32 18 33 28 27 37 20 31 7 25 39 16 24 2 34 1 15 10
0.01 9 1 36 17 33 5 12 23 30 21 7 31 3
0.14 2 29 22 14 5 35 23 17 16 9 26 36 15 30 31 32 8 25 7 18 12 37 3 27 39 6 19 4 0 20 10 34 38 11
