2 40 56 0 60798.14
33 31 15 69 21 46 67 51 56 84 95 85 20 90 73 39 35 93 89 53 71 43 21 100 75 28 55 84 100 97 82 33 32 12 91 91 26 61 78 75
0.93 36 27 35 14 37 2 23 3 9 33 5 13 38 22 17 15
0.88 23 12 28 10 22 26 37
0.77 37 9 35 7 17 30 14 23 0 13 36 22
0.41 1 16 37 20 25 17 23 35 19 7
0.31 9 25 14 35 19 23 5 7 30 31 1 39 16 34 26 18 2 27 12 11 37 20 21 38 22 24 13 3 10 32 29 6 15 0 4 33 17
0.86 22 19 2 13 7 11 9 20 30 0 33 39 29 38 4
0.60 25 15 24 17 28 3 37 33 4 16 21 19 20 34 9 30 27 23 38 13
0.88 22 13 19 26 31 16 18 4 11 17 23 29 21 7 30 6 2 15 24 5 39 8 28 12 20 38 0 10 14 1 32 36
0.28 38 18 23 9 5 33 22 32 16 7
0.68 8 29 34 31 3 24 7 14 12 21 2 9 38 23 10
0.35 20 1 32
0.42 34 39 17 5 35 31 0 12 2 10 22 32 13 6 1 38 20 15 3 28 23 9 36 27
0.70 25 27 20 23 3 12 35 24 33 37 39 31 26 5 19 2 11 17 13 29 1 34 8 0 14 10 4 16 30 15 7 38
0.97 10 24 23 29 5 20 8 28 12 6 19 31 11 33 14 38 39
0.92 5 21 39 23 31 20 36 22 34 11 14 29 26 9 27 4 18 35 19 28 13 7 17 15 0 38 32 30 1 12 25 33 24 10 2 6 3 8
0.57 23
0.88 12 5 22 35 21 25 24 26 3 27 18 13 4 10 2
0.76 16 0 28 3 31 32 4 29 2 7 18 12 23 30 6 39 38 36 33 15
0.86 35 17 25 19 15 39 9 27 6 23 12 4 22 28 14 16 11 18 13 32 26 24 36 3 10 7 21 1 37 0 5 38 31 30 33 20 8 2
0.19 36 26 39 20 30 35 23 27 24 17 0 8 12 31 11 14 15 1
0.61 35 12 2 38 25 18 20 13 19 22 29 1 16 36 8 14 37 7 10 39 6 5 4 11 0 30 23 28 21
0.79 20 13 15 22 36 8 38 18 12 30 25 0 14 19 4 28 35 9 33 31 5 24 23 34
0.00 8 15 7 25 22 34 39
0.02 37 38 21 5 9 20 27 13 0 16 11 17 19 4 10 39 25 26 35 23
0.31 34 30 21 23 26 1 38 31 35 20 16 4
0.34 9 13 34 30 6 20 25 8 5 23 10 21 4 28 14 11 22 39 36 26 29 7 35
0.09 31 1 14
0.15 32 30 23 2 28 35 22 3 29 27 12 8 10 7 9 37 4 38 34 17 5 19
0.54 1 9 33 28 35 22 21 29 5 24 3 19 2 8 23 12 17 16 27 34 7 10 32 18 31 37 25
0.54 0 11 28 24 8 33
0.09 11 27 3 8 10
0.99 5 9 8 7 23 37 13 14 16 36 19 22 28 35 6 21 11 10
0.02 24 16 1 8 5 36 39 23 6 0 19 2 26 29 13 33 30 35 7 14 18 21 10 22 11
0.96 27 4 7 3 24 11 20 17 30 0 34 36 25 16 39 8 1 5 32 12 10 15 31 35 23 14 37 9 6 26 28 33 13
0.91 26 16 25 32 4 31 9 29 11 21
0.33 0 4 23 37 27 18 17 9 36 7 32 28 21 8 35 34 13 19 6 22 26 3
0.29 9 4 23 17 25 2 11 5 10 21 13 33 26 8 7 29 12 1 14 19 16 37 35 3 38 32 39 34 20 0 30 24 15 28 27 6 22 31
0.81 21 5 38 23 16 39 29 13 18 27 4
0.48 25 28
0.15 25 10 1 12 9 23 17 6 15 31 34 13 0 5 35 22 38 19 21 24 20 3 27 30 2 18 29 4 26 37 8 11 7 16
0.82 4 26 28 29 37 31 1 11 19 2 5 21 3 7 36 8 0 18 16 14 35 12 17 33 6 9 22 38
0.21 13 37 12 16 34 24 29 20 38
0.06 13 29 2 30 17 19 28 39 4 35 22 36
0.83 4 29 38 24 6 14 9 37 30 27 19 28 0 22 23 10 39 36 1 34 3 13 17 33 32 35 12 21 7 15 16 31 18 26 11 20 25
0.55 6 25 35 18 31 0
0.49 32 3 29 10 8 35 11 1 26 33 9 13 31 12 4 25 0 16 36
0.80 19 0 23 7 28 20 35 12 5 6 32 38 18 8 13 29 3 14 15 27 11 34 33 16 25 17 31 37 10 2 22 21 4 1 26 39
0.65 13 8 5 35 11 17 39 14 22 37 10 34 19 23 33 21 24 27 3 30 12 31 15 0 38 36 16 28 25 32
0.60 9 21 0 35 32 5 38 22 31 11 14 3 6 19 29 2 8 1 26 37 30 24 25 15 36
0.50 30 6 20 15 13 1 24
0.78 32 7
0.47 24 18 14 33 11 4 39 27 21 13 10
0.56 37 38 11 0 24 17 20 27 36 35 21 1 12 7 19 8 34 33 4 2 26 3 39 13 30 28 31 16 18 14 22 29 5 10 15 9 6 23
0.61 12 37 16 19 26 3 36 32 10 22 35 11 31 33 18 7 27 8 28 1 17 5 2 0 25 20 23 9 24 4 39 13 6 14 15 34 21
0.37 38 32 25 35 20 28 17 10 2 37 22
0.83 19 16 1 39 2 8
