2 40 56 2 58379.83
26 23 87 75 27 46 67 54 24 94 67 44 75 56 90 84 77 82 96 100 94 22 97 45 73 79 11 68 50 44 10 67 13 88 71 51 83 69 16 64
0.11 18 34 36 28
0.24 21
0.87 8 27 33 37 12 38 30 9 5 13 24 3 39 26 0 14 19 11 35 29 7
0.42 20 24
0.97 3 6 18 39 13 16 28 9 15 30 10 38 36 22 32 1 35 29 23 26 21 37 7 25 31 0 24 2 27 8 20 5 17
0.65 14 5 3 26 30 38 35 6 22 27 19 11 25 0 28 8 12 34 23 9 18 39 17 31 16 29 15 37 36 10 32 1 4
0.81 37 28 35 25 17 22 21 5 12 10 32 3 13 29 33 38 39 27 16 4 26 8 1
0.68 17 28 1 25 11 38
0.26 18 28 27 4 35 1 39 33 38 7 0 25 23 31 13 32 12 37 14 9 34 19 30 10 15 20 17 6 21 16 11 2 26 24 36 22 29
0.62 24 22 7 23 21 9 10 36 18 8 13 27 34 35 15 30 0 31 17 2 14 1 16 29 19 25 6
0.63 0 34 17 38 7 1 16 22 32 18 19 28 3 23
0.12 37 26 22 14 35 33 3 9 31 29 34 15 18
0.31 30 27 13 19 22 34 20 32 0
0.02 15 35
0.60 13 7 12 34 17
0.99 4 27 22 33 3 17 13 2 1 10 7 35 36 28 30 32 39 20 19 31 14 5 25 37
0.97 7 3 36 12 31 4 16 9 35 28 27 24 14 15 34 25 23 38 20 11 33 22 21 39 17 13 1 19 30
0.27 5 23
0.62 0 35 22 23 10 19 1 5 9 31 37 4 39 17 7 15 12 38 29 2 16
0.47 38 36 16 12 11 24 9 19 37 21 18 20 22 23
0.86 8 23
0.94 26 20 13 35 18 6 9 11 17 2 8 29 23 4 28 25 22 31 19 10 30 3 5 27 7 34 0
0.50 39 35 31 30 25 9 21 6 12 27 1 34 16 3 2 29 19 32 10 33 4
0.55 31 2 34 22 25 29 17 38 39 32 21 14 36 5 28 35 24 30 1
0.27 29 13 16 24 38 26 30 20 33 39 27 18
0.14 16 6 17 39 34 4 3 36 7
0.82 10 17 21 4 29 16 36 33 15 26 32 34 13 5 20 35 1 22 9 25 7 38 18 23 11 31 14 39 24 8 2 12 0 19 30
0.51 38 11 28 8 9 18 19 26 10 23 29 7 6 27 16 5 32 39 34 36 35 13 25 33 31 12 0 3 2 17 20 30
0.94 29 35 36 10 2 25 11 24 39 21 1 6 27 9
0.16 32 29 16 8 38 21 22 6 17 7 33 27 35 26 34 25 13 5 11 20 24 3 2 1 19 4 28 36 23 12
0.27 1 17 15 22 23 16 39 2 0 14 21 30 28 33 35 12
0.73 17 5 0 35 15 10 4 33 21 30 11 36 28 38 25 14 9 22 24 29 19 26 34 8 23 6 3 39 18 31 20
0.62 15 29 16 23 31 2 7 5 8 39 4 34 11 32 33 10 25 30 1 19 9 3 22 17 6 21 18 36 24 12 28 38 14
0.87 11 16 20 19 32 3 9 15 7 14 13 39 38
0.87 21 23 30 10 3 26 20
0.98 22 0 16 9 23 39 11 14 31 8
0.93 20 27 34 29 38 35 15 26 18 33 25 4 24 9 21 0 3 23 14 12 10 31 19 16 28 37 1 36 5
0.98 22
0.76 34 4 30 3 11 23 13 9 16
0.89 11 15 14 3 24 35 0 16 8 10 4 39 28 18 19 26 9 27 33 12 20 22 37 13 36 6 25 1 38 5 21 17 7
0.59 37 39 28 7 6 0 33 12 32 15 16 11 35 26 34 19 38 29 31 27 30 23 2 24 4 1 20 21 13
0.02 35 0 23 20 34 38 31 21 5 22 24 9 29 8 4 28 36 13 14 12 18 26 3
0.75 3 38 32 39 9 35 11 13 10 25
0.89 0 8 7 3 6 18 38 28 34 27 12
0.01 20 5 3 33 12 13 25 31 9 35 28 2 38 0 30
0.34 1 10 28 37 30 32 31 0 2 26 17 15 21 36
0.96 5 24 2 10 39 26 37 38 7 23 12 6 20 13 0 1 25 31 34 32 33 15 18 11 16 29
0.09 4 5 33 18 35 11 31 16 39 37 21 38 17 30 34 12 29 32 36 24 13 26 19 27 15 3 9 8 20 2 6
0.08 31 4 10 8 34 27 5 25 15 26 24 16 32 12 9 38 3 20 0 17 21 7 11 37 23 35 28 33 1 6 36 2 29 18 39 14 22
0.25 30 34 15 36 6 37 24 25 23 32 39 14 11 17 9 2 27 4 5 35 13 10 1 29 12 26 18 20 38 19 21 0 16 28 31 8 3
0.02 39 9 5 21 12 2 22 27 37 16 15 26 14 38 31 23 32 3 1 36 7 25 13 30 28 4 19 33 17
0.20 12 18 25 23 31
0.30 1 14 34 28 3 18 30 20 7 29 19 17 10 27 6 12 26 36 4 22 0
0.50 7 34 0 15 17 35 28 2
0.58 1 36 33 5 13 16 14 31 11 2 19 26 0 29 38 9 10 20 32 27 25 37 23 21 6 17 39 15 7 22 4 18 24 3
0.47 36 5 2 27 13 32 0 34 8 19 7 28 6 12 3 30 9 4 39 21 31 20
