2 40 56 1
45 75 83 30 81 88 95 87 65 24 47 96 31 38 96 87 94 20 43 26 36 53 15 95 54 95 22 15 90 77 67 44 45 88 89 23 72 24 14 59
0.63 25 4 11 16 15 37 30 32 0 28 34 9 20 7 35 33 22 6 27 21 14 19 38 26 36 5 1 18 13 17 10 31 8 24 23 12 39
0.78 21 4 39 23 38 32 0 3 36 12 26
0.69 6 33 3 31 25 37 30 15 0 18 28 9 14 16 35 24 11 36 7 38 2 20 8 39 19 26 5 1 32 17
0.62 1 18 22 3 20 24 27 16 36 30 14 33 0 37 21 32 11 2 38 15 19 12 39 17 9 34 26 8
0.40 1 13 12 23 8 15 17 11 5 20 18 30 32 29 9 28 4 2 3 10 36 35 16 6
0.96 18 32 7 33 34 2 15 9 38 31 11 4
0.64 23 34 8 3 5 0
0.15 9 16 5 28 20 12 38 14
0.19 24 31 7 15
0.41 6 7 3 35 29 28 38 19 4 20
0.95 1 30 31 26 22
0.14 22 5 13 10 39 26 19 32 17 1 27
0.15 16 25 9 29 18 3 21 30 5 36 12 2 39 28 7 27 38 35 15 23 6 24 20 17
0.95 6 28 9 8 19 0 20 22 38 3 10 13 12 5 31 4 23 21 2 39 7 29
0.68 12 28 34 2 27 10 26 29 7 14 31 22 37 18 33 13 19 30 35 24 5 17 38 21 23 9 1 25 15
0.79 18 7 35
0.78 2 18 22 38 15 26 12 14 24 17 5 36 35 13 28 20 30 25 21 27 8 16 34 6 32 9 33 31 39 19 7 23 10 3 0 11 4
0.33 39 31 27 4 23 8 24 12 16 0 17 9 19 22 28 25 21 26 14 38 37 32
0.22 35 28 30 18 37 2 12 4 21 15 9 29 24 27 3 19 11 5 6 8 7 14 17 16 20 36 0 31 23
0.80 36 23 21 13 24 38 6
0.92 6 8 10 37 30 34 0 9 15 31 19 38 21 13 25 23 3 33 24
0.22 0 14 6 2 1 33 22 12 27 24 30 9 4 29 5 10 21 3 8 7 23 26 17 37 18 19 20
0.25 1 6 14 5 28 25 4 31 12 27 36 29 23 21 19 2 10 34 37 26 32 38 24 0 11 20 15
0.28 3 25 19 1 20 37 16 9 34 0 39 22 10 13 28 36 12 15
0.09 35 19 13 25 21 11 12 37 3 18 31 4 17 22 38 8 6 29 26 14 28 15 24 23 34 30
0.33 19 9 34 26 27
0.54 36 30 39 14 38 37 26 5 24 4 23 28 20 21 34 35 0 25
0.79 28 19 18 2 27 15 21 36 14 37 1 7 25 29 10
0.39 24 8 38 35 25 20 21 31 0 17 12 29 15 33 7 11 14 36 37 16 3 26 13 30 5 9 27 6
0.17 35 25 38 21 8 23 29 2 16 20 39 13
0.97 4 28 39 19 29 24 16 32 15
0.63 26
0.57 35 22 18 13 21 29 14 37 32 38 20 24 10 28 8 23 11 2 34 30 4 31 26 1 5 36 25 33 39 0 27 16
0.98 31 36 0
0.51 5 29 38 8 39 26 31 24 21 17 37 0 3 30 14 1 20 34
0.31 11 14 8 22 25 33 29 5 15 26 2 13 4 27 9 21 7 37
0.28 34 39 37 20 19 24 5 6 35 8 1 10 27 30
0.63 12 22 19 14 6 37 2 17 27 13 30 26 35 21 25 33 29 38 23 24 11 3 34 28 7 15 39 32 5 18 1
0.19 23 27 26 33 4 25 17 36 12 39 0 28 37 10 7 15 2 29 22 3 16 35 31 18 19 13 24 6 1 5 34 8
0.02 28
0.30 21 12 18 39 31 10 19 14 9 15 4 34 38 28 30 37 7 36 35 8 29 17 33 26 22 6 32
0.54 32 38 16 8 18 39 5 36 27 24 0 2 12 9 19 37 30 11 23 14 20 31 28 6 35 7 1 33 25
0.01 30 0 21 13 27 24 10 20 32 4 2 3 8 39 1 25 16 35 17 33
0.26 23 36 31 12 19 16 3 17 10 0 8 1 37 32 27 25 38 4 29 2 28 34 39 24 6 21 9 18 14 5 35 33 15 22 26 20
0.02 29 18 14 10 25 11 26 21 8 37 36 9 2 23 6 24 30 3 7 17 38 35 0 19
0.88 24 35 13 2 10 28 34 17 5 4 9 25 18 26 27 0 23 3 12 21 7 8 1 39 33
0.02 15 18 0 21 20 13 28 8 10 27 16 5 14 26 38 32 36 19 9 33 34 12 1 4 7 17 25 3 11 6 29 39 30 2 22
0.06 10 9 8 31 0 12 4 24 25 27 13 34 15 6 36 17 26 28 1 33 38 37
0.46 23 1 28
0.08 35 20 13 17 16 31 7 24 32 18 39 27 3 37 21 10 25 29 38
0.05 28 27 11 35 33 25 13 29 36 38 5 0 10 23 15 39 12 21 16 1 2 19 31 32 8 30 3 17 34
0.65 20 1 11 14 36 30 27 0 37 7 15 4 34 32 19 10 22 5 38 3
0.12 22 9 17 36 38 34 24 4 11 20 29 26 39 35 7 6 27 0 13 5 3 2 31 21 1 12 8 10
0.66 27 34 6 36 22 30
0.09 38 28 18 36 27 16 31 12 14 25 10 35 39 7 6 34
0.47 36 16 7 10 31 37 22 8 2 28
