2 80 112 2
80 73 93 44 70 15 98 72 74 88 10 71 11 64 85 71 66 32 64 32 38 81 31 37 35 55 41 56 39 40 90 49 82 45 97 23 60 43 89 90 86 31 26 72 80 11 30 14 47 99 49 28 65 61 52 61 63 97 63 94 37 44 36 77 75 67 85 23 35 24 34 58 12 84 59 30 12 89 34 72
0.91 64 14 2 56 70 1 3 35 0 63 41 39 78 37 53 8
0.45 14 49 9 25 59 16 63 61 74 65 75 27 19
0.22 70 20 30 9 55 41 2 77 29 13 16 27 18 25 14 46 31 50 72 11 62 58
0.18 20 68 18 6 57 4 50 28 3 64 78 51
0.06 35 73 67 39 55 59 61 28 18 12 71 52 78 79 62 9 64 63 10 1 24 47 4 34 65 27 41 48 66 40 36 77 20 15 13 70 43 53 5 16 46 44 29 58 25 2 75 11 68 72 26 19 3 8 0 32 33 57 42 56 22 30 6 23 38 74 49 31 21 7 54 37 45 76 60 51 69 14
0.70 17 53 23 60 61 79 16 1 59 49 18 74 63 35 11 20 56 5 62 50 45 15 9 14 52 10 31 70 41 39 68 26 66 48 38 25 19 58 33 40 32 13 21 46 71 0 72 65 44 43 55 69 24 29 51 42 47 75 30 77 73 76 12 36 67 37 27 6
0.74 15 16 69 38 46 6 41 10 1 67 21 22 53 77 7 63 25 51 34 37 56 3 2 50 71 59 72 36 27 47 28 61 18 49 60 39 57 33 13 8 43 68 64 23 31 44 54 17 5 30
0.41 3 39 19 11 12 71 70 68 69 67 33 1
0.57 22 18 70 60 28 0 78 64 12 74 63 50 40 15 38 17 21 8 49 33 5 10 68 51 14 20 27 48 65 32 75 47 29 9 44 42 53 43 31 77 7 23 16 24 35 56 69 45 39 76 67 57 2 79 54 26 19 11 58 55 61 52 36 34 66 62 4
0.64 22 67 59 31 23 79 56 76 42 58 54 19 40 28 38 63 30 39 65 21 26 47 7 51 5 37 78 53 11 45 8 6 69 3 41 36 46 9 61 44 4 62 60 29 50 72 68 52 49 24 55 14 17 15 73 32 77 35 13
0.33 58 16 2 76 54 59 47 31 64 34 41 60 36 6 51 13 27 44 45 17 33 28 25 24 70 61 74 3 72 7 29 32 38 19 1 66 57 46 10 42 79 39 69 67 68 20 0 56 14 22 48 35 65 43 23 37 63 52 8 77 18 26 9 55 73 15 5 11 75 50 4 40 21 53 49 12 62
0.00 23 68 31
0.84 78 46 12 20 53 10 47 69 63 26 15 52 61 65 25 51 60 39 8 21 58 72 71 49 7 30 0 33 41 36 27 56 73 5 19 79 28 9 16 13 29 18 64 43 77 24 62 74 4 14 59 54 67 32 45 76 42
0.80 67 48 29 23 21 28 66 50 26 57 13 65 44 10 22 11 59 68 7 9 30 31 49 4 69 8 1 41 63 40 16 27 79 78 53 12 74 72 34 15 62 42 54 14 25 3 75 73 58 76 51 17 2 61 32 70 37 5
0.18 22 11 8 43 17 5 54 69 39 60 13 75 65 58 1 63 12 70 76 72 66 52 53 32 4 16 71 41 3 38 73 36 62 28 9 55 14 49 40 10 48 2 20 23 7 78 44 42 6 21 50 25 51 68 34 26 18 30 27 46 31 29 67 79 56 35 61 74 64 45
0.30 36 25 13 74 23 5 14 61
0.09 6 34 24 19 54 38 18 29 57 16 61 27 74 35 58
0.14 65 79 78 63 16 49 0 5 74 25 72 28 43 9 38 76 30 56 12 64 67 42 26 54 24 41 33 36 31 27 21 59 57 69 44 75 46 70 68 62 58 14 32 40 18 3 13 50 17 39 19 55
0.72 47 15 31 42 69 66 58 4 44 24 13 28 23 79 73 3 40 5 22 9 62 32 76 30 72 14 18 21 16 8 46 26 74 68 78 29 2 20 75 11 60 35 43 63 33 57 59 67 54 19 25 49 71 56 39 55 7 61 52 53 64 41 10 50 70 38 1 48 36 6 34 45 12 51
0.56 10 65 58 63 8 70 46 6 75 2 78 0 3 31 68 28 69 55
0.22 55 0 24 11 35 63 46 76 50 44 72 32 23 5 65 62 2 27 77 70 40 73 1 52 28 39 19 22 14 47 49 7 53 30 13 67 10 21
0.76 3 31 51 9 29 49 5 41 77 48 67 52 11 71 17 7 58 75 61 43 15 0 46 66 70 38 74 76 32 22 23 37 63 79 55 27 62 25 40 28 44 47 78 39 69 73 18 45 20 60 12 1 64 56 8 54 65 10 2 57 36 16 4
0.53 73 7 45 0 39 31 46 54 68 69 24 72 15 9 2 50 79 52 58 18 62 32 23 28 30 60 22 8 5 49 78 57 34 25 71 74 59 48 35 63 66
0.43 64 40 58 30 44 19 48 52 12 31 50 41 26 11 43 67 36 66 15 27 45 65 78 59 34 14 62 35 69 37 13 22 53 56
0.80 46 23 60 66 28 20 43 15 78 8 13 32 19 30 5 42 26 31 63 22 62 55 59 16 51 18 29 40 45 70 24 36 7 79 2 72 6 37 9 4 61 47 34 77 38 21 52 1 53
0.61 53 5 69 19 54 31 58 59 49 37 8 74 48 66 12 34 76 44 50 64 0 17 42 63 24 2 71 36 47 56 52 32 27 67 28 26 4 78 68 45 9 61 73 72 41 70 25 75 6 16 46 43 30 23 77 7 18 3 62 13 60 33 35 11 14 65 38 10 51
0.88 75 74 27 59 69 65 0 53 2 73 26 12 58 78 39 17 6 35 29 1 15 19 9 68 34 72 32 24 54 22 47 64 20 13
0.78 22 36 67 31 77 12 11 25 42 78 62 10 4 64 23 19 52 60 74 46 27 6 45 61 34 14 20 79 59 3 41 28 63 54 35 17 15 21 66 55 49 43 69 65 56 32 13 53 39 37 75 30 26 44 38 9 72 24 57 33 58 76 5 40 1 16 68 2 73 29 0 51 70 7 8 48 50
0.14 14 55 45 68 51 12 54 43 17 42 50 38 59 52 69 11 28 23 4 13 16 30 58 47 71 56 61 32 62 25 70 18 63 31 76 65 64 66 5 1 10 33 24 29 72
0.77 77
0.74 68 19 11 52 32 29 43 63 17 45 26 3 36 10 34 7 66 69 58 59 16 65 61 24 27 64 1 73 44 22 42 53
0.78 13 1 14 45 50 67 30 57 78 12 26 31 70 42 33 63 10 37 60 66 72 46 36 35 61 23 7 27 8 43 53 16 29 58 65
0.20 38 7 18 14 8 27 26 32 22 5 47 57 72 37 79 12 53 56 76 67 3 70 41 71 44 21 24 75 34 33 40 48 60 29 2 58 51 15 77 68 9 30 4 31 78 46 63 25 23 74 73 45 69 6
0.82 17 64 4 31 38 56 2 43 59 5 3 32 53 48 73 71 54 51 57 10 27 28 19 23 15 6 69 11 55 70 21 13 52 61 9 20 8 39 63 25 37 72 47 35 65 41 1 34 62 22 36
0.26 9 70 43 55 57 15 66 17 40 52 29 34 63 5 45 3 32 30 21 44 22 50 12 74 1 61 37 76 67 71 75 39 78 56 42 35 59 65 23 6 38 48 24 25 68 72 77 73 53 60 18 62 0 14 11 69 16 51 2 13 19 58 31 47 41 46 28 54 64 36
0.16 29 22 77 26 36 31 14 15 67 10 21 8 50 44 27 68 38 63 47 65 28 12 73 23 69 16 39 62 42 3 7 74 78 45
0.28 27 37 44 2 16 50 3 15 19 22 4 39 67 72 74 55 47 43 35 28 6 57 9 68 36 52 79 29 46 69 26 8
0.27 46 48 53 79 14 28 12 20 55 23 27 62 8 39 44 18 26 70 47 3 58 2 56 42 13 59 38 40 4 21 19 51 72 66 63 10 45 15 41 60 35 78 75 69 17 43 65
0.35 2 43 14 76 10 26 33 55 67 0 27 77 40 24 79 31 78 74 69 57 45 29 51 9 23 53 65 63 72 5 66 18 36 17 60 61 16 54 25 37 28 7 11 41 38 59 8 6 4 49 70 34 32 56 1
1.00 28 29 3 58 57 76 35 31 15 25 74 54 79 52 66 37 13 7 53 5 48 64 1 19 30 70 16 75 50 40 43 62 67 44 27 45 39 47 42 63 8 36 34 24 61 49 11 56 65 33 59 14 32 12 21 9 18 10 22 55 2 0 71 72 60 6 78 38 46 77 69 41 68 23 17 26
0.28 51 29 32 66 72 43 10 41 38 49 28 5 46 27 71 73 18 44 3 52 12 78 23 55 40 75 63 59 19 13 39 30 31 53 21 9 26 67 70 69 8 76 37 77 17 0 14 2 61 79 57 42 7 56 16 60 15 34 1 65 11 74 54 25 20 62 33 68 64 24 4 6 35 48 58 22 50 47
0.78 73 32 8 26 20 66 71 38 39 13 62 28 37 6 22
0.24 19 56 72 15 44 5 50 27 75 63 18 35 42 62 25 2 49 40 20 54 52 4 36
0.04 51 6 10 19 76 75 41 67 54 36 11 44 12 18 72 73 50 56 64 71 30 60 62 48 43 3 13 25 37 46 52 35 4 74 78 5 33 77 57 23 40 69 70 7
0.49 25 0 53 40 34 27 36 17 46 71 76 66 15 7 19 38 57 63 5 16 43 52 33 61 67 29 23 14 48 62 37 4
0.47 35 11 57 42 1 20 60 44 43 67 26 6 12 72 62 36 58 64 5 52 73 40 27 14 70 77 55 71 49 18 79 76 4 15 45 56 9 32 25 74 28 69 16 51 21 66 2 54 47 41 38 17 0 13 75 24 3 53 33 46 7 34
0.70 24 49 79 56 20 51 40 54 34 42 15 67 72 68 58
0.82 22 35 56 75 12 10 9 78 15 16 42 76 66 18 59 25 57 19 60 23 69 26 24 62 55 29 32 40 5 71 36 67 61 47 70 77 0 1 28 48 68 11 2 41 54 63 50 49 43 58 72 27 7
0.13 25 2 34 58 9 61 78 52 54 49 65 18 77 28 62 19 29 68 45 56 76 53 60 22 47 24 8 15 4 51 41 46 30 74
0.86 58 10 53 56 32 54 27 76 3 4 77 2 46 52 11 22 14 21 50 71 43 47 65 31 51 74 12 72 69 36 68 70 6 37 23 45 20 61 35 9 8 33 17 28 59 57 34 67 7 15 62 19 26 5 79 44 0 63 25
0.55 61 70 52 2 17 78 57 43 12 26 76 47 5 0 14 19 62 38 44 53 31 54 30 25 48 10 64 35 73 8 69 72 37 56
0.71 79 20 16 11 22 64 23 49 31 28 4 40 54 59 68 3 72 48 78 77 32 0 62 51 25 46 35 74 52 58 39 18 6 57 12 66 73 24 61 43 8 65 47 1 56 29 10 75 67 42 36
0.34 3 0 29 28 22 8 33 51 47 42 20 10 7 66 26 62 53 15 63 60 49
0.24 59 27 4 20
0.43 41 3 62 53 42 5 47 18 32 31 12 48 67 45 2 70 21 55 25 79
0.18 70 16 23 26 74 62 21 73 11 22 28 79 64 32 45 75 34 69 43 52 24 66 40 72 0 19 71 50 49 59 76 41 5 61 1 54
0.82 68 30 14 64 31 25 74 54 6 45 52 65 8 46 59 29 43 20 11 76 7 41 69 24 71 55 38 75 40 32 42 78 4 17 26 9 66 18 19 77 70 34 12 33 60 63 48 57 36 39 2 47 37 3 44 10 58 16 67 13 72 51 73 62 53
0.51 6 30 27 64 22 16 55 18 58 54 47 4 65 38 2 63 75 68 15 23 17 78 20 13 76 9 48 12 59 71 57 14 60 67 61 46 35 26 33 31 69 53 3 37 32 44
0.46 55 39 19 25 33 20 79 10 0 44 18 58 74 36 15 78 16 7 69 47 28 29 2 57 52 50 12 67 14 71 73 8
0.86 75 45 18 50 48 9 47 3 65 20 69 23 31 70 78 19 64 52 57 67 59 8 12 15 34 62 35 32 55 21 68 7 79 36 38 30 28 25 2 4 74 6 53 46 1 56 24 13 14 63 58 27 10 76 42 16
0.65 47 40 62 46 72 74 63 64 75 13 54 36 67 34 73 38 11 76 2 42 65 53 23 37 22 1 69 27 19 14 16 48 5 31
0.78 75 78 3 31 15 10 69 77 43 55 59 61 25 50 39 36 23 56 68 72 6 35 20 2 53 79
0.52 70 11 41 27 25 14 64 51 47 69 16 48 10 46 31 60 65 68 53 76 75 37 54 73 28 23 58 79 33 52 49 34 2 17 36 56 3 50 40 77 35 67 9 62 8 72 26 66
0.67 24 49 15 43 9 1 27 57 61 30 33 41 59 52 51 29 36 56 7 28 44 22 16 60 68 0 37 75 65 23 58 46 38 39 4 26 8 79 12 76 62 54 17 19 67 53 40 47
0.50 55 19 7 60 15 78 32 28 13 2 30 8 3 21 73 67 12 40 58 22 72 57 45 0 64 63 53 31 54 43 26
0.54 79 47 71 17 9 38 8 3 21 54 35 32 52 73 64 4 72 69 57 75 49 23 1 42 12 5 7 31 27 66 22 48 28 10 40 2 16 78 24 60 25 65 62 43 41 50 53 51 20 76 18 26 44 63 46 14 61 33 77 29 68 74 0 37
0.12 7 29
0.01 76 68 18 49 14 31 78 69 71 25 59 47 53 8 39 50 20 34 5 55 63 9 23 54 52 12 33 35 72 21 58 15 2 38 28 56 70 11 40 0 66 4 37 6 27 64 36 30 29 45 24 60 1 16 73 48 46
0.30 40 14 42 22 4 58 5 79 57 34 16 25 56 2 26 43 65 7 23 13 3 59 46 17 61 1 52 38 30 19 63 48 33 75 78 67 37 32 21 28 36 50 70 29 11 45 73 54 31 15 39 10 9 72 51 44
0.70 78 49 45 2 18 56 44 73 79 4 17 61 51 12 68 28 15 59 26 71 60 62 57 64 16 21 70 27 48 11 52 23 14 33 9 43 50 24 41 34 20 53 5 76 58 66 35 10 37 54 29 46 3 40 6 77 39 19 42 25 55 47 72 65 32 30 75 0 36 7 74 22 67 38 31 13 69
0.51 0 44 39 24 75 78 33 2 38 27 12 71 5 64 69 46 67 16 73 14 25
0.43 73 72 33 74 30 49 8 18 6 52 12 22 70 65 59 51 66 4 15 36 67 40 11 75 32 0 50 24 47 53 34 45 26 48 9 14 7 64 27 71 28 54 31 63 17 35 46 61 20 68 60
0.70 45 78 71 20 2 13 5 73 40 43 50 36 63 68 23 4 72 17 21 52 7 39 6 46 37 25 11 10 34 59 30 69 76 29 3 70 19 31 56 60 22 51 65 28 35 57 24 26 75 15 41 61 47 44 0 33 12 79 38 74 42 48 16 54
0.73 66 74 39 2 23 54 77 49 41 6 73 55 57 32 59 76
0.34 58 49 35 7 78 13 34 33 4 63 79 61 47 56 69 18 11 0 57 40 76 22 14 10 31 29
0.64 10 22 19 55 43 75 72 54 30 24 14 48 77 46 16 11 53 65 28 71 42 70 1 29 50 44 51 73 8 36 15 2 58 0 66 76 9 61 41 35 17 67 7 56 25 27 49 79 52 57 6 47 62 4 59 68 12 40 33 69 13 63 26 74 37 45 18 3 34 23 20 31 38
0.58 38 52 63 75 18 48 41 43 67 40 3 25 39 32 71 55 44 23 66 31 78 13 30 20 76 50 62 0 58 7 61 33 57 12 46 15 10 16 42 54 4 65 35 5 22 24 36 60 37 56
0.44 55 71 23 67 18 69 6 1 72 30 48 35 43 24 10 62 46 19 53 11 79 68 13 37 73 70 34 17 28 8 26 38 7 12 66 33 27 42
0.18 77 4 76 42 10 53 66 59 39 49 51 34 71 67 14 74 22 15 47 45 3 13 46 12 68 50 11 32 70 65 64 37 38 24
0.52 69 50 52 67 34 64 32 56 7 60 41 47 25 74 72 65 21 54 3 58 9 51 76 18 5 66 24 26 62 31 38 1 55 2 39 43 35 0 75
0.53 66 4 8 59 17 16 45 24 23 7 2 50 51 49 20 28 27 9 77 26 5 69 44 57 73 47 48 0 54 22 58 46 40 25 78 39 32 53 19 60 3 42 34 29 18 67 56 76 68 70 1 33 63 43 55 31 30 61 79
0.26 5 75 55 26 48 7 15 44 52 1 19 76 63 59 40 69 9 20 71 30 68 50 34 35 2 53 37 58 28 43 62 73 16 65 27 51 77 49 32 33 31 38 10 12 42 70 46 79 24 56 45 29 23 67
0.29 16 43 38 46 65 10 39 61 30 62 59 27 20 51 52 26 54 17 22 19 49
0.56 75 79 41 16 73 68 65 43 64
0.75 35 19 74 32 18 21 30 65 48 23 71 47 2 1 73 51 52 16 72 55 68 79 44 38 57 13 56 75 50 8 25 6 61 64 22 42 39 11 58 28 14 4 10 54 27 0 60 24 63 59 66 76 9 70 53 67 49 34 5 62 31 45 37 3 26 20 12 33 69 78 7 46 77 43 41 29 15 40
0.14 25 77 33 56 34 52 54 67 14 72 15 16 11 36 58 73 12 13 63 30 7 48 2 39 71 38 19 10
0.33 63 11 54 26 0 10 72 67 66 29 3 71 25 2 14 51 50 13 33 4 75 15 28 56 6 27 55 41 59 17 74 47 48 8
0.61 71 43 66 35 22 42 11 39 65 7 23 24 0 51 53 76 29 15 6 4 63 48 26 1 37 64 34 14 69 50 27 21 47 78 9 58 32 2
0.78 53 19 28 32 16 77 14 2 54 62 37 76 6 47 31 59 51 24 40 21 70 3 74 25 79 10 65 4 71 61 39 22 64 36 56 69 8 42 30 66 5 67
0.64 38 5 73 60 78 75 9 45 57 3 74 48 25 11 17 33 22 21 26 37 16 67 76 28 47 49 46 61 44 66 65 72 29 30 19 12 20 77 23 15 42 56 55 64 7 4 1 24 79 35 27 62 54
0.24 37 38 5 41 66 52 17 44 16 10 48 29 35 57 42 64 51 43 63 47 79 76 67 46 9 23 13 74 14 20 3 36 53 55 70 11 54 69 62 0 49 61 21 78 31 7 8 12 45 25 4 33 19 27 50 59 22 56 30 18 15 65 39 40 75 34
0.24 60 1 31 43 61 9 47 49 44 70 38 59 46 67 50 25 69 39 77 14 11 13 12 75 7 58 55 68 57 20 2 16 66 29 3 34 79 51 78 56 76 73 4 28 27 0 6 10 72 63 32 18 30 74 71 23 53 15 62 8 52
0.53 57 63 8 61 3 21 64 56 1 5 44 58 71
0.13 35 4 31 66 42 57 9 27 20 8 43 63 25 70 45 7 72 75 2 5 48 65 61 71 12 15 16 41 76 56 17 50 30 22 79 38 11 52 0 64 53 54
0.25 54 30 77 33 6 45 55 66 50 23 46 62 34 32 64 14 76 41 12 52 11 49 18 51 19 78 57 65 75 61 3 24 5 28 10 29 1 7 27 70 8 39 63 25 79 74 71 72 40 13 53 58 2 44 0 21 68 47
0.79 60 10 29 11 14 58 36 70 67 8 68 48 77 65 62 5 3 24 56 39 66 1 53 16 55 34 7 54 12 28 61 50 27 13 33 20 19 18 0 69 9 72 63 35 46 59 22 51 37 79 23 32 76 25 64 41 21 17 47 45 52 44 40 26 31 38 74
0.71 46 54 74 20 14 45 68 15 39 30 42 63 38 58 6 65 4 49 35 70 10 61 21 50 16 9 79 53 0 28 47 40 69 11
1.00 54 50 70 13 25 56 68 16 51 74 36 30 57 4 66 12 75 37 72 58 67 11 61 22 60 29 5 62 21 38 19 64 26 63 17 45 65 46 52 0 55 34 33 77 27 7 76 9 47 14 40 39 31 15 73 59 35 6 8 32 23 3 49 1 79
0.87 78 25 12 70 73 43 33 3 75 79 38 66 39 61 45 2 54 58 9 48 53 11 69 55 23 19 1 77 7 5 17 21 40 74 13 52 76 8 67 28 50 10 6 16 36 60 26 30 24 32 63 57 14 44 27 20 34 68 18 71 47 22 46 29 0 37 64 59 72 41 65 51 62 35 56 42 4 31
0.18 35 79 21 52 56 43 27 6 45
0.82 45 73 56 12 41 76 64 17 29 34 39 27 28 66 48 2 79 13 62 52 63 5 35 25 54 32 3 23 11
0.42 53 37 59 39 25 32 42 17 34 79 60 26 18 49 33 58 40 24 41 31 45 4 35 72 36 76 6 69 13 28 71 70 12 22 9 7 78 77 21 46 3 74 23 14 51
0.19 70 45 77 51 46 68 69 34 8 7 2 11 57 1 52 28 37 66 76 23 14 20 4 79 60 73 55 62 36 56 44 38 33 12 63 47 13 39 10 35 42 32 29 27 25 0 16 48 3 58
0.48 61 42 41 32 13 78 25 20 14 29 6 70 62 68 11 72 45 8 52 22 60 33 56 79 66 23 39 30 69 31 65 19 43 24 1 7 38 28 58 55 10 53 48 71 35 76 40 36 50 37 4 73 77 54 0 51 3 21 59 75 15 47 27 46 63 16 17
0.83 46 56 55 52 58 25 20 4 19 72 39 50 1 34 10 5 26 7 36 17 0 37 76 12 27 14
0.47 4 52 10 46 15 27 21 61 56 40 20 60 73 47 49 44 1 36 59 26 51 13 8 23 70 29 17 18 58 7 63 41 12 6 3 57 16 43 74 78 2 42 55 69 67 45 32 31 48 72 65 34
0.47 66 41 79 68 30 8 65 59 44 3 63 5 37 56 55 64 60 50 33 27 16 70 24 1 7 34 46 49 75 31 53 72 32 69 51 74 43 28 20 13 42 4 76 11 2
0.14 79 15 76 30 72 61 67 53 68 54 59 64 29 23 10 3 44 63 77 14 31 19 16 37 40 38 7 49 28 43 52 47 22 24 45 11 4 36 56 2 33 58 27 5 50 21 9 35 55 1 65 39 51 74 78 13 42 62 18 6 46 26 70 20 73 71 69 57 25 34 60
0.10 71 54 35 69
0.79 17 60 6 69 71 14 50 75 64 20 13 41 9 72 32 18 68 48 19 26 30 16 66 78 70 61 76 10 37 43 25 46 0 58 38 7 12 40 39 62 11 33 54 29 45
0.85 25 63 21 9 17 5 16 35 33 66 43 27 39 60
0.18 7 71 48 33 65 52 22 4 34 43 11 25 37 2 9 53 62 6 10 79 17 5 31 15 42 77 59 64 69 66 47 36 39 75 16 55 68 44 23 40 27 3 8 24 51 41 72 13 57 1 74 12 76 45 0 20 29 28 70 18
