2 80 80 0
18 60 73 34 70 31 50 51 48 36 54 51 66 98 13 90 14 90 72 71 38 82 31 15 68 20 75 86 33 98 60 41 100 93 74 11 95 36 59 35 16 19 40 47 69 22 67 74 60 37 17 43 70 18 77 72 13 28 13 76 94 80 93 20 52 35 10 75 79 60 59 39 10 91 42 27 43 52 45 26
0.82 12 48 31 71 74 39 15 9 3 59 67 28 54 24 6 62 13 14 52 53 76
0.97 31 42 20 21 18 34 30 25 43 1 28 50 51 13 7 35 53 27 66 38 64 37 24 33 47 75 70 12 10 32 26 36 76 71 23 2 5 41 63 54 65 49 58 61 69 0 15 46 8 57 3 73 77 48
0.91 42 25 5 20 50 76 37 59 77 53 9 58 16 28 30 68 70 6 23 7 56 64 18 12 66 27 41 33 14 49 43 72 46 48 74 11 2 4 15 38 36 57 21 61 55 39 19 26 10 52 24 60 0 35 44 54 79 51 22 17
0.26 75 11 28 54 39 9 21 32 71 16 44 68 31 52 78 13 63 35 15
0.86 13 52 7 4 64 31 15 29 45 26 0 48 11 9 20 70 25 57 79 42 54 12 33 27 17 78 47 21 63 50 3 28 73 34 14 66 51 37 35 38 40 67 72 65 68 6 60 5 39 24 75 59 55 16 19 23 32 1 58 18 44 74 77 62
0.98 6 42 44 62 45 13 11 65 1 66 79 52 69 10 76 50 37 39 24 36 0 56 35 53 58 71 75 72 30 16 63 25 3 68 74 29 17 41 32 67 22 55 21 9 60 51 54 8 2 4 77 64 31 78 7 38 49 70 34 27 14 40 19
0.58 60 70 74 32 3 49 18 52 43 73 69 40 21 64 79 72 65 9 2 44 61 34 46 48 76 33 63 47 27 13 35 51 54 24 45 42 55 77 75 10 59 29 25 62 8 12 26 41 0 16 17 30 7
0.67 53 6 22 64 73 59 62 13 34 57 74 30 69 60
0.25 33 58 50 37 10 46 62 45 54 1 48 44 35 20 3 15 41 21 60 25 38 13 0 51 78 65 55 28 7 40 11 79 18 36 63 72 49 61 17 47 30 39 57 43 12 24 19 2 77 8 64 53 66 9 26 14 74 52 22
0.62 20 67 76 24 15 25 27 70 28 78 64 59 60 11 55 31 49 41 47 45 23 62 69 79 2 5 72 32 39 54 12 9 56 0 30 19 26 40 4 75 6 52 74 18 8 68 35 63 50 73 22 66 77 57 7 51 65 10 58 61 1 36 3 21 71
0.56 58 5 50 31 22 66
0.31 62 72 19 44 78 29 4 24 31 13 61 58 47 41 26 45 43 48 14 65 33 30 52 68 39 12 28 40
0.44 9
0.58 44 56 25 29 74 78 76 21 65 16 7 46 69 17 66 60 47 58 73 37 61 49 22 2 18 64 68 0 33 79 59 10 34 9 54 31 62 70 23 14 11 51 6 20 35 28 5 24 42 75 43 26 30 13
0.58 60 6 30 61 64 42 58 26 49 7 79 1 66 45 65 62 67 37 43 10 9 24 56 71 47 34 22 41 5 70 38 68 31 46 2 16 72 3 20 69 32 28 23 8 53 78 55
0.27 28 60 57 16 36 17 32 20 54 18 65 12 7 68 26 24 11 8 72 56 39 77 37 29 78 9 64 15 79 0 67 27 34 38 31 1 61 47 48 23 55 30 44 58 76 5 46 33 14 4 22 3 62 40
0.48 43 40 0 70 56 14 29 12 73 15 77 79 66 58 47 20 44 52 41 36 59
0.70 68 21 11 62 20 35 39 26 2 25 10 48 75 69 51 59 44 32 71 17 65 70 52 14 0 36 46 8 66 4 61 22 30 33 77 49 79 78 34 50 12 29 27 16 15 73 3 57 76 72 42 41 45
0.35 79 47 77 56 14 3 12 48 2 72 76 11 23 39 30 73 46 29 7 25 17 66 44 35 78 69 10 60 38 18 41 9 22 67 42 64 49 50 40 59 33 34 4 74 51
0.94 27 6 42 10 57 9 36 13 34
0.07 79 59 28 73 42 56 60 70 71 10 46 68 17 9 33 18 5 45 72 54 69 76 55 7 0 3 78 75 24 19 26 12 51 32 20 8 57 37 29 48 22 74 30 25 14 49 50 6 64 47 2 62 39 52 41 61 13 31 34 15 58
0.60 2 21 1 11 43 47 14 61 65 22 29 36 16 34 70 49 24 63 9 68 28 46 30 53 74 54 27 20 55 15 79 45 41 44 7 51 60 42 58 3 62 76 57 8 0 35
0.54 22 31 46 16 24 64 42 0 58 26 20 19 29 33 44 51 52 65 13 37 68 47 8 1 72 59 61 36 74 5 63 27 39
0.23 70 50 40 4 29 17 3 49 7 19 34 75 66 67 77 10 60 68 76 78 58 57 55 1 20 74 13 61 12 30 16 9 73 45 0 52 25 32 24 15 33 36 59 2
0.27 77 17 63 20 27 28 61 73 64 15 22 3 5
0.12 27 54 57 22 36 60 14 17 24 28 5 58 62 42 41 25 70 8 66 64 59 20 12 77 52 9 10 46 61 1 67 18 50 78 23 55 2 47 73 65 26 72 45 35 79 34 51 49 0 33 4 48 29 40 56 53 76 63 71 31 75 37 11 30 15 38
0.70 48 29 17 6 25 78 45 76 31 63 33 69 58 38 65 19
0.79 2 30 53 5
0.39 41 22 29 71 46 11 74 28 1 56 40 45 35 76 68 23 21 36 16 60 62 8 12 27 33 77 7 79 4
0.04 39 8 37 70
0.82 79 9 63 60 39 15 17 28 27 48 69 76 68 37 31 54 49 55 43 42 74 25 21 52 62 41 71 5 70 66 12 6 8 26 64 58 33 0 45 65 78 47 16 72 3 32 36 77 20
0.25 59 15 53 16 43 25 18 50 6 38 14 45 28 68 52 67 36 12 58 60 40 63 17 47 5 2 57 26 64 35 29 72 70 46 34 27 0 7 1 77 78 11 30 13 49 73 51 33 22 69 79 9 74 71 41 4 42 39 23 24 21 55 48 19 66 10 20 61 44 76 75 3 56 31 8
0.25 41 76 48 62 36 52 2 0 20 21 15 25 9 32 22 29 34 51 31 74 37 5 73 66 8 68
0.45 7 68 28 3 46 70 56 19 59 20 15 30 31 78 17 5 36 27 10 52 79 48 35 54 42 76 8 65 33 69 29 43 26 51 67 47 72 21 62 60 34 25 74 1 4 24 77 22 63 50 9 13 61 32 40 14 11 0 49 37 64 16 12
1.00 3 29 17 67 2 68 37 27 78 38 31 64 77 59 16 36 62 61 73 43 51 53 63 60 20 74 24 0 8 66 39 21 9 71 30 40 10 69 47 12 56 15 58 25 65 22 54 44 6 50 26 79 11 23 34 42 48
0.30 25 13 31 30 45 7 0 67 27 4 54 78 19 65
0.28 75 10 8 76 21 4 27 9 29 59 44 5 73 20 65 67 11 47 35 19 48 3 49 61 71 28 66 18 17 24 15 68 39 26 41 69 40 46 79 77 74 42 34 54 78 58 1 57 45 2 22 53 16 60 51 43 6 0 70 62 31 37 50 55 30 52 38 33 13 25 56 23 64 32 12 72
0.01 0 36 17 70 78 57 5 24 6 27 79 43 14 33 7 10 39 67 40 53 45 21 35 72 34 15 31 55 59 66 69 30 28 42 75 50 47 48 74
0.36 74 8 66 63 71 59 22
0.84 54 7 70 2 12 36 29 20 53 21 72 37 31 51 42 55 1 5 32 78 45 68 9 26 0 44 40 67 77 25 64 75 4 73 17 56 3 61 66 65
0.15 33 21 27 54 78 71 62 1 77 37 15 18 4 57 17 69 75 70 5 24 41 8 60 53 39 29 44 67 56 47 43 50 79 68 66 61 11 35 22 51 42 34 64 19 0 16 58 31
0.56 38 16 73 48 8 1 5 53 3 13 42 21 56 77 23 60 34 69
0.72 77 71 38 5 58 63 37 30 21 34 24 43 62 78 31 22 55 48 61 17 20 16 29 41 36 74 51 6 12 76 25 11 33 49 27 47 28 75 23 8 67 18 39 10 52 3 53 56 73 19 54 40 9 14 13 0 42 57 1 4
0.39 64 47 65 38 60 66 39 6 10 3 67 71 54 24 20 75 17 0 59 72 13 79 57 11 14 73 44 77 42 31 61 8 9 41 40 34 37 53 2 46 18 35 56 52 12 63 50 7 23 49 5
0.26 9 13 64 2 70 56 11 27 60 0 42 40 31 35 30 63 17 69 76 15 37 52 66
0.15 39 73 23 30 49 21 51 78 13 54 59 14 26 0 22 35 60 67 64 2 45 66 40 15 65 48 62 41
0.60 6 15 32 55 7 60 29 0
0.73 4 41 3 47 13 35 12 17 64 67 14 43 37 54 55 76
0.25 30 41 33 31 73 42 50 56 74 36 40 26 37 53 29 57 70 48 15 16 69 47 75 11 27 28 38 54 7 68 19 55 13 79 25 23 17 52 59 12 6 32
0.86 35 40 44 75 45 69 59 8 74 26 1 36 76 19 52 49 6 7 47 3 55 38 4 9 15 73 16 21 72 67 5 29 11 13 43 62 65 10 14 61 46 20 37 56 12 68 24 48 60 78 58 39 33 2
0.52 27 63
0.15 74 71 7 8 75 55 31 77 33 67 5 28 20 59 40 76 10 48 29 41 46 34 22 9 6 50 62 72 25 16 70 58 57 78 54 52 18 64 2 61 43 68 69 51 60 14 19 42 63 53 56 26 30 32 44 1 49 73 13 39 79 11 23 38 12 17 0 4 3
0.77 34 62 5 33 56 76 47 2 37 0 69 4 73 61 65 24 77 48 19 66 25 63 9 22 12 79 50 51
0.21 15 64 74 20 13 0 68 57 16 75 69 58 78 55 44 49 42 36 50 31 12 45 34 62 76 35 30 70 6 1
0.49 22 68 74 18 51 46 49 39 77 72 27 66 6 78 25 76 5 71 45 23 42 9 11 58 41 73 28 60 14 4 15 59 32 69 63 1 34 75 8 65 67 20 52 26 12 30 19 61 47 40 13 37 10 62 50 29 31 44 33 16 48 53 36 21 3 56 43
0.99 8 37 40 38 45 47 70
0.62 4 6 7 69 61 70 55 47 46 33 58 1 66 77 5 15 62 23 21 2 19 10 71 72 63 65 36 38 34 12 48 76 3 0 43 22 52 29 16 75 30 40 68 54 39 79 14 41 45 26 18 49 20 73 28 44
0.13 64 62 39 27 26 76 21 1 34 35 61 68 60 79 46 30 19 53 14 51 0 12 58 20 67 42 73 4 24 45 56 37 74 75 49 32 31 36 28 29 33 41 65 6 7 23 54 70 5 2 52 57 3 10 66 17 59 63 78 18
0.53 27 34 67 20 76 74 49 50 9 43 60
0.76 1 24 55 66 30 5 35 29 45 77 63 48 33 32 6 18 14 50 2 67 38 47 13 51 40 20 10 21 59 72 7 71 44 37 22 19 60 9 69 27 11 42 73 65 31 26 8
0.22 47 71 36 21 74 34 79 32 72 7 69 2
0.46 51 18 68 24 65 53 17 7 33 60
0.18 41 39 50 66 51 29 45 15 35 43 56 70 16 57 31 4
0.09 23 73 28 25 68 13 53 20 74 21 70 17 12 63 66 26
0.41 16 33 60 51 7 26 47 27 74 43 79 73 49 36 66 63 29 67 2 28 48 52 42 45 71 9 50 58 8 70 35 23 30 77 61 34 32 59 11 41 20 57 25 37 1 38 10 3 6 44 78 72 18 55 68 31 75 64 24 15 22 17 69 39 0 76 13
0.93 14 41 1 42 69 67 18 23 75
0.45 65 2 76 20 16 11 28 71 79 73 14 47 62 25 57 27 56 37 53 48 58 49 66 59 19 4 36 29 74 39 70 15 12 41 33 8 30 40 60 0 5 23 17 75 63 46 18 21 31
0.19 32 74 64 68 25 19 69 50 29 23 10 27 44 1 55 6
0.73 52 60 63 54 41 32 66 68 62 67 76 40 78 6 1 77 42 14 73 9 69 22 34 58 79 30 0 26 21 48 49 59 38 47 50 51 23 5 37 64 24 19 43 20 10 15 39 25 27 74 28
0.62 77 13 58 63 37 32 35 50 18 27 28 49 8 5 33 64 29 31 43 66 39 67 57 26 23 56 41 79 25 60 59 19 6 45 15 34 40 42 3 62 71 78 24 0 11 2 76 1 68 12 51 17 48 10 52 72 38 20 65 46 69
0.27 56 10 6 72 44 3 5 70 50 38 69 19 36 11 21 43 62 27 30 47 41 35 45 39 9 23 63 40 52 22 15 18
0.44 13 29 48 74 54 75 50 52 45 15 34 79 17 8 10 60 66 39 31 40 14 5 70 65 55 78 30 20 63 62 38 27 24 43 61 77
0.99 53 27 5 28 42 44 70 20 47 21 17 22 40 0 60 11 75 29 3 24 67 52 61 58 64 57 32 6 55 34 41 35 15 33 26 10 49 12 37 39 74 43 50 25 31 51 68 1 76 56 38 7 77 18 69 73 4
0.49 25 49 72 73 76 9 74 21 60 17 45 54 42 69 29 79 35 26 43 0 68 37 28 6 75 40 41 27 61 36 38 59 39 16 18 71 30 19 14 13 31 55 33 34 51 53 23 67
0.71 41
0.87 11 0 26 42 33 35 36 78 40 41 25 18 58 21 39 9 71
0.16 44 16 22 20 73
0.91 25 16 66 21 45 74 18 19 30 27 54 5 9 48 32 53 70 72 41 17 3 33 11 55 56 44 31 40 37 6 15 65 63 35 59 42 69 49 67 78 71 62 52 75 34 68 20 43 76 8 61
0.76 69 14 58
0.31 56 65 1 23 47 3 52 7 11 55 72 39 9 32 48 61 22 71 68 58 29 33 77 18 60 49 43 34 79 41 19 8 46 59 6 25 57 40 45 74 0 16 36 30 17 20 62 69 53 10 2 13 64 73 12 54 76 67 31 78 4
