2 80 80 1 138761.78
49 45 22 77 93 99 93 85 63 86 76 66 23 79 60 47 57 74 67 51 93 33 51 30 73 18 26 20 39 95 91 29 64 19 61 17 85 13 89 31 55 73 48 66 50 60 90 47 15 65 83 94 32 73 19 36 72 63 26 19 50 43 16 50 22 26 77 89 63 19 75 84 68 89 25 99 83 73 21 45
0.77 49
0.98 42 62 39 1 58 9 12 25 36 35 57 15 72
0.56 5 28 7 51 32 62 55 4 13 40 22 34 39 8 12 76 11 14 38 24 71 23 75 59 60 69 26 79 10 43 74 2 44 15 37 30 73 17 77 35 31 33 65 9 56 6 67 68 27 58 45 3 64 21 50 1 61 0 19 63 52 48 78 49
0.87 61 79 75
0.03 51 5 47 9 76 36 72 34 64 3 10 30 25 38 62 79 43 35 37 46 6 65 77 78 73 7 41 21 45 53 2 50 23 17 58 56 57 71 16 48 26 18 27 14 15 63 29 33 67 55 59 52 75 20 1 68 61 13 42 40 66 22 70 32 31 19 4 60 11 39 0 74 69
0.37 1 57 54 72 56 15 68 53 52 29 62 67 34 39
0.23 21 6 33 71 35 28
0.80 27 36 5 56 14 43 64 46 41 55 42 58 38 12 33 69 47 76 79 49 62 45 3 24 51 63 20 4 21 30 48 7 9 70 78 37 73 19 54 59 60 15 52 29 10 50 32 11
0.42 72 73 24 79 69 52 58 56 76 66 7 64 9 34 15 28 19 65 8 51 32 40 45 43 36 68 26 33 11 2 5 17 27 62 49 25 67 61 12 63 13 22 3
0.14 67 42 15 25 53 40 51 41 63 39 64 13 66 79 18 56 23 78 73 14 29 27 26 7 74 12 38 62 58
0.68 75 55 2 73 20 74 51 64 29 1 0 71 47 7 18 68 60 76 30 8 62 39 21 43 56 3
0.68 62 61 46 40 60 23 78 25 66 42 2 76 5 4 75 67 16 71 8 12
0.39 48 58 53 21 13 70 49 32 44 17 23 55 64 28 61 41 56 15 35 10 30 60 78 76 24 12
0.16 72 55 37 39 42 63 3 70 8 46 19 43 11 26 62 2 66 53 41 18 73 31 57 67 33 1 4 65 47 49 14 5 35 75 61 56 77 48 23 36 16 34
0.54 58 32 13 1 68 9 46 66 5 31 48 20 74 23 65 17 0 14 34 72 24 61 29 77 76 25
0.54 7 27 46 12 55 32 5 8 71 68 56 44 26 3 2 60 28 37 45 57 54 15 14 78 63 49 70 76 33 38 21 61 48 4 9 11 59 10 35 43 34 31 6 74 69 39 40 64 29 25 16 42 65 41 30 53 52 22 66 17 19 79 72 75 23 36 24 58 0
0.74 18 65 75 9 25 78 67 17 63 35 23 60 33 7 6 32 66 11 47 70 10 29 59 73 26 54 79 77
0.30 8 68 33 53 1 0 52 30 72 47 74 49 39 4 58 9 66 77 40 57 3 11 31 69 65 19 37 22 43 55 32 67 64 76 6 78 45 16 42 63 26 10 51 12 54 35 25 61 46 27 73 38 36 44 14 15 23 59 2 18 48 71 13 70 56 60 62
0.11 62 51 35 76 47 30 46 9 27 2 8 19 41 13 24 39 57 73 43 69 44 11 34 1 16 31 66 50 71 56 33 21 67
0.87 14 7 33 47 24 4 51 62 63 10 39 15 27 48 74 31 2 49 50 66 16 29
0.30 23 2 33 52 70 5 45 72 10 28 6 68 58 25 3 66 32 74
0.01 63 50 59 2 73 52 7 48 37 22 55 21 78 57 28 62 74 64 5 71 38 36 67 4 11 68 53 33 20
0.05 54 10 66 15 3 75 20 50 72 1 41 73 60 12 13 0 38 44 7 27 62 46 26 35 39 18 36 79 6 65 42 32 33 23 24 17 2 37 22 59 53 8 71 77 5 67 49 74 25 30 70 28 21 9 61 40 47 69 76 64 11 29 58 57 43 78 63 52 45 34 56 68 51 16 31 4 48 19
0.05 48 4 61 16 28 75 9 5 1 58 70 30 14 11
0.26 41 62 56 28 49 54 55 64 21 22 42 59 11 46 74 70 24 63 32 36 67 4 50 0 30 34 48 31 3 13 68 66 23 7 52 60 51 43 78 1 77 26 72 69 2 15 47 16 17 58 79 27 65 57 18 75 76 33 10 61 45 29 14
0.57 18 0 63 74 3 25 28 36 52 73 76 15 27 37 53 75 23 69 77 12 17 35 24 11 58 50 39 9 43 78 51 61 59 70 4 66 8 54 21 29 40 7 1
0.97 62 30 37 60 19 49 50 25 47 9 1 58
0.05 78 37 15 51 31 39 29 45 34 61 7 53 36 43 33 6 9 22 42 24 0 35 25 23 17 73 27 77 49 3 20 19 68 52 47 4 66 18 41 50 63 72 67 28 12 2 75 74 5 79 44 65 32 69 48 62 11 64 60 14 10
0.86 22 1 66
0.05 15 39 65 23 73 62 41 66 6 58 72 25 68 78 5 8 76 18 12 30 28 50 3 52 21 60 24 1 26 36 51 67 35 56 74 46 48 57 61 2 38 77 54 17 44 55 42 13
0.49 79 37 51 68 70 77 14 21 31 0 53 11 9 64 34 42 73 29 10 22 30 76 23 56 47 15 66 44 50 6 12 46 28 5 69 40 55 8 17 54 26 33 63 58 3 71 16 59 7 75 19 27 38 4 18 78 72
0.91 28 70 12 71 23 16 27 37 47 2 40 67 21 69 44 9 49 32 14 62 73 31 22 60 19 58 63 53 18 43 35 5
0.76 14 12 31 48 36 72 32 79 39 51 2 6 27 75 71 70 62 18 26 23 46 74 25 9 17 54 16 29 10
0.21 1 75 72 53 76 4 51 15 2 74 37 60 41 30 32 22 73 44 27 58 5 8 25 7 67 33 50 61 31 47 21 3 17 14 0 77 23 55 26 16 10 54 78 13 46 35 9 79 65 29 59 68 69 63 52 71 38 11 39 66 48
0.57 36 50 46 73 32
0.41 14 44 6 47 75 62 36 48 0 49 73 33 34 57 5 55 68 2 4 28 71 54 31 3 78 12 64 61 76 10 9 65 19 69 40 56 8 41 13 63 50 52 30 7 35 46 1 25 45 32 26 70 27 22 66 18 24
0.74 10 25 39 52 77 47 37 57 26 0 69 59 66 76 42 75 62 24 35 6 13 27 79 30 28 1 4 15 61 54 49 68 50 20 19 17 22 2 65 67 48 11 72 60 21 33 78 32 63 51 73 40 23 55 31 3 8 74 36 16 9 56 41 43 18 70 29 5 34 7 53 45 71 38 46 64 58 12
0.65 49 72 52 42 5 56 9 78 53 66 39 11 54 15 74 68 63 16 65 4 14 57 73 3 45 26 77 41 61 10 1 55 21 79 31 75 62 69 23 6 30 60 51 70 22 71 40 17 46 59 76 44 12 33 37 36 2 28 0 43 24 20 58 7 32 64 67 13 27 50 48 19 47 35 34 38
0.29 22 50 41 70 55 1 63 43 54 16 15 76 38 9 8 0 24 14 52 4 40 21 75 67 30 20 46 34 11 25 69 32 23 58 13 53 77 12 72 2 33 19 48 61 10 29 6 60 28 62 37 39 18 68 17 73 35 78 27 45 31 64 7 3 79 47 42 74 51 36
0.26 11 18 46 20 33 34 55 60 51 24 49 7 77 57 28 75 39 40 66 56 63 74 22
0.31 71 40 22 62 37 20 26 15 55 16 38 19 11 57
0.79 20 14 11 37 46 4 67 63 54 56 13 41 61 43 22 52 9 39 40 79 70 15 7 77 19 57 51 26 38 60 34 16 29 12 36 49 71 28 68 48 65 53 69 55 47 27 44 64 72 31 78 10 66 3 74 18 6 58 21 33 73 45 2 24 23 30 1 8 62 5 35 76 42 75 25 17 0
0.01 40 53 43 54 48 1 38 33 71 34 4 17 66 0 14 67 47 22 29 68 60 77 64 63 72 58 30 45 11 36 26 20 31 55
0.23 14 28 69 25 71
0.79 29 25 7 42 32 72 24 61 28 53 16 4 67 60 70 64 2 3 58 5 36 71 65 13 44 31 37 19 57 26 66 10 69 30 8 40 1 23
0.08 3 54 77 52 36 28 44 74 14 45 17 6 38 50 12 4 20 29 27 51 58 75 10 61 2 76 46 30 13 41 68 48 35 18 55 42 5 22 33 78 40 65 73
0.85 38 53 60 20 7 8 65 72 56 5 16 37 22 13 51 77 17 73 18 0 45 68 52 41 3 47 61 11 31 32 49 59 29 34 19 62 12 44 70 21 27 2 58 78 66 35 26 6 24 15 63 71 14 75 4 54 46 74 42 64 48 50 10 40 30 23 36 33 43 9 57 1 55 67 28 39
0.74 11 52 57 14 67 51 45
0.46 72 38 31 70 37 4 62 56 25 6 1 7 0 17 59 45 68 13 29 43 51 2 11 48 9 20 55 5 75 27 42 16 3 41 52 32 22 40 53 63 61 28 39 71 33 46 60 74 44 54 21 69 19 57 14 76 23 73 12 49 64 8 36 26 30 79 66 24 18 78 58 65 15
0.82 6 55 50 33 31 15 45 46 35 22 10 23 19 1 39 9 44 68 7 60 66 65 73 5 26 51 63 18 70 25 27 24 2 12 67 32 59 13 52 34 61 64
0.20 47 37 19 10 22 52 69 41 42 59 48 66 28 6 32 55 30 72 53 5 50 61 46 40 38 9 67 77 78 15 44 43 18 29 65 20 21 25 36 13 51 1 2 68 76 8 71 11 27 54 3 74 70 63 79 73
0.26 40 45 65 36 0 73 49 71 27 55 74 9 22 8 23 2 28 64 15 60 13 10 62 25 1 17
0.48 36 3 76 35 39 64 34 20 58 65 56 79 29 66 2 18 13 70 53 77 60 51 27 40 69 49 45 0 11 14 75 23 78 46 24 12 73 7 47 1 42 26 31 55 50 9 15 57 44 48 74 68 41 16 43 17 6 33 10 63 8 19 67 61 28 5 52 62 71 72 21
0.16 75 15 55 54 77 47 66 46 41 62 39 24 4 17 48 52 35 27 71 34 51 30 56 1 31 36 26 28 61 43 50 5 16 76 73 20 53 63 78 12 42 64 13 9 58 6 68 7 14 23
0.97 42 51 57 60 26 35 22 38 67 12 48 15 54 76 34 31 9 63 25 69 53 16 78 46 66 65 13 2 29 64 33 4 20
0.40 43 4 42 44 21 26 64 11
0.26 33 70 67 22 79 47 75 27 24 9 26 32 59 65 74 0 55 23 17 76 36 73 13 34 16 18 5 64 78 39 62 30 10 44 19 20 41 6 72 42 52 58 49 71 3 28 35 68 25 37 38 60 21 63 45 15 56 12
0.09 9 63 53 43 6 29 10 55 15 42 11 66 12 20 57 56 62 58 50 35 2 76 74 36 79 1 52 44 48 26 32 22 16 54 69 67 27 7 37 23 40 60 68 18 5 21 0 30 34 64 33 77 31 24 75 38 8 78 59 45 13 47 65 46 61
0.67 32 13 3 76 47 0 22 5 27 79 15 46 41 57 33 59 23 64 58 66 72 51 45 31 75 28 30 36 18 16 60 54 39 78 40 11 67 20 48 8 19 17 77 61 68 74 70 62 50 25 56 44 52 65 34 21 35
0.26 51 79 21 42 3 32 77 26 1 54 70 17 12 63 58 27 59 64 53 23 38 20 62 78 71 72 36 13 41 22 52 0 15 25 60 74 48 34 5 9 2 14 33 50 56 31 8 11 4 73 46 18 30 66 39 75 68 61 7 76 10 19 55 37
0.60 47 73 20 53 11 7 71 52 49 27 33 69 4 0 8 18 55 42 65 31 37 74 68 15 58 24 64 51 75 38 44 10 77 72 39 78 3 17 70 9 2 1 29 22 19 60 25 59
0.52 74 46 60 30 53 66 55 6 7 57 27 14 47 39 45 12 70 22 31 49 4 75 13 29 51 77 34 48 67 32 43 20 8 17 64 28 38 42 10 76 3 61 33 62 18 54 69 65 50 37 41 2 9 26 72 78 16 25 44 0 19 40 68 52 59 56
0.52 28 32 44 67 35 11 56 38 77 78 55 7 60 63 30 59 18 62 15 68 47 57 40 45 27 75 74 43 76 22 3 14 21 0 31 79 48 19 5 24 17 42 58 51 73 36 8 23 64 72 16 41 9 2 69 34 25 4 33 20 54 49 6 65 12 71 1 46 10 53 26 66 50 29
0.94 14 5 18 46 50 34 33 24 30 56 6 58 11 60 69 49 79 35 65 22 78 9 51 52 53 42 37 74 20 67 47 55 0 62 32 3 26 73 25 19 54 57 8 72 4 64 23 68 27 2 41 15 10 76 59 36 16 44 1 13 66 29
0.69 69 26 28 52 61 45 55 78 37 70 19 68 54 34 23 58 6 30 12 71 66 18 5 53 46 1 63 27 67 14 57 11 31 56 13 65 9 49 36 79 8 16 29 43 75 25 74 44 73 3 51 77 17 41 21 15 50 7 64 59
0.81 41 57 64 73 32 44 22 68 37 47 20 63 26 76 29 43 77 45 50 42 49 62 7 60 51 56 54 30 19 2 52 78 1 69 31 15 6 10 0 58 4 59 17 16 14 79 71
0.05 51 5 56 72 67 9 17 52 25 10 21 33 74 78 79 43 20 35 3 73 50 66 42 69 40 77 1 59 75 49 57 32 28 47 16 37 55 6 23 0 13 45 31 4 12 15 18 41 70
0.23 54 44 9 13 5 33 57 45 15 37 61 28
0.89 15 71 62 63 77 51 50 60 3 44 4 27 49 21 36 24 5 69 20 31 43 6 53 16 13 37 70 78 1 17 59 41 19 2 25 68 11 10 48 18 28 72 52 8 34 26 66 47 39 22 76 14 75 45 12 57 9 42 67 54 35 33 65 64
0.55 47 76 67 4 45 68 57 15 78 23 73 52 42 79
0.48 12 57 16 65 78 42 6 4 8 67 50 25 79 70 43 11 30 55 22 69 32 29 7 73 41 51 38 61 27 15 34
0.47 7 52 62 65 46 66 63 39 5 25 43 44 18 47 32 59 33 26 29 61 17 41 70 0 8 69 19 60 74 21 48 67 34 6 54 77 57 79 15 36 27 76 42 78 53 75 20 45 28 24 16 31 22
0.98 16 48 61 60 15 65 36 75 30 41
0.80 77 2 72 3 70 27 24 63 75 71 28 20 64 55 32 10 38 76 1 49 11 52 4 46 44 51 74 36 41 43 13 23 47 48 58 42 68 17 18 53 45 6 65 62 29 14 30 67 66 0 15 16
0.37 14 25 17 27 23 34 38 56 37 20 13 7 73
0.13 24 75 20 44 22 68 77 74 12 7 16 25 2 66 30 62 45 76 36 34 28 27 55 11 61 57 54 72 71 43 67 10 26 50
0.52 57 28 38 42 52
0.19 30 15 70 17 26 34 36 2 16 27 77 39 42 37 11 31 76 56
0.46 44 58 47 4 42 11 69 71 75 16 70 15 28 62 76 36 21 0 61 14 9 60 48 74 22 10 57 1 40 67 12 37 65 27 54 78 5 32 55 77 6 25 13 43
0.96 49 60 14 25 8 1 36 48 18 23
