2 80 112 1
35 18 87 100 53 57 65 99 96 35 79 99 82 90 75 37 54 23 10 69 41 49 39 47 69 88 36 72 54 34 78 71 22 71 34 11 88 16 65 30 31 65 28 26 35 13 61 80 29 43 73 86 40 10 10 68 84 78 60 34 58 23 89 39 91 47 14 12 13 22 81 80 55 19 46 21 73 12 23 42
0.52 63 48 12 54 37 52 34 17 72 9 22 46 75 33 49 27 25 69 36 32 28 2 59 0 39 20 68 77 47 76 40 62 55 42 70 10 64 16 18
0.61 41 32 71 75 56 38 35 23 33 12 8 66 27 60 54 11 69 28 13 24 77 70 53 21 25 4 6 40 68 76 72 44 10 5 55 34 1 15 46 61 42 65 7 73 18 64 37 45 48 36 59 78 51 16
0.53 74 55 17 75 12 8 57 39 29 18 45 15 40 68 30 42 46 11 72 25 1 23 63 48 71 14 79 2 37 53
0.73 18 72 78 12 77 20 43 75 65
0.32 7 75 27 10 69 37 65 19 4 2 51 32 15 34 1 66 55 21 57 77 63 3 0 68 52 61 45 14 25 73 42 47 24 18 70 76 78 53 60 38 13 49 71 48 59 6 50 58 29 44 64 30 16 17 5 20 35 31 62 23 8 28 12 11 41 33 22 46 67 56
0.63 39 29 6 12 52 36 65 75 34 78 10 25 0 74 26 4 47 19 59 51
0.27 53 16 32 67 30 49 29 52 13 1 42 70
0.82 18 10 34 4 66 37 12 68 44 17 19 29 41 40 50 22 58 55 47 62 53 21 3 24 69 38 13 51 76 6 5 78 33 9 54 8 60 32 63 1 46 26 49 65 36 61 75 31 43 20 52 57 7 45 79 25 73 67 14 23 72 35
0.70 39 44 69 72 33 21 0 3 19 8 56 28 15 75 45 67 58 60 62 9 24 40 35 37 78 17 11 64 27 43 2 1 52 73
0.89 60 20 28 61 67 46 34 5 25 1 15 14 75 44 48 36 32 11 74 24 37 45 39 43 51 3 73 40 50 52 7 6 63 19 56 79 35 57 62 68 21 42 76 41 17 0 31 27 78 49 23 8 59 22 29 26 13 18 69 77 10
0.28 21 73 38 23 41 10 46 24 48 0 59 71 69 25 2
0.19 56 14 30 47 72 50 18 22 1 57 12 79 48 40 41 23 17 27 2 59 69 33 11 25 37 21 55 70 45 66 15 6 46 71 28 32 3 63 77 73 34 64 19 39 0 52 8 38 16 36 44 24 75 62 65 51 20 9 7 74 54 4 10 43
0.89 67 7 48 62 17 45 64 61 27 36 30 26 40 76 34 31 59 56 16 22 25 68 6 24 53 50 2 33 71 18 23 65 13 69 14 42 37 9 32 78 12 28 77 38 39 21 75 52 63 44 58
0.12 76 43 55 77 24 66 29 42 68 19 45 13 79 30 70 18 25 69 20 15 60 54 4 67 12 22 53 52
0.40 33 61 34 54 11 64 70 2 42 48 38 17 12
0.38 10 53 18 20 66 69 8 17 56 47 3 13 64 28 12 6 5 68 7 46 30 37 48 1 73 36 38 55 32 21 34 74 78 51 50 29 49 52 23 0 9 22 63 45 31 62 65 27 58 79 19 70 75 40 16 35 57 4 72 24 60 42 61 41 26 15 39 2 54 67 44 25 14 77 76
0.80 46 63 61 31 2 12 29 8 24 57 7 37 64 76 5 55 43 72 1 0 73 79 53 25 22 38 51 47 66 19 30 14 6 32 52 35 62
0.75 24 55 47 49 61 60 66 39 34 75 67 64 5 28 1 69 43 54 48 51 53 22 56 30 68 45 18 50 27 72 58 17 46 19 0 11 76 59 62 71 33 35 44 79 6 38 2 25
0.86 3 43 55 1 77 13 74 49 24 19 12 56 8 71 69 48 18 2 41 25 30 59 10 16 79 4 64 72 32 11 28 46 39 44 17 58 54 37 67 42 78 57 20 50 63 35 21 70 53 52 45 66 75 26 9 38 31 0 22 6 68 65 33 36 40 23 61 14 5 15 60 76 27 34 29 51 62 73
0.69 29 13 73 23 37 18 34 10 48 39 15 67 53 58 32 38 30 41
0.25 47 8 52 58 18 38 34 20 39 44 72 19 10 16 53 40 60 71 55 35 9 13 49 64 23 41 32 31 3 1 51 59 73 74 57 24 17 29 33 36 30 68 6 54 2 25 50 70 56 7 42 46 69 48 77 21 22 78 61 12 75
0.38 55 41 61 13 2 47 71 23 52 30
0.87 16 76 36 32 47 11 56 49 43 3 23 77 44 58 0 27 52 50 7 68 34 55 13 38 9 17 66 51 39 54 40 22 29 12 20 35 15 53 41 5 78 31 10 21 4 61 26 62 30 57 24 64 6 28 65 14 59 2 19 33 72 1 48
0.51 37 34 75 23 70 9 12 39 77 11 25 16 54 46 22 58 65 76 28
0.15 40 68 26 3 37 6 18 22 56 15 73 9 49 27 62 70 50 39 20 33 74 46 19 64 32 52 34 21 57 72 28 53 61 42 16 31 59 11 41 51 8 63 35 48 7 45 36 2 29 38 75 0 17 54 25 69 66 5 60 79 71 30 24 23 67 14 12 44 43 10 58 65 47 76
0.62 59 23 38 78 9 41 21 55 66 48 49 36 31 2 57 54 40 16 62 4 11 15
0.84 66 65 63
0.95 37 75 44 8 9 26 43 57 62 72 7 51 4 11 32 76 2 10 25 65 74 23 67 33 47 56 50 73 15 30 42 18 41 69 45 34 78 1 68 59 27 54 55 61 53 71 66 28 63 31 22 60 40 12 38 79 6
0.97 29 28 13 75 66 8 72 67 60 30 24 42 50 53 47 11 2 71 33 56 12 49 10 27 32 38 73 76 1 44 23 40
0.77 3 33 1 68 62 72 76 23 69 78 79 64 55 32 28 42 47 22 4 74 16 21 56 5 46 54 45 38 26 43 12 27 34 71 66 60 25 39 2 14 63 17 41 9 7 77 0 59 58 15 70 48 35 36 24 67 20 51 50 6 8 10 53 44 11 52 18 61 65 57 31 49 29 40 37 30 75
0.28 38 62 65 21 66 68 75 79 7 18 63 19 77 29 57 28 35 27 55 22 20 44 33 53
0.47 71 77 63 41 29 8 51 73 24 11 49
0.09 20 79 13 51 42 40 48 54 53 32 0 2 31 23 69 47 45 64 56 29 36 21 33 66 72 9 3 30 7 15 34 73 5 43 16 60 62 26 49 38 61 44 12 24 19 14 35 27 22 63 1 76 11 10 39 78 68 59 28 18 67 65 55
0.20 76 47 44 0 28 46 27 4 69 11 35 40 29 30 68 60 38 62 51 79 34 53 77 33 45 59 75 36 58 16 57 42 24 21 19
0.04 39 51 71 60 30 77 10 78 27 23 49 7 74 57 58 41 9 28 6 47 44 63 70 48 66 40 12 2 33 16 59 65 11 5 64 73 45 38 20 52 53 46 75 19 17 31 54 37 34 25 32 13
0.27 72 49 65
0.99 15 30 72 57 36 52
0.11 23 68 46 12 37 53 43 32 19 48 17 65 9 6 74 55 66 73 76 25 10 2 41 15 64 31 7 58 47 3 60 14 45 28 34 36 50 11 54 33
0.27 69 78 75 62 22 54 41 72 26 24 71 1 67 52 39 14 58 55 9 43 29 31 33 25 11 57 61 37 70 35 79 15 6 7 59 42 8 47 3 65 27 17 13 2 0 21 32 4 36 40 10 56
0.18 65 21 73 75 79 23 15 11 3 38 10 69 8 77 31 63 20 42 78 35 71 53 19 12 30 36 33 22 67 55 1
0.51 0 34 41 39 71 53 10 60 12 55 47 64 2 5 38 28 43 52 59 31 46 11 75 26 48 24 72 49 57 33 54 21 79 56 73 66 20 58 68 69 40 44 29 13 51
0.45 24 53 77 45 37 31 8 68 78 41 22 47 79 4 72 64 43 23 67 63 27 58 29 71 16 0 14 52 15 62 69 20 35 28 50 42 26 17 19 32 39 70 48 10 40 61 46 38 7 33 59 49 76 21 51 1 25 75 30 18 74 55 44 60 73 66 6 13 11 3 54 9 12 36 34 57
0.86 23
0.70 20 25 35 61 36 39 15 14 1 58 11 19 73 50 56 26 32 75 49 53 16 59 63 38 8 72 22 2 79 17 42 10 62 7 37 52 44 46 12 28 18 21 4 3 57 6 66 27 24 69 41 60 40 74 70 0 45 13 31 76 78 33 5 29 77
0.49 55 73 48 19 77 34 60 5 20 16 50 53 43 76 15 61 35 6 26 33 52 56 71 40 14 46 24 78 28 25 79 63 70 65 31 17 13 2 64 75 58 67 68 44 21 10
0.22 13 68 54 0 32 47 63 19 5 69 37 11 33 41 59 77 25 75 44 8 56 4 65 17 31 9 45 3 16 29
0.65 54 4 23
0.59 44 12 19 26 66 79 35 2 50 64 17 53 23 67 74 49 42 14 61 78 62
0.27 31 52 0 3 76 63 65 49 54 1 62 8 47 44 51 46 42 21 22 64 37 26 13 35 25
0.56 17 32 72 71 24 49 76 51 10 42 79 58 4 47 64 34 38 50 68 55 20 5 36 78 15 39 66 73 12 0 70 9 48 23 31 30 54 1 6 41 59 2 29 33 69 65 63 46 74 62 35 67 52 21 53 13 44 45 37 61 56 8 77 60 3 22 26 14 18 25 28 40 19 75
0.25 66 48 12 28 30 1 39 7 62 78 17 70 76 59 5 69 53 31 37 25 45 35 43 16 40 79 10 58 21 75 65 20 6 61 60 52 29 2 11 63 0 51 57 14 77 67 4 15 54 71 41 23 64 68 47 44 24 27 42 8 26 32
0.79 51 61 48 3 2 55 25 68 67 36 23 78 74 20 37 32 58 21 54 76 13 33 1 70 44 64 56 28 26 59 50 62 34 27 14 41 31 73 29 45 43 30 60 65 53 7 72 46 39
0.92 11 30 9 72 7 1 68 14 10 16 38 41 29 45 78 36 20 19 4 70 3 21 47 51 28 6 22 76 15 50 2 46 18 73 24 39 63 42 34 66 64 35 57 12 48 59 44 37 33 13 26 0 65 49 31 71 55 69 74 58 60 25 5 79 53
0.57 19 26 8 50 47 76 49 31 14 74 18 16 65 22 2 0 55 79 27 7 44 62 45 72 42 29 75 54 61
0.11 33 13 32 72 38 61 46 69 78 76 11 23 63 48 21 30 70 55 37 25 8 3 47 45 14 53 44 34 35 59 4 12 22 62 60 28 77 65 7 79 15 5 1
0.04 70 17 58 9 22 2 48 56 0 72 25 57 29 15 20 67 63 40 18 27 10
0.75 17 48 18 64 52 40 43 55 3 60 68 33 67 36 26 23 66 24 32 53 71 22 62 58 9 69 42
0.49 67 51
0.81 62 41 69 49 29 34 39 13 44 4 53 35 78 42 31 75 7 23 21 10 67 9 76 74 45 64 40 12 51 60 18 2 54 14 66 38 57 20 16 15 68 36 6 73 30 3 61 26 0 37 79 17 52 8 33 71 27 32 65 77
0.47 66 2 76 74 72 78 60 39 14 73 69 53 62 37 63 61 18 0 65
0.88 61 63 21 6 76 74 34 28 32 67 0 72 31 24 39 49 18 77 55 10 8 35 66 14 50 25 78 36 56 20 30 79 52 64 3 11 12 15 4 48 44 38 7 22 54 71 1 60 57 73 40 70 45
0.94 71 38 26 13 12 79 62 21 65 32 55 15 45 64 57 54 0 27 24 36 56 19 44 72 10 75 31 42 58 7 17 20 28 22 8 18 49 2 41 53 48 34 47 52 40 69 50 3 25 43 63 5 30 77
0.48 43 35 41 11 3 39 22 48 29
0.25 53 15 46 10 7 17 50 0 22 56 29 68 9 59 13 42 21 77 2 78 54 61
0.19 78 59 50 41 17 73 21 22 14 57 46 67 10 54 32 53 48 18 9 25 6 4 70 27 20 49 56 11 26 69
0.20 3 20 33 5 9
0.33 37 2 67 77 15 27 47 58 73 14 33 35 20 29 72 42 68 63 26 43 79 0 24 65 39 70 31 55 9 78 25 74 49 23 21 59 18 44 6 51 28 22 76 36 75 34 4 12 61 30 57 19 66 5 60 41 69 11 64 32 13 10 53 52 17 45 62 38 50 46 54
0.96 78 0 10 17 52 73 69 70 60 48 33 64 67 45 77 43 15 46 11 58 68 14 37 36 20 72 28 2 71 56 79 49 19 42 5 6 23 18 26 65 12 7 32 50 51 31 27
0.68 67 54 16 28 6 3 71 53 36 39 65 50 64 34 46 9 11 74 57 61 59 37 2 21 15 12 32 79 30 77 69 29 52 76 73 48 7 47 49 25 8 17 27 1 68 70 63 19 66 31 20 14 22 24 56 45 58
0.92 18 26 42 35 47 27 20 16 51 44 72 46 0 78 25
0.06 29 27 32 40 65 26 62 22 52 63 20 2 8 36 64 1 6 70 73 68 18 47 53 77 4 71 46 12 30 78 66 57 75 69
0.56 16 54 15 6 35 34 50 73 72 64 75 49
0.12 40 75 26 17 47 69 15 0 42 30 29 41 60 19 78 20 45 51 21 35 43 27
0.72 44 12 68 31 11 73 22 52 16 45 78 18 36 28 23 9 50 42 61 7 6 58 69 54
0.60 14 24 42 41 77 1 64 39 17 13 6 78 74 34 40 79 5 12 18 21 36 8 63 44 69 19 10 46
0.79 5 9 48 8 52 41 61 77 16 55 4
0.32 54 31 46 3 19 65 27 51 79 63 53 70 74 60 38 35 4
0.07 21 76 56 35 58 34 6 53 64 61
0.80 3 35 67 63 19 25 10 9 23 79 20 17 0 52 18 73 43 39 4 21 66 32 45 2 41 48 24 26 14 71 27 56 28 33 31 1 34 77 60 76 69 51 15 75 7 16 46 54 57 6 62 42 53 8 40 29 70 50 30 78 37 49 44 55
0.93 26 15 3 21 39 16 50 0 45 78 1 13 25 55 68 56 35 23 59 18 73 42 69 20 29 11 49 37 4 62 7 36 38 46 66 5 12 41 53 65 10 27 17 61 28 34 71 58 54 22 44 48 57 64 43 63 74 8 31 40 77 51 32 14 24 9 6 33 67 79 19 70 30 47 2 75 76 60
0.23 13 59 78 48 43 36 17 1 37 55
0.82 71 28 48 58 24 5 18 46 36 10 60 74 31 77 44 52 61 51 73 53 26 78 22 45 0 8 69 35 17 72 29
0.31 59 53 2 6 50 30 60 13 55 52 35 23 27 48 51 46 68 40 49 58 0 69 63 28 7 75 47 66 56 26 15 10 65 16 17 67 54 8 72
0.72 43 4 71 13 70 37 0 24 53 32 76 23 30 65 78 52 40 25 57 33 48 49 22 8 46 64 6 68 31 61 44 73 51 9 29 54 60 19 39 34 62 21 45 5 72 35 7 17 79 15 28 27 20 55 36 50 47 42 3 26 75 56 10 12 38 11 63 69 58 18
0.05 21 18 50 56 43 76 42 41 9 71 35 32 11 67 55 62 53 47 3 1 8 38 44 39 58 24 73 77 40 26 25 48 13 65 59 5 0 75 10 78 29 52 16 36 68 2 4 49 12 34 37 66 28 30 23 6 54 22 69 72 46 7 64 15 14 45 60 57 17
0.00 52 54 6 47 9 25 0 1 59 76 7 26 27 11 44 12 58 38 60 73
1.00 48 3 64 70 33 0 22 4 46 74 79 36 49 71 38 27 20 8 42 25 9 50 40 65 13 17 54 2 78 67 23 26 61 43 11 37 44 19 77 39 7 63 35 55 45 72 6 28 16 5 59 14 57 56 24 1 66 51 31 68 32 76 18 73 12 15 53 75 10 58 52 30 60 62 29 47 41
0.40 9 54 30 2 25 71 75 16 10 58 23 66 73 67 27 13 38
0.39 79 14 74 70 77 17 5 2 61 16 78 46 32 3 31 11 1 71 72 44 24 30 64 73 8 7 12 13 21 25 39 56 0 15 23 36 66 69 20 41
0.50 20 53 79 32 58 4 23 45 17 55 54 29 62 51 43 71 49 25 65 22 26 30 18 40 39 72 59 16 57 3 9 27 70 34 0 60 31 67 63 46 6 78 10 75 77 8 36 73 38 66 24 69 64 68 42 50 76 14 12 1 33 56 13
0.39 21 37 62 31 48 52 43 46 7 69 47 75 54 10 45 29 30 42 3 59 15 9 60 4 19 27 23 61 71 38 8 53 66 64 24 68 5 11 0 39 25 41 49 50 44 70 26 6 18 35 58 32 65 22 78 40 14 12
0.46 26 2 49 20 1 48 3 38 7 43 59 74 33 6 45 51 32 61 5 60 36 68 22 66 18 21 19 39 14 47 73 27 77 35 8 17 76 44 79 11 55 54 15 29 12 4 67 41 25 58 9 64 52 63 42 40 13 50 10 37 56 16 69 53 62 28 57 24 70 75 30 65 71 23 0
0.77 34 3 28 39 30 33 18 46 66 59 0 37 65 32 4 15 7 62
0.37 74 40 26 7 3 17 43 25 6 45 60 41 24 13 1 37 76 4 23 16 75 29 56 5 10 2 69 0 57 46
0.07 10 27 48 57 22 34 11 5 38 47 63 17 44 24 33 77 37 4 40 78 43 75
0.37 4 13 22 71 61 19 40 2 38 51 49 75 25 31 39 69 46 44 52 29 74 20 18 55 27 21 24 65 26 11 59 54 68 72 7 23 17 16 32 15 8 36 53 48
0.60 22 6 47 4 42 48 16 44 23 8 49 40 17 28 20 63 19 12 45 61 74 2 58 35 41 65 68 9 30 26 29 46 69 37 77 18 39 52 76 59 72 27 31 1 25
0.92 12 8 51 56 60 45 43 1 6 77 64 30 39 72 58 21 32 73 74 16 22 31 76 42 67 36 11 33 7 65 23 66 29 26 68 57 27 5 35 19 59 24 47 0 40 69 49 15 28 79 34 13 20 2 55 17 48 38 52
0.81 39 28 46 42 3 62 13 58 18 63 12 15 29 2 44 10 68 40 17 23 32 69 45 59 25 9 76 71 20 21 16 50 48
0.55 16 34 5 18 59 43 66 12
0.87 66 62 21 43 44 49 17 72 74 28 9 22 55 64 31 68 56 10 42 34 78 23 58 16 59 30 45 38 27 20 0 77 79 61 73 40 50 33 53 57 29 70 69 76 4 35 37 5 60 11 36 75 67 1 18 51 7 13 46 8 6 25 41 14 15 26 63 71 54 24 12 3 52 65 19 39 48 2
0.41 66 75 15 50 1 18 43 60 77 19 54 58 68 30 59 51 35 55 14 40 62 48 72 13
0.09 71 45 22 50 59 68 69 23 28 32 25 65 74 76 26 17 31 64 29 54 60
0.44 30 47 23 9 61 74 58 45 63 40 57 50 19 8 43 69 60 79 13 56 65 77 16 15 7 78 75 72 14
0.29 62 53 22 18 74 46 60 75 33 32 7 5 41 21 50 23 8 73 55 47 35 64 78 12 24 72 10 25 20 38 11 43 57 67 45 17 63 39 56 69 37 3 34 79 4 42 6 59 48 36 2 71 54 61 0 58 51 70 65 40 15 77 28 30 49 26 44 31 76 27 29 68 14 16 66 13 9
0.95 40 42 63 49 60 13 57 43 22 77 11 2 54 29 45 47 61 5 36 72 1 23 55 37 10 4 52 50 24 53 27 76 14 34 64 31 70 6 56 7 16 0 25 28 17 44 68
0.04 55 31 13 11 58 61 25 60 19 56 22 1 62 78 26 4 3 21 38 32 2 71 24 36 16 79 28 42 17 34 18 59 8 6 41 77 65 73 29 46 76 0 72 23 70 39 49
0.27 52 69 59 15 38 1 28 40 41 4 39 8 49 34 3 27 47 64 58 55 57 65 46 25 20 11 74 9 7 30 32 5 61 76 29 60 51 42 63 62 37 45 50 66 77 36 44 21 6 17 56 78 72 35 75 12 23 22 48 71 10 79 54 19
0.26 58 41 34 76 14 55 32 56 24 8 36 46 43 49 40 31 21 37 71 33 22 2 18 44 17 4 1 73 19 27 29
0.64 7 73 42 8 9 78 46 72 0 5 3 56 39 40 12 36 44 30 76 50 21 14 63 62 11 16 23 24 26 71 34 54 41 49 55 68 43 58 13 17 18 75 25 10 52 15 61 59 22 6 77 29 35 60 1 33 19 69 4 37 27 74 48 65 20 51 45 31 57
0.83 68 18 52 62 59 51 66 45 14 25 63 56 73 57 27 38 9 77 0 31
0.56 66 68 36 14 56 20 2 31 34 15 13 35 79 75 3 38
