2 80 80 2 156772.01
52 98 98 76 41 95 10 72 72 96 86 100 84 85 58 65 59 65 79 43 10 48 72 18 32 32 34 29 12 74 28 86 52 49 53 94 45 12 57 37 69 31 26 75 83 17 44 35 79 51 74 34 25 74 48 64 57 88 13 26 75 32 95 52 40 63 36 29 91 68 35 13 28 66 19 46 13 37 54 23
0.35 52 3 66 78 20 32 75
0.91 64 6 28 21 68 38 44 18 39 35 57 40 75 1 37 10 58 32
0.97 18 61 52 40 75 56 32 34 33 1 71 48 50 69 41 8 43 17 7 64 76 12 38 53 47 46 30 5 35 20 21 67 25 27 29 60
0.65 38 25 77 72 68 18 0 67 64 49 34 50 5 47 9 51 40 57 62 44 75 11 1 61 55 4 14 16 46 23 48 63 6 43 45 20 19 2 27 66 30 42 79 54 59 28 60 53 70 17 32 3 36 41 76 65 8 78 31 15 39 35 26 33 22 37 69 12 13 24 71 73 56 29 58 7
0.70 76 63 33 23 41 60 69 4 75 42 59 67 11 17 58 68 40 24 19 37 29 65 64 21 22 66 52 3 61 20 45 8 14 9 7 74 1 70 77 48 35 34 44 12 39 55 18 79 16 78 53 73 26 56 72 32 43 5 2 36 6 47 50 71
0.96 38 79 9 66 24 51 73 18 55 47 16 21 6 69 77 35 68 32 43 2 13 19 48 42 76
0.64 69 14 44 40 61 77 42 63 7 41 43 78 10 79 0 67 64
0.21 43 50 38 73 69 52 37 7 28 74 26 59 68 4 1 30 44 78 10 79 77 45 2 46 49 40 72 11 41 0 66 20 23 54 57 35 71 3 25 33 76 19 47 55 14 31 27 64 5 24 53 36 42 34 16 56 21 70 29 9 8 62 63 22 15
0.69 30 46 5 1 72 51 50 78 79 38 13 74 76 28 32 55 71 43 36 10 61 18 33 31 58 65 22 17 23 2 68 19 69 77 15 9 12 56 16 45 53 4 37 49 6 64 47 11 52 62 75 44 24 25 3 70 59 57 35
0.73 72 36 0 9 3 50 55 18 63 79 27 56
0.81 23 19 68 17 13 72 32 1 42 46 69 25 10 34 16 14 48 51 55 36 60 4 29 7 76 26 18 44 41 35 5 28 54 8 62 56 77 47 75 6 52 67 0 65
0.99 38 64 11 63 50 21 42 41 70 28 27 53 66 68 69 36 35 18
0.05 3 79 44 71 30 73 7 43 18 78 36 66 59 67 69 35 76 39 48 26 4 19 57 20 34 64 2 65 46 16 55 72 56 68 28 8 61 37 14 75 22 6 10 42 54 51 53 5 62 11 52 32 17 49 0 24 1 70 74 25 12 77 13 33 38 60 50 15 29 9 63 58 31 21 45 40
0.96 8 62 6 31 79 70 39 46 54 13 12 50 78 49 37 61
0.47 74 6 30 7 29 62 39 66 1 15 9 4 18 34 3 71 23 33 27 48 54 0 28 8 10 13 46 31
0.86 2 76 69 63 45 59 0 19 67 34 40 54 21 26 5 6 61 62 39 12 27 1 43 37 41 42 44 30 75 71 55 58 60 32 52 24 11 51 68 14 74 35 9 10 7 17 77 65 4 23
0.34 62 27 24 12 57 14 15 44 51 46 49 18 61 41 47 32 68 69 79 72 13 26 50 17 38 9 53 11 34 55 8 40 23 22 43 30 76 42 48 67 7 70 78 63 71 4 54 19 64 45
0.27 41 29 68 77 9 46 26
0.79 31 77 39 62 32 35 69 76 66 68 28 15 37 59 73 71 58 11 65 12 70 8 40 17 20 13 2 79 27 19 45 1 7 25 23 21 74 52 14 49 30
0.36 32 5 65 34 14 76 31 77 49 73 53 79 51 13 68 3 16 40 52 20 60 2 47 43 54 55 69 45 29 42
0.83 8 47 20 29 66 77 0 31 33 51 15 18 37 28 67 54 57 39 76 10 72 2 16 41 5 48 30 7 60 9 4 40 64 11 12 63 1 55 27 74 6 59 21 49 34 56 24 17 36 45 22 13 75 71 61 58 43 26 32 14
0.16 40 51 9 70 0 14 72 54 41 56 63 53 50 1 52 33 17 45 37 20 32 25 12 5 26 44 22 64 15 73 79 39 74 30 6 69 60 24 76 66 13 38 47 78 11 75 57 55 77 18
0.50 65 62 79 74 59 75 38 0 20 17 73 48 27 69 53 68 2 55 64 6 16 45 9 23 66 12 5 21 43 35 40 52 25 60 58 63 22 41 30 70 32
0.73 34 21 32 40 75 7 36 31 33 26 63 77 14 19 57 29 46 43 39 11 79 5 15 23 42 10 12 74 25 24 16 47 18 17 58 78 13 67 41 71 59 56 73 22 38 55 6 20 69 4 30 37 45 52 28 9 48 3 49 27 51 8 44 62
0.87 28 10 49 63 64 29 31 38 56 26 59 45 40 23 35 37 46 51 55 74 57 30 48 67 54 18 6 66 2 1 4 19 33 62 42 7 72 0 12 39 70 77 14 76 13 58 27 52 32 17 20 78 60 50 44 43 41 9 79 36 5 8 24 21 68 53 73 61 34 11 71 47 16 69 15 75 25
0.36 58 54 56 7 70 16 71 5 57 24 76 77 21 63 28 41 10 49 65 26 64 14 52 40 61 23 48 55 67 75 25 79 2 60 39 66 32 68 8 3 27 29 13 9 47 69 35 38 15 17 72 30 37 12 11 33 34 50 0 31 18 20 1 53 45 44 78
0.05 57 68 38 47 64 3 31
0.41 73 70 59 48 4 1 51 21 40 67 35 31 54 27 9 46 58 75 12 74 69 8 15 10 11 38 65 55 18 29 42 22 6 24
0.16 23 14 7 30 36 0 43 59 56 79 48 69 33 35 78 42 25 62 18 47 68 5 17 1 52
0.22 77 48 33
0.61 42 37 67 51 46 76 43 28 70 7 71 54 4 58 75 33 1 53 32 57 49 5
0.56 0 17 34 79 50 54 20 42 36 63 22 26 11 66 51 10 2 58 48 43 15 14 8 77 5 28
0.57 77 58 10 68 61 13 29 2 18 16 30 73 56 44 17 12 63 62 14 55 3 69 8 1 78 60 41 74
0.49 11 48 56 36 21 10 55 65 25 3 24 64 45 19 39 2 13 54 6 53 38 79 63 37 40 60 43 5 33 69 35 30 31 23 46 22 70 42 17 27 66 58 44 47 49 4 50 7 61 51 9 14
0.38 70 3 8 68 20 71 51 47 53 22 10 62 30 26 15 77 2 25 49 36 19 41 23 12 33 67 28 74 52 17 24 43 1 40 63 14 21 4 6 29 76 65 34 31 39 58 61 7 55 18 0 42 79 11 13 50 69 9 5 64 27 48 35 59 78
0.88 66 31 46 28 49 19 37 79 60 11 69 13 78 47 58 48 0 68 12 8 22 35 59 54 21 39 64 65 73 45 43 63 71 26 2 36 76 62 38 5 67 44 24 27 7 4 61 34 3 15 10 72 1 6
0.45 33 58 56 24 57 30 38 21
0.77 74 41 69 28 34 18 2 47 57 60 6 53 59 72 51 1 39 20 10 23 38 14 64 0 75 4 44 9 21 78 37 67 30 45 40 61 16 52 33 79 76 3 36 25 8 7 43 49 13 50 70 22 24 68 15 29 35 56
0.12 3 0 75 7 56 28 68 23 30 52 39 12 19 53 32 43 59 37 48 22 34 71 24 67 46 42 29 76 77 62 36 6 57 25 73 79 9 13 38 64 58 8 2 47 61 35 63 45 1 5 15 20 14 4 72 10 55 21 33
0.37 3 0 58 56 35 69 62 23 28 9 20 13 64 68 33 36 45 21 38 19 59 2 18 34 72 71 78 43 7 12 5 31 29 51 70 75 76 8 66 6 57 47 4 10 39 46 16 37 41 11 17 22 65 74 27 32 61 54 50 67 52 48 24 26 15 53 44
0.88 41
0.82 16 30 31 8 67 6 23 13 59 7 25 18 62 64 15 19 48 76 61 26 1 44 55 34 10 42 20 51 73
0.67 76 18 42 38 51 36 74 22 73 20 24 23 45 21 19 64 10 35 34 77 54 1 6 50 62 55 11 61 48 4 9 72 27 16 52 25 8 33 12 69 71 53 32 65 66
0.83 21 27 7 59 41 50 20 66 49 39 1 60 29 6 64 32 62 47 9 19 53 45 18
0.22 11 13 8 73 50 58 56 38 15 33 69 12 39 22 66 37 79 9 41 43 76 6 31 75 32 70 74 3 49 25 2 68 30 16 4 18 36 17 47 28 23 21 1 27 77 67 34 57 20 35 19 52 48 26 55 59 61 24 64 7 5
0.21 9 56 15 60 30 50 14 42 57 72 34 54 23 36 5 4 26 64 33 43 8 67 44 66 68 45 19 46 61 28 51 20 3 27 13 38 18 58 39 63 6 0 69 17 2 11 47 32 37 75 29 16 65 25 55 76
0.97 15 72 44 35 54 42 43 47 50 32 57 31 2 20 39 53 26 34
0.88 20 65 24 8 46 37 41 19 3 16 43 27 26 51 52 35 15 62 44 28 23 18 0 67 4 79 31 68 5 25 33 72 59 69 7 70 50 1 38 63 57 54 9 73 58 74 6 2 11 71 30 78 75 56 40 77 21 22 12 61 53 48 55 39 34 47 13 42
0.90 24 44 4 67 46 21 33 32 71 52 40 58 6 29 49 27 45 16 56 77 12 65 0
0.51 5 64 33 3 44 35 0 46 21 75 55 22 42 28 79 70 43 32 54 78 13 16 76 29 6 41 30 11 66 12 62 15 9 74 45 67 63 31 48 14 24 38 10 27 73 18 69 39 52 51 71 23 2 50 40
0.05 6 75 38 74 32 72 20 78 27 64 39 10 62 22 52 59 15 0 56 13 30 28 2 54 35 17 23 66 46 71 12 77 3 76 68 40 45 14 47 60 63 36 31 8 1 43 51 9 18 50 41 24 21 57 11
0.24 41 76 60 58 59 20 4 50 8 65 66 35 54 39 24 5 23 0 71 30 2 40 56 77 78 18 19 15 73 42 46 10 1 31 3 79 52 61 22 64 72 37 62 21 74 29 13 6 47 38 27 63 45 12 67 28 14 26
0.69 23 5 48 37 33 40 29 72 47
0.76 69 71 13 42 76 58 30 23 57 54 70 1 56 24 29 22 38 8 35 32 18 37 25 67 34 16 0 3 44 17 49 72 52 78 75 46 4 6 64 47 45 39 31
0.94 44 43 49 3 54 15 70 78 23 41 72 39 76 48 65 64 66 8 12 58 7 5 47 11 33 77 69 37 57 27 56 19 32 13 55 1 40 2 62 51 35 74 9
0.45 12 69 77 63 8 35 2 74 75 57 73 30 70 27 46 41 17 53 22 7 61 15 64 19
0.13 78 34 16 68 71 48 74 17 23 21 79 19 44 77 47 33 62 22 6 35 60 25 27 46 36 63 2 28 49 1 29 26 9 70 64 11 65 38 55 66 50 8 14 0 12 57 69
0.91 15 23 57 41 20 24 30 52 49 47 69 7 79 4 17 51 67 40 54 26 59 10
0.66 41 1 73 23 33 66 76 79 74 31 55 59 51 12 49 2 11 22 61 45 5 67 75 65 38
0.67 48 45 79 7 10 56 27 9 19 15 62 50 1 68 64 58 8 13 42 73 51 29 49 14 0 33 16 28 75 74 70 55 63 17 22 11 39 52 21 46 65 38 5 40 44 30 6 57 20 76 32 47 67 24
0.89 7 42 0 53 43 24 76 33 68 70 41 2 35 36 29 74 4 16 46 64 67 47 58 50 37 75
0.42 17 21 18 27 13 32 77 65 73 72 30 35 76 34 66 26 45 19 46 44
0.31 70 28 14 52 16 32 17 51 3 59 11 42 53 56 48 7 26 35 46 68 63 78 39 74 49 31 76 64 8 2 43 12 40 5 38 75 50 57 19 27 22 66 72 60 29 77 61 15 13 41 9
0.14 23 28 7 47 72 33 68 44 29 78 1 69 74 3 45 58 6 25 11 14 16 22 77 24 54 67 76 4 17 70
0.14 2 73 12 3 77 74 45 68 52
0.51 6 55 33 59 25 4 30 32 13 41 48 22 71 12 20 43 63 76 23 5 61 52 31 51 45 56 72 60 66 54 64 18 27 36 46 68 35 14 15 79 37 74 29 75 11 9 58 77 42 10 17 26 57 50 53 24 0 34 62 16 47 78 28 39 7 44 69 40 38 1 70 73
0.45 15 26 18 39 6 70 28 75 4 36 50 0 72 69 54 10 24 71 30 16 21 29 78 22 12 19 34 11 14 53 38 1 35 77
0.07 28 52 7 22 10 43 75 41 72 27 23 70 17 13 3 51 74 44 0 45 20 69 78 42 33 12 71 56 26 49 34 14 73 29 19 47 31 65 59 66 16 76 5 55 53 46 38 62 32 60 39 48 18 35 1 57 15 63 54 9 21 67 58 64 6 37 79 61 24 8 25 4 68 40 2 30
0.90 44 1 18 11 56 22 6 35 51 40 49 34 78 41 23 64 38
0.05 52 24 38 62 71 13 75 74 3 51 56 57 12 25 79 8 19 22 28 35 67 21 29 34 48 45 31 14 72 2 5 15 4 36 46 47 1 26 37 32 69 54 50 39 40 77 78 30 0 68
0.15 31 13 23 38 7 0 25 18 47 79
0.04 49 28 22 27 33 26 38 10 53 52 75 2 37 48 29 71 70 58 77 42 44 64 15 12 8 46 56 68 36 73 65 62 13 17 47 74 14 0 66 35 34 51 24 40 59 76 19 72 63 32 55 39 9 23 78 1 50 16 6 25 54 45 79 41 69 57 60 3 61 11 5 18 31 4 7
0.43 34 77 63 18 47 78 44 27 7 53 50 70 74 42 76 66 32 14 68 71 28 75 58 4 9 33 31 49 16 0 20 36 52 17 57 11
0.44 24 42 33 59 50 9 68 47 15 7 2 40 45 19 29 44 72 67 27 38 70 35 10 71 28 37 14 66 3 16 22 34 18 4 69 56 61 25 79 30 5 64 32 52 57 11 51 63 78 6 36 58 46 20 77 0 13 1 17 65 31 75
0.63 12 48 51 42 73 36 41 55 47 49 13 46 64 1 0 52 68 28
0.01 15 10 63 73 54 25 9 66 65 50 19 67 18 71 33 43 3 59 13 1 68 24 28 7 34 42 55 29 57 70 64 0 75 5 52 45 26 60 49 48 69 51 2 40 79 8 16 76
0.37 41 78 62 11 76 3 21 63 65
0.32 77 30 45 74 58 57 49 51 27 44 69 23 31 37 47 62 54 34 17 6 10 4 66 61 2 48 43
0.93 41 70 3 1 56 2 46 48 43 73 63 64 40 76 77 75 61 15 36 32 71 14 26 18 54 59 72 33 23 74 5 58 45 22 52 62 34 28 29 8 51 30 31 66 39
0.54 41 0 73 36 47 76 2 59 74 29 63 58 31 39 11 12 24 8 3 9 15 34 27 69 30 7 43 26 23 44 64 56 35 70 62 37 54 65 33 42 67 38 20 75 45 48 4 32 51 72 46 53 18 14 21 19 60 55 6 61 25 79 78 57
