2 80 48 2
42 17 80 11 50 88 82 16 24 82 83 58 73 16 53 16 98 39 64 69 89 49 93 21 72 59 98 27 80 56 67 46 53 71 71 72 47 14 77 39 90 39 35 83 94 76 75 49 36 90 53 86 51 60 71 45 71 85 20 34 51 31 30 81 79 92 82 38 61 42 44 72 35 75 72 14 86 58 42 95
0.44 9 70 16
0.15 39 52 63 15 66 78 61 33 67 79 42 1 56 48 24 72 71 11 2 57 75 46 13 23 21 28 50 34 74 73 59 30 32 35 40 60 64 4 17 10 53 70 76 8 14 65 43 58 25 45 68 55 7 77 54 6 69 62 41 47 49 38 9 16 44 3 31 37 26 19 18 27 36
0.20 26 20 41 5 22 37 40 58 53 11 71 42 63 76 78 29 3 50 67 19 45 79 36 24 61 75 49
0.99 14 67 40 22 52
0.75 53 14 32 76 21 70 25 61 40 58
0.63 29 67 26 22 56 31 63 9 32 64 60 51 8 74 14 33 24 55 58 46 18 25 20 41 13 77 49 17 21 72 0 1
0.02 27 60 45 79 53 74 34 59 31 49 38 48 72 11 76 61 54 35 71 4 64 77 10 15 36 21 40 5 69 25 28 73 12 78 67 29 75 62 22 30 57 37 65 2 26 13 14 8 46
0.18 33 36 60 9 11 39 77 29 56 28 67 41 13 22 0 19 16 54 73 61 66 34 74 68 3 46 71 25 78 57 6 62 76 50 30 55 37 72 18 31 10 52 65 44 32 2 5 8 23 24 27 43 64 79
0.05 23 12 42 25 72
0.93 65 73 44 60 46 56 61
0.48 27 72 68 1 49 66 41 56 26 3 79 45 76 28 16 2 33 67 35 69 24 53 46 5 73 63 44 38 32 0 60 22 50 70 40 4 37 74 13 21 9 25 43 64 65 47 55 10 75 51 57 23 14 6 62
0.59 51 36 30 62 13 20 64 19 15 71 18 54 48 29 2 72 1 31 77 24 58 3 73 0 37 76 56 53 9 70 26 25 66 27 23 14 52 5 46 78 50 69 61 60 11 39 57 67 38 68 75 34 35 63 28 22 65 7
0.87 67 8 51 7 68 0 38 24 69 46 19 54 45 40 35 16 10 48 61 66 28 77 41 56 53 39 43 32
0.44 56 58 77 16
0.69 65 61 30 43 72 20 56 58 70 33 69 47 37 34 79 29 22 67 40 19 53 59 14 68 2 16 31 62 17 24 11 41 23 75 60 54 78 73 71 63 1 10 15 35
0.81 77 63 69 0 11 24 30 5 49 14 42 72 46 73 65 50 76 60 25 8 48 33 38 64 26 61 18 4 39 57 78 19 70 36 45 62 10 43 51 58 41 74 28 68 2 23 7 21 54 52 67 20
0.22 7 33 76 2 45 40 19 21 24 72 0 49 12 66 58 55 47 59 65 50 61 25 28 67 16 51 11 79 56 44 31 68
0.79 23 76 56 54 22 13 40 57 0 18 39 24 67 32 43 51 7 21 6 29 68 19 74 70 49 31 72 78 58
0.12 33 60 70 4 2 77 30 43 39 34 14 28 31 29 40 78 35 74 3 41 73 72 62 46 51 44 8 0 20 1 13 5 56 26 69 55 22 59 32 37 11 54 53 71 9 23 45 12 27 68 50 10 18 17 76 36 64 38 79 21 7 24
0.41 51 4 44 21 15 56 49 42 62
0.81 39 65 4 78 19 69 18 40 34 14 23 33 57 35 36 1 68 74
0.36 54 52 66 12 45 29 55 23 77 2 0 20 28 40 7 47 57 75 43 35 3 74 11 61 41 76 4 26 49 27 46 30 59 10 38 79 67 51 8 56 25 13 24 22 48 68 19 42 64 33 21 71 44 18 78
0.13 41 40 78 67 71 58 51 14 44 62 25 15 17 2 43 77 55 20 9 50 46 45 76 57 39 28 36 29 53 22 26 37 70 18 5 1 72 21 3 13 24 74 64 38 60 65 4 33 79 63 69 31 61 19 10 23 8 12 6 59 42 73 30 48 35 52 27 11 56 7 75 49 66 47 54
0.09 51 42 48 18 61 64 25 24 62 49 36 44 12 27 4 73 74 68 78 22 35 29 19 43 9 46 8 10
0.56 56 79 35 21 68 66 44 23 18 43 49 2 28 19 36 30 27 70 62 5 37 59 33 38 64 65 13 73
0.13 29 10 17 74
0.67 15 79 67 61 77 72 16 3 52 28 29 13 66 70 76 54 0 71 63 75 51 47 6 48 41 31 32 49 8 33 5 60 21 14 64 24 62 12 46 26 53
0.25 49 48 58 30 47 53 38 15 56 10
0.11 53 43 75 7 44 28 76 41 54 37 36 72 64 78 70 34 26 77 59 16 33 71 27 52 21 14 45 18 2 24 4 50 25 5 12 48 15 69 73 3 35 57 20 32 0 19 29 31 58 38 8 9 40 46 62 30 11 13 22 47 60 39 17 10 56
0.83 10 27 22 61 71 64 43 25 53 14 42 26 28 9 13 60 24 65 48 18 31 38 33 40 36 17 11 34 2 41
0.51 48 59 79 24 15 39 51 0 34 26 43 45 54 53 70 50 56 76 14 8 1 49 67 16 58 77 11 46 18 42 52 78 44 19 25 68 57 29 3 22 72 32 47 63 69 5 13 38 21 60 17 36 41 28 9 6 74 2 31 66 55 10 62 37 33 20 12 73 7 71 65 23 61 40 27
0.90 50 7 64 22 17 58 69 13 60 3 12 68 27 47
0.27 3 52 19 67 31 53 69 23 20 77 22 59 18 26 62 24 49 75 44 60 56 6 17 70 46 50 66 13 2 35 16 1 32 39 41 76 8 79 21 29 42 57 34 54 71 48 28 30 12 5 4 51 7 40 36 68 73 14 33 15 64 27 11 65
0.65 1 13 15 79 18 29 61 3 73 39 64 74 44 49 6 9 38 55 78 58 40 36 57 52 45 43 37 23 47 2 33 59 60 0 11 71 4 8 70 69 35 21
0.74 8 70 22 15 52 38 67 9 20 48 39 5 35 53 24 31 47 1 66 12 37 77 17 54
0.41 23 41 68 9 69 39 54 44 1 7 2 5 73 22 78 58 70 29 24 51
0.60 53 58 60 62 21 36 10 23 39 73 42 45 25 34 77 29 2 20 71 46 41 12 78 30 22 38 8 26 57 69 72 68 63 35 61 3 16 79 59 74 1 11 32 40 70 15 54 67 5 7 17 24 0 66 19
0.38 53 10 2 71 44 12 18 5 68 58 34 31 78 72 30 15 54 45 29 73 23 70 0 7 69 48
0.71 18 76 40 30 17 31 41 8 53 20 46 56 26 74 28 24 25 79 57 43 39 4 45 32 75 13 5 44 2 14 58 61 10 37 73 12 21 42 59 77 1 66 16 65 33 35 64 51 52 54
0.73 2 31 60 61 69 6 4 57 16 75 54 17 62 78 48 8 67 11 27 64 18 50 53 37 63 3 58 70 76 65 46 56 38 49 34 14 12 71 36 74 15 25 0 13 10 22 47 21 73 20 40 35 77 28 5 30 42 51 59
0.57 3 10 42 74 5 72 57 61 40 48 58 25 66 12 23 17 62 75 65 33 59 30 2 16 77 49 45 19 38 4 13 64 50 69 63 36
0.54 53 12 75 32 1 79 48 22 73 27 46 43 8 16 40 62 72 6 61 65 14 64 70 13 2 11 34
0.12 79 62 76 44 36 14 15 50 38 23 52 0 28 30 6 4 57 43 48 53 24 55 46 64 37 31 34 70 61 7 71 16 56 22 26 54 12 75 11 20 51 3 17 40 66 45 72 60 5 35 58 9 77 32 33 65 41 10 27 18 67 63 68 21 59 78 25 2 13 8 1 73
0.62 25 40 55 53 60 38 49 28 15 48 5 71 18 12 0 72 1 32 34 64 4 57 35 76 23 21 29 39 66 78 74 19 30 43 75 61 27 36 17 8 11 13 16 67 59 70 54 50 2 42 44 37 33 22 3 63 62 9 14 65 79 73 68 26 20 7 10 6 46 69 31 24 58 45 52 47
0.81 4 36 72 30 27 44 33 64 0 50 23 70 7 76 24 54 43 48 17 10 25 73 56 47 32 16 29 42 67 60 65 37 26 22 40 31 18 14 38 15 1 68 19 55 21 75 3 49 5 46 78 12 53 62 79 66 6 28 77 13 51 41 69 11 20 58 34 9 74 45 61 57 71 63 2
0.74 34 41 77 72 32 42 48 35 3 38 61 78 53 51 10 45 24 36 30 33 7 22 28 37 49 26
0.71 11 43 10 29 46 22 77 39 16 7 57 68 35 12 62
0.29 56 8 32 0 42 67 13 52 44 34 65 11 73 6 1 75 15 39 14 19 50 62 55 40 72 10 48 24 3 4 71 36 23 43 63 29 31 70 2 20 35 69 66 26 49 30 78 16 33 7 22 59 27 58 79 18 68 28 17 64 57
