2 80 48 0
15 75 55 50 11 86 31 41 91 98 12 78 22 28 42 11 17 86 70 66 20 19 74 81 64 14 81 21 58 73 88 69 25 96 16 56 41 97 53 66 74 24 74 64 17 36 59 86 78 47 73 24 89 44 14 64 18 25 16 69 13 36 91 32 69 11 95 92 40 63 43 22 87 43 19 96 13 19 16 23
0.61 4 74 34 37 46 73 36 29
0.84 12 27 56 6 59 31 32 26 1 40 43 50 14 75 0 54 51 69 13 30 11 23 66 58 78 35 53 72 18 46 64 48 41 55 76 22 21 65 25 17 44 60 3
0.92 77 71 63 75 66 28 78 9 43 44 6 7 54 49 36 29 38 73 45 20 24 13 56 47 53 12 16 11 2 79 65 0 72 15
0.91 29 45 36 69 18 53 55 39 37 68 72 16 7 35 75 64 58 47 54 4 74 30 32 10 28 77 56 66 79 78 3 21 46 33 1 65 61 60 50 25 40 0 63 5 27 19 9 23 57 43 71 14 44 41 52 8 67 11 22 15 24 12 20 62 51 59 38 26 13 76 6 73 48 17 2
0.25 11 10 61 9 21 60 5 14 24 34 56 7 64 75 50 20 63 19 46 30 73 13 6 8 66 27 17 39 0 52 58 53 37 40 78 45
0.99 70 75 66 53 44 2 76 29 57 34 23 7 43 31
0.94 7 13
0.03 17 52 78 72 41 18 10 54 65 26 19 57 50 22 62 27 75 24 51 58 66 61 59 32 25 45 70 73 11 63 12 67 49 34 33 69 4 39 79 23
0.54 65 32 46 21 77 52 23 56 50 47 58 60 19 73 16 79 29 40 7 0 33 6 38 67 66 59 15 75
0.34 5 45 44 36 4 0 67 65 74 51 42 18 8 23 12 9 68 31 22 46 26 71 61 25 64 70 6 53 75 38 57 43 52 56 30 63 3 28 15 13 24 37 49 55 40 47 62 14 20 34 1 69 78 59 2 77 35 41 76 16 66 11 58 32 21 72 79 73
0.65 60 24 6 72 78 22 7 59 58 29 14 13 32 63 42 3 50 55 31 15 1 52 70 37 23 69 46 61 8 45 27 5 36 25 30 10 18 39 28 33 66 54 76 56 26 47 40 48 34 2 43 41 74 17 44 49 57 71 16 4 9 35 38 75 0 53 20 64 12 62 68 21 51 73 79
0.28 57 7 26 39 24 61 6 33 48 74 47 25 22 43 8 41 18 51 65 30 4 9 53 49 28 1 79 35 16 59 15 2 46 62 76 75 38 29 44 14 77 20 45 70 58 67 40 11 50 63 78 21 71 10 68 13 12 56 23 66 42 37 19 55 34 73 54 3 32
0.89 11 68 31 71 72 10 46 36 58 34 66 25 26 20 39 6 70 13 40 75 41 17 29 67 45 5 9 76 48 42 57 56 18 32 16 53 38 65 0 8 47 43 73 23 19 1 63 50 44 79 62 69 77 54 35 27 7 60 12 21 37 3 64 14 2 55 4 15 59 52 28 22 61
0.17 5 64 62 7 29 18 19 69 37 9 31 2 21 30 15 76 44 26 52 71 57 55 32 79 24 74 42 66 47 6 17
0.17 14 66 7 41 16 22 48 5 52 47 18 51 13 2 50 78 33 43 62 24 56 26 20 61 46 58 28 4 34 32 76 54 35 25 8 75 3 40 39 42 30 9 69 17 12
0.70 65 38 4 0 10 50 44 57 31 2 37 36 73 53
0.91 35 33 71 52 23 60 31 16 4 58 55 37 72 62 8 5 64 73 51 38 77 11 56 22 34 1 41 47 0 44 48 39 43 36 30 40 6 7 21 66 2 70 65 53
0.92 12 46 63 4 57 15 0 65 79 75 16 41 33 40 1 59 5 39 28 51 43
0.69 2 29 13 40 36 60 14 58 43 18 52 35 72
1.00 27 25 35 40 55 53 10 63 21 6 69 73 16 59 56 71 46 33 60 61 70 7 34 50 11 48 51 31 64 76 1 0 78 13 32 77 45 47 42 4 43 65 5 12 19 79 14 20 22 44 23 62 57 2 24 68 39 67 38 8 74 41 58 66 30 17 36 9 28 72 18 15 75 3 26 37 49 52
0.40 35 3 11 24 77 56 63 16 79 62 58 31 74 72 68 5 44 65 61 38 66 73 27 70 13 17 51 22 55 39 8 49 15 50 20 19 10 1 12 30 69 53 33 45 78 57 71 40 67 32 21 42 29 48 64 60 25 59 9 54 26 34 14 0 46 37 41
0.52 20 52 36 58 55
0.98 74 75 63 40 57 50 41 30 21 77 18 32 17 45 48 76 37 10 24 2 7 13 42 4 68 26 71 46 15 22 65 27 44 70 58 51 61 34 36 28 49 69 3 39 12 31 8 14 23 72 20 43 33 78 29 67 55 66 0 73 79 56 9 53 52 64 60 19 47 25 59 6 62 54 5 11 38 1
0.59 74 32 8 67 70 21 22 39 11 9 18 50 6 26 33 68 79 31 10 71 48 16 75 46 41 69 1 4 45 19 15 25 27 76 0 64 55 20 44 63 51 60 53 77 57 65 73 72 34 78 30 13 54 17 7 3 43 52 2 24 42 29 5 66 28 40 62 59 49
0.44 69 31 46 27 22 42 75 1 18 15 11 51 24 23 59 78 39 74 14 38 29 49 32 70 13 47 17 21 71 0 54 12 73 45 67 7 65
0.91 12 61 8 71 15 24 0 58 78 52 18 74 43 77 65 39 69 30 73 44 7 11 42 76 34 10 66 70 14 32 64 3 36 2 53 17 9 55 33 48 40 57 67 75
0.36 20 29 18 55 31 39 6 28 73 71 77 5 60 10 68 49 9 17 21 4 76 63 70 69 54 30 40 32 53 34 23 65 75 1 72 45 25 52 46 22 41 24 42 7 11 59 56 37 36 8 44 0 35
0.77 38 13 44 56 55 40 3 11 10 69 29 63 34 66 62 35 73 8 28 32 51 54 20 0 19 50 68 77 1 45 78 79 72 39 71 22 70 23 30 74 53 18 17 57 47 15 4 37 65 6 59 24 64 43 61 76 49 9 25 2 33 36 12 52 14 46 27
0.88 10 32 60 55 50 52 64 9 58 20 14 56 25 17 1 77 3 7 75 27 43 54 11 34
0.86 73 1 30 37 77 65 71 10 35 22 14 32 54 24 6 66 59
0.55 53 32 59 50 62 30 46 64 68 27 72 71 6 25 52 65 7 1 77 49 74 34 17 47 73 43 44 69 28 51 36 23 48 0 3 79 55 45 57 29 60 14 26 20 2 24 58 22 8 31 61 75 39 40 33 19 78 76 4 41 35
0.87 39 70 8 27 69 41 75 72 3 23 30 25 78 4 18 61 77 51 59 62 46 57 22 49 36 43
0.20 74 3 9 31 60 44 24
0.24 28 77 60 53 8 10 79 41 29 20 58 57 42 49 66 3 63 55 14 18 4 46 48 70 71 22 6 9 19 13 62 16 5 61 32
0.50 48 10 30 44 13 19 69 77 49 17 42 23 62 32 66 28 58 21 37 54 2 55 6 14 24 61 63 47 16 67 38 75 9 60 71 53
0.27 4 43 59 65 8 56 50 69 45 60 51 30 42 13 12 77 19 66 27 11 78 39 57 18 76 33 79 7 41 35 14 0 28 5 62 67 70 44 58 52 10 23 16 15 36 17 68 22 72 75 29 54 31 9
0.41 42 65 63 70 44 56 16 64 39 78 13 40 59 75 55 6 67 66 12 9 17 24 8 46 61 57 27 74 41 5 19 60 34 35 4 36 72 23 47 26 69 7 62 14 20 10 77 22 38 68 31 48
0.99 29 12 77 68 44 22 72 74 57 41 48 9 55 5 73 76 53 69 49 34 26 23 42 40 4 30 32 62 14 45 70 19 71 67 79 27 6 50 61 52 28 17 0 43 65 54 46 20 60 37 7 3 63 25 1 8 35 64 21 59 2 58 16 31
0.29 66 68 4 63
0.45 50 60 37 58 72 18 4 15 20 23 64 25 41 1 62 24 35 29 6 0 66 34 10 74 32
0.14 59 21 63 42 56 47 58 6 65 15 72
0.57 31 57 21 28 53 17 44 58 3 71 42 74 29 66 38 36 60 39 23 25 61 72 41 55 51 75 45 54 70 16 65 5 62 46 43
0.84 32 34 41 18 11 79 23 42 49 66 2 45 7 48 20 9 72 53 60 30 55 51 36 27 19 46 58 21 70 59 47 77 67 43 5 69 4 6 38 24 39 12 35 37 71 61 63 0 73 25 26 40 54 10 16 13 8 78 64 56 15 65 28 14 76
0.89 20 55 47 27 23 65 19 44
0.55 22 43 60 3 72 65 66 79 35 40 5 39 28 10 16 62 19 64 6 61 11 42 63 12 50 21 29 0 75 70 53 18 33 37 58 4 1 67 71 2 17 77 52 48 76 69 14 51 32 54 49 30 45 46 20 31 27 24 55 25 68 78 26 15 47 23 34 8 74 9
0.15 26 37 23 48 10 2 38 61 70 62 45 34 56 39 9 55 67 33 11 17 57 71 58 25 49 41 31 29 44 75 8 79 30 65 35 18 68 4 19 59 51 3 54 22 78 73 12 15 77 6 5 46 21 0 27 1 76
0.79 13 4 50 47
0.87 62 38 34 75 59 56 16 76 72 68 11 53 51 25 33 60 41 42 15 22 7 5 10 77 6 67 31 78 57 54 0 52 14 36 44 8 58 21 79 61 39 17 69 55 35 63 50 48 20 13 3 4 29 23 26 18
