2 80 112 0 220175.44
80 48 27 45 93 83 34 45 83 11 48 56 98 97 77 84 47 31 55 64 17 49 19 56 41 63 63 47 99 36 10 81 41 67 58 62 28 79 41 98 76 37 80 19 95 100 62 18 43 31 24 25 72 71 33 59 14 94 96 67 97 61 92 81 70 85 66 24 77 17 72 52 68 37 33 95 68 33 72 10
0.93 4 76 56 50 72 10 39 59
0.49 63 42 38 26 64 46 24 60 43 13 35 9 54 41 74 73 34 22 71 62 16 72 1 19 10 70 32 61 44 30 11 75 5 40
0.21 63 13 3 74 39 19 16 26 59 53 68 8 35 18 64 0 32 43 5 40 70 12 7 77 54 76 62 25 2 48 56 49 15 28 1 60 46 24 42 78 58 65 31 71 36 11 67 20 52 79 55 34 66 44
0.06 63 73 36 23 25 39 31 68 61 54 27 16 26 38 29 6 2 9 78 14 32 49 65 37 19 79 42 44 76
0.41 35 4 20 25 40 2 46 44 38 70 29 74 6 13 49 77 16 50
0.50 77 26 58 67 16 56 37 18 6 3 0 7 10 44 68 72 8 74 52 21 42 2 30 28 40 9 22 54 11 32 47 27 41 64 70 31 34 61 19 62 12 39 57 45 59 17 33 49 20 78 50 13
0.31 20 0 51 65 73 16 79 19 3 35 48 30 45 32 46 53 8 63 43
0.05 40 56 41 4 62 60 78 9 1 53 64 74 63 70 25 46 37 43 73 77 72 16 69 11 19 31 21 42 24 54 30 6 57 26 65 47 45 58 34 35 59 51 2 66 7 28 17
0.54 33 20 50 47 79 27 23 58 34 45 16 39 24 30 49 18 40 4 31 10 36 64 28 41 59 70 72 71 46 7 51 3 56 0 78 73 35 2 15 63 25 37
0.19 13 26 63 59 74 24 28 27 50 73 39 64 65 67 19 55 52 1 38 5 76 32 71 8 35 70 23 60 77 14
0.18 40 13 77 46 24 51 33 36 65 52 66 44 8 3 26 1 50 5 35 30 4 31 74 16 38 23 61 37 42 49 48 0 58 64 62 29 43 45 47 32 15 22 55 18 10 67 76 9 54 14 72 19 57 27 69 60 79 11 41 21 6 2 20 59 71 12 70 78 56 25 34 7 63 53 39 75
0.67 41 9 6 33 58 36 13 38 28 15 65 18 20 27 47 54 62 45 39 19 44 53 55 30 16 24 52 68 34 71 56 78 11 2 12 4 66 72 3 40 43 0 17 57 67 21 29 59 77 10 51 23 37 46 25 79 76 70 5 35 61 26 1 22 31 32 14 64
0.94 57 28 0 37 70 68 53 41 46 26 77 14 36 69 1 31 21 50 2 59 19 38 3 79 48 13 32 20 16 9 4 65 18 8 6 63 58 15 47 34 39 51 44 73 24 52 25 78 74 71 27
0.06 78 6 38 25 27 58 11 41 10 42 33 29 56 13 73 43 60 66 44 28 72 24 59 35 63 64 7 19 9 77 57 76 54 2 0 69 70 52 55 4 79 16 21 15 18 36 49 46 1 23 22 26 45 62 50 68 67 14 47 48 17
0.79 34 24 76 50 74 62 53 66 4 11 32 46
0.94 8 18 21 55 51 48 78 56 67 20 26 61 24 54 73 68 45 17 43 12 38 69 57 5 34 77 33 7 62 13 6 49 3 28 37 10 76 39 0 41 14 74 30 59 22 58 35 23 75 15 70 1 65 31 63 50 72 42 19 40 9 60 64 16 2 44 46 25 11 47 27 52 29 79
0.69 75 41 32 33 47 61 0 6 40 26 12 30 78 55 42 74 67 48 5 73 69 2 11 15 63 43 25 71 76 1 10 35 9 68 23 39 60 66 21 70 22 24 62 79 44 59 54
0.86 9 50 43 65 3 16
0.92 62 13 4 59 52 78 44 3 53 37 33 29 11 34 49 69 48 28 0 1 18 47 76 19 20 55 2 61 42 57 75 12 21 65 64 72 27 40 45 30 16 43 50 56 38 10 68 7 70 22 60 31 71 58 14 54
0.43 10 79 23 3 27 73 14 64 8 41 15 62 58 30 49 26 65 48 69 56 39 46 32 52 28 53 17 71 35
0.85 51 61 32 66 71 27 65 8 57 77 68 10 14
0.58 30 76 10 34 71 36 28 33 2 6 67 69 38 59 78 48 79 60
0.55 55 42 16 62 48 20 38 4 43 14 59 9 29 67 66 57 61 27 69 40 28 32 51 45 7 3 12 11 25 1 22 76 78 31 35 13 15 0 65 2 52 74
0.50 38 44 41 54 27 7 67 14 30 55 22 58 40 76 66 2 46 70 53 42 75 69 64 36 74 45 21 62 24 49 78 18 60 29 12 63 25 73 68 56 16 34 10 28 39 77
0.60 31 41 54 44 66 67 21 77 1 16 28 59 7 6 9 5 56 49 55 78 73 71 39 47 27 58 53 35 15 65
0.54 56 37 54 7 29 22 15 48 59 2 0 11 67 68 60 69 75 64 32 71 20 5 51 57 24 72 16 58 17 18 33 9 6 30 61 49 27 38 19 31 12 3 74 78 23 40 44 28 14 65 76 77 36 10 55 41 47 50 1 43 34 13 79 25 39 4 62 70 63 73 26 45 21 42 8 35 66
0.45 61 36 14 63 70 78 4 17 22 40 45 28 71 79 11 50 6 42 64 5 8 47 12 18 24 21 68 44 67 74 77 59 57 46 29 10 26 55 53 54 43 60 20 65 34 39 37 69 66 23 48 13 76 62 58 0 3 31 73 25 72 35 38
0.57 43 55 22 0 39 63 28 56
0.59 72 35 27 33 8 54 36 46 15 77 14 34 45 3 30 71 47 26 23 49 59 61 66 10 13 16 58 60 50 64 76 70 73 38 56 1 19 44 62 53 63 79 9 4 51 31 69 25 29 2 42 55 21 65 74 7 43 41
0.15 52 63 29 36 31 72 64 30 34 70 67
0.26 1 24 9 13 65 0 43 40 32 19 50 21 29 54 70 5 4 77 33 79 73 58 49 71 41 52 14 7 62 60 17 23 18 68 25 8 26 75 39 6 16 64 42 30 78 27
0.23 41 62 32 20 30 57 12 34 70 73 36 40 43 47 21
0.15 18 55 23 31 41 30 64 35 53 33 5 32 63 79 1 36 69 4 0 8 14 27 74 3 52 37 11 28 66 22 24 13 49 71 61 7 21 16 38 73 77 43 50 19 46 67 56 47 45 6 57 76 54 51 42 70 75 26 15 62 2 78 59 60 72 58 12 9 48 39 34 25 40 68
0.09 21 79 43 77 9 70 42 50 5 33 26 32 18 73 48 60 53 2 14 49
0.31 38 60 11
0.02 56 52 10 76 58 7 5 39 64 44 73 75 3 65 17 60 24 4 28 55 22 51 35 63 12 79 13 14 74 20 54 8 43 32 0 66 19 47 33 57 37 41 50 23 70 18 26 2 68 67 62 78 40
0.33 79 9 26 13 38 73 49 24 7 10 21 69 55 12 22 64 17 42 51 20 77 70 32 71 54 72 78 36 43 60 61 1 35 33 30 47 52 74 27 39 62 41 75 50 4 53 57 67 28
0.67 62 23 0 37 30 8 77 7 19 49 27 67 3 38 11 46 47 76 21 18 40 68 34 63 6 15 14 58 12 16 9 10 48 54 72 75 66 65 70 28 44 32 13 73 64 35 53 25 61 78
0.68 11 8 32 71 53 68 27 70 58 37 51 49 13 75 3 4 57 30 24 38 50 0 77 36 10 46 19 42 59 40 35 29 54 25 2 26 44 39 47 72 23 9
0.64 62 4 15 2 50 23 52 20 36 72 26 29 68 46 16 19 7 70 74 73 78 77 56 58 54 22 55 59 6 33 13 9 76 32 28 38 79 39 53 27 67 18 5 24 60 61 75 40 51 11 64 48
0.70 8 55 24 52 53 57 4 64 22 34 76 48 1
0.31 32 35 56 54 15 17 45 42 33 75 63 2 24 69 66 58 29 43 57 4 78 12 52 14 0 9 5 28 37 39 60 10 76 68 16 62 26 19 59 44 74 65 50 6 36 48 22 20 18 70 34 41 72 3 71 7 27 67 64 46 1
0.59 36 76 23 33 56 26 39 0 52 30 77 49 70 66 27 20 17 12 55 54 35 48 43 14 25 60 58 24 19 75 63 50 64 10 44 62 29 79 15 78 37 46 71 6 34 68 5 8 69 2 42 47 61 59 31 57 11 53 7 65 16 51 74 38 18 41
0.33 22 4 32 16 38 6 45 70 56 33 66 65 46 21 67 43 58 0 68 31 1 27 42 24 73 59 75 10 79 78 12 15 30 69 71 50 72 20 11 57 39 64 8 55 52 26 34 47 61 28 35 7 74 48 3 36 23 37 76 2 54 49 29 18 41 51
0.41 47 6 64 20 9 50 5 2 55 53 35 24 37 54 43 1 57 41 34 4 48 10 31 79 52 19 66 56 33 49 44 3 70 71 13 39 72 14 40 76 27 11 38 0
0.41 18 24 14 74 42 79 10 30 31 21 71 0 28 22 27 43 40 53 5 38 39 35 73 29 61 2 77 13 9 55 41 69 6 65 25 23 1 12 32 54 48 75 33 58 66 59 19 78 46
0.63 33 30 46 19 4 69 10 24 0 50 25 57 48 7 72 14 52 38 58 26 67 13 11 41 54 44 42 73 23 79 8 65 3 2 16 35 63 29 76 77
0.80 30 0 52 70 57 12 43 41 3 8 22 44 42 13 18 9 36 53 71 45 7 38 17 50 75 40 20 69 4 47 21 62 14 73 65 51 2 6 55 33 28 49 66 56 37 68 24 19 64 15 31 27 54 26 59 78 77 58 23 16 76
0.61 8 60 5 20 28 22 46 59 6 19 10 26 1 41 50 47 75 21 0 51 35 2 24 57 33 48 52 12 32 13 15 71 44 14 72 79 54 25 3 43 45 42 76 61 67 17 49 68 62 64 58 55 39 73 78 56 40 38 30 16 63 53 7 37 66 34 29 9 18 65 74 11 27 77
1.00 27 48 9 61 28 16 25 55 42 51 62 33 75 69 20 14 13 63 18 11 68 4 74
0.43 50 69 19 71 36 28 22 47 23 5 34 11 12 43 10 14 64 44 8 79 63 67 75 76 42 56 4 77 48 46 18 59 57 60 45 32 27 53 9 51 55 24 74 38 20 31 70 16 30 13 2 33 40 37 52 29 25 78 68 66 39 58 73 1 61 21 54 6 49 0 65 35 41 72 17 62
0.38 72 53 59 36 39 10 52 24 13 7 62 57 40 48 64 16 77 6 74 1 44 51 78 73 50 23 47 54 41 3 56 0 31 18 55 42 4 60 19 20
0.15 45 1 48 58 14 59 34 51 74 78 24 35 72 19 23 16 79 70 39 38 60 61 53 46 10 17 6 9 12 36 44 76 31 65 67 15 68 18 33 37 63 50 55 64 57 49 62 7 75 42 4 13 8 54 73 69 0 66 22 40 71 41 21 56 26 77 5 25 20 29 43 28 3 2 11 52 27 30
0.86 23 59 58 39 46 67 3 64 15 29 12 36 68 30 17 25 4 69 50 40 61 71 70 31 42 55 65 21 66 49 72 16 54 9 19 7 78 20 76 45 37 44 32 62 5 75 41 11 18 2 47 27 48 35 26 22 60 28 52 56 34 24 14 57 73 43 79 74 38
0.34 58 49 11 48 51 56 71 4 73 59 72 5 69 36 61 15 70 26 2 0 27 21 50 20 1 24 75 30 18 38
0.37 26 35 48 44 2 39 57 74 64 50 65 67 78 71 58 16 33 31 61 77 60 7 51 34 63 68 73 62 13 53 55 37 22 21 69 72 3 25 30 6 40 43 9 46 36 20 24 19 14 27 42 79 12 76 38 4 54 56 28 41 17 49 11 10 5
0.31 48 79 41 24 74 22 69 51 19 58 50 35 27 57 59 61 1 44 14 26 31 45 28 64 72 21 8 70 76 62 33 25 34 54 46 23 20 42 0 13 55 66 3 77 5 78 32 18 37 4 10 15 11 40 67 73 2 30 53 39 17 65
0.95 57 33 7 69 66 3 30 20 75 62 27 16 25 34 54 15 0
0.69 30 33 74 62 1 28 42 77 40 79 32 53 11 65 57 17 67 6 60 15 72 58 37 75 44 22 21 13 23 78 35 38 39 54 51 18 45 10 43 29 52 25 14 9 36 12 73 20 16 66 48 31 41 5 64 2 63 24 50 70 55 76 56 46
0.58 38 21 22 12 50 79 59 5 53 36 56 6 75 73 3 68 66 9 76 18 49 42 32 61 20 16
0.79 27 7 64 66 10 68 37 5 6 2 47 71 30 16 24
0.99 78 44 29 13 73 1 46 31 27 64 62 67 4 39 10 53 71 19 37 60 74 12 69 76 55 45 20 28 5 40 49 52 21 56 41 43 68 11 42 0 25 22 6 75 34 47 77 79 7 16 26 30 17 38 57
0.22 46 56 5 20 76 8 36 3 51 70 72 18 68 73 61 33 62 71 9 58 41 79 48 67 78 52 10 14 66 17 53 32 19 49 43 60 39 31 54 21 65 12 37 59 75 2 34 30 47 44 45 23 0
0.46 3 43 7 72 12 18 57 53 46 15 10 69 78 13
0.52 57 70 3 29 12 50 21 78 6 27 46 52 2 47 18 11 72 77 8 24 5 33 67 48 9 51 39 74 15 1 35 41 66 71 0 44 54 23 43 25 30 4 32
0.51 79 11 31 26 58 47 53 44 56 62 25 73 69 65 70 77 16 68 37 55 4 60 64 63 24 54 49 27 32 42 78 48 61 18 72 35 75 41 8 59 33 2 50 12 7 1 23 10 36 38 71 34 76 19 13 15 30 9 45 6 28 29 57 3 14 40
0.53 79 63 11 39 76 3 23 44 19 12 71 17 32 52 45 5 78 41 29 33 35 77 4 34 61 47 30 60 26 49 24 6 42 67 7 56 62 50 38 14 59 0 40 72 55 58 51 13 18 25 57 28 37 15 46 27 2 69 43 54 21 22 75 48 9 70 64 8
0.65 44 30 21 12 72 27 73 15 79 20
0.58 11 60 32 22 14 43 52 50 76 40 8 73 54 13 19 27 55 5 9 64 0 25 66 6 18 72
0.04 50 12 52 33 74 44 11 17 49 64 43 19 42 70 65 72 31 77 21 55 13 58 35 5 69 57 32 68 4 51 0 66 3 16 56 6 61 67 36 59 54 48 34 15 79 62 28 47 41 38 71 23 75 39 10 9 78 46 7 76 29 24 25 37 26 53 22 27 30 40 63 60
0.09 44 46 0 71 28 63 75 51 48 32 70 3 68 11 14 77 59 40 50 2 9 25 37 18 8 20 58 76 36
0.18 45 70 57 1 11 35 17 18 28 76 66 29 36 63 51 53 15 27 43 33 59 60 67 56 46 79 7 30 32 75 48 4 39 6 62 25 42 68 5 55 0 74 16 50 26 31 3 14 34 54 49
0.35 54 16 12 0 13 30 41 7 28 37 79 76 35 4 51 45 46 67 11 1 33 26 58 66 48 20 78 27 19 62 63 21 49 64 47 8 65
0.26 78 12 3 15 35 60 29 51 10 75 38 24 77 36 59 55 26 63 22 50 73 54 9 39 56 49 53 47 70 46 5 14 16 17 13 57 19 2 18 43 32 41 33 69 74 45 68 11 42 48 6 40 52 31 37 64 72 8 34 4 61 65 27 44 62
0.82 4 36 14 7 2 5 64 78 8 24 27 44 55 69 50 19 59 42 75 18 3 71 15 32 9 72 25 21 23 12 13 39 34 28 52 51 16 57 31 11 46 70
0.45 1 20 6 47 72 25 45 35
0.08 0 73 30 78 31 15 48 60 27 47 63 68 55 40 28 36 51 38 72 70 35 42 43 3 33 26 61 1 57 76 7 19 6 52 10 29 77 8 23 75
0.33 63 35 17 34 72 57 38 4 28 10 24 15 54 19 32 60 40 13 0 41 22 16 79 21 7 6 8 58 66 9 2 48 39 23 5 25 64 46 55 49 31 1 77 52 71 53 44 74 12 65 76 42 43 27 47 26 62 45 3 20 78 14 37 56 68 75 61
0.28 73 57 34 27 68 8 74 53 72 10 40 9 45 61 37 4 36 29 78 48 32 46 26 38 56 22 64 39
0.06 53 67 5
0.56 50 56 18 9 43 71 29 1
0.24 12 19 41 77 8 67 33 46 70 34 79 74 50 22 40 25
0.89 54 8 62 34 32 50 16 26 78 43 75 0 76 30 24 31 36 29 4 64 37 14 27 46 44 39 40 45 71 42 70 73 69 53 20 59 7 65 58 67 79 47 55 15 68 60 72
0.28 53 15 12 8 47 32 65 9 19 3 16 73 52 6 79 42 60 51 56 43 14 37 22 29 18 7 49 44 36 11 55 10 21 20 35 58 68 62 54 59 2 63 34 39 74 66 45 4 24 26 46 61 50 0 78 77 30 57
0.52 40 39 19 73 37 41 33
0.47 78 20 60 46 52 56 39 10 41 50 13 7 69 4 34 33 24 15 73 64 53 74 25 2 77 37 1 70 21 31 68 67 63 32 11 17 55 28 40 3 79 8 62 58 6 57
0.38 3
0.10 50 39 45 56 2 12 42 62 23 61 16 30 17 49 51 70 48 44 0 34 1 52 18 75 53 79 20 6 64 47 7 71 65 40 8 24 15 10 32 27 13 5 28 59 54 58 76 74 68 55 14 69 25 43 36 78 11 33 26 3 38 41 77 46 19 4 67
0.30 5 48 8 46 51 13 77 65 30 20 3 27 38 70
0.96 25 26 39 21 45 63 12 16 19 46 47 54 9 7 42 68 66 55 64 72 23 44 38 69 36 14 57 41 5 2 37
0.76 36 61 23 29 14 73 65 33 16 12 59 46 2 18 0 40 34 3
0.07 1 77 24 35
0.92 31 7 66 12 8 16 0 21 4 37 29 17 78 46 40 72 13 79 15 11 25 50 30 19 2 67 62 39 6 26 53 75 45 76 44 24 1 59 9 69 56 32 36 48 35 28 23 10 43 58 68 70
0.68 64 3 18 51 33 46 49 23 78 60 57 63 6 19 38 22 31 35 30 69 17 20 77 16 76 70 11 39 65 52 75 79 59 45 44 36 8 14 68 1 74 9 25 41 37 21 5 54 61 58 27 28 71
0.41 41 30 1 17 5 49 75 68 70 13 62 16 57 74 42 77 25 67 21
0.74 67 74 39 38 42 55 56 32 2 60 59 33 36 28 19 8 15 52 69 53 17 6 25 27 40 50 9 24 16 30 72 65 1 7 14 49 12 48 35 13 31 64 23 54 45 66 75 77 29 79 61 37 3 73 5 51 76 71 10 44 20 62 70 47 57 4 21 78 46 63 0 11 41 68 58 34 22
0.91 35 3 48 59 37 65 5 19 17 30 24 18 13 54 50 21 49 69 41 12 26 67 47 51 64 1 31 44 34 33 16
0.15 7 1 41 54 37 9 28 11 53 62 59 38 14 73 16 13 58 64 12 70 76 4 39 45 18 30 47 46 24 25 35 27 44 69 17 65 71 15 74 29 10 72 55 2 60 19 22 51 42 52 49 79 68 8 63 66 31 0 5 43 34 21 78 3 36 61 33 40 20 57
0.10 17 4 9 64 53 11 76 48 47 8 6 56 52 21 23 61 29 42 34 41 35 72 39 18 12 78 66 27 38 59 25 14 65 62 71 36 0 26 73 57 32 13 24 74 54 67 60 1 31 43 20 19 77 40 3 44 22 45 70 55 69 30 49 28
0.19 62 74 8 63 68 40 29 0 9 28 45 64 78 46 79 35 26 37 24 18 52 13 7 42 36 31 10 53 50 2 61 70 47 33 59 49 34 20 16 32 56 60 22 19 1 21 57 12 69 58 41 39 43 30 23 5 11 75 71 15 25 3 6 4 66 17 27 72 44 48 14 38 73
0.95 61 43 9 0 31 40 5 38 59 54 3 11 56 74 1 37 39 71 30 42 66 57 4 10 45 62 8 12 63 33 27 35 28 78 58 16 7 41 24 51 69 32 55 22 6 76 21 23 50 68 53 52 72 48 70 15 26 29 60 13 75 17 20 77 2 67 36 79 44 46 14 65 19 49 25 64 34
0.77 54 63 15 48 43 12 44 27 69 14 55 38 33 51 78 49 16 73 19 4 0 76 68 61 77 22 65 47 45 72 18 25 2 41 7 17 11 3 28 62 71 37 52 70 31
0.14 4 43 45 1 35 32 75 79 46 11 49 7 70 47 51 21 36 22 8 78 38 52 76 27 64 31 59 20 24 61 53 68 30 39 10 2 15 77 55 17 50 60 23 29 26 44 28 74 65 18 57 56 19 6 40 72 37 66 25
0.98 26 18 22 53 40 17 68 44 42 47 61 63 37 19 36 5 2 38 43 70 52 69 51 25 39 60 65 4 0 13 7 49 64 1 32 33 27 48 8
0.99 72 17 25 47 31 77 40 49 59 3 58 39 75 27 53 32 52 73 10 34 20 46 68 69 6 9 79 55 4 36 54 63 26 14 50 42 62 23 15 57 21 12 11 48 24 28 64 66 37 0 5 30 44 56 29 65 76 18 70 71 1 61 16 51 19 43 78 35
0.11 10 59 32 15 65 42 7 0 28 8 68 66 78 43 23 31 62 3 34 75 35 54 48 64 11 12 70 58 46 53 44 47 17 73 25 33 1 40 45 16 19 57 4
0.74 79 28 24 7 70 60 27 23 38 8 42 46 3 49 57 33 25 76 56 10 54 58 13 11 4 16 17 40 36 15 45 39 55 69 73 50 41 37 2 72 6 1 63 68 67 64 48 75 22 66 26 18 19 61 44 14 20 51 59 52 53 21 35 29 71 47 31
0.38 64 27 47 62 61 55 9 50 77 25 15 6 20 43 31 63 48 2 18 67 28 24 54 21 79 12 66 46 36 22 11 59 10 14 76 19 74 16 73 0 78 3 49 29 40 26 52 44 45 65 75 37 39 53 17 1 56 38 32 23 60 57 5 7 41 42 58 13 70 71
0.95 46 59 9 68 50 76 78 20 31
0.80 38 48 70 29 56 21 4 25 27 3 9 10 35 11 20 6 1 76 12 79 5 69
0.04 45 58 55 52 42 63 29 61 59 35 76 10 67 19 18 15 73 48 43 70 30 77 0 47 78 27 24 16 68 36 31 37 60 51 39 57 33 21 53 28 32 79 7 50 12 11 23 6 75 34 56 5 38 25 54 26 49 8 3 62 46 69 65 72 9 14 41 2 66 17 71
0.50 76 62 61 6 72 14 67 51 13 49 66 28 4 44 57 27 20 18
