2 80 48 1
41 34 95 11 93 71 54 74 80 97 26 80 37 36 16 25 68 98 20 50 54 49 70 22 60 29 11 48 35 32 42 34 24 23 46 76 20 28 85 24 97 81 41 59 19 61 40 75 18 87 79 14 21 66 62 46 98 80 95 52 36 65 11 45 41 54 81 94 59 69 26 68 70 54 32 15 42 52 78 31
0.16 3 30 33 48 73 28 29 35 9 76 24 47 53 42 16 44 6 75 78 0 71 61 69 70 32 74 79 11
0.94 51 23 54 53 8 18 33 19 74 26 37 79 69 28 57 52 75 61 40 9 67 36 62 63 12 76 46 31 64 24 39 3 59 16 14 65 42 48 43 38 7 44 32 22 34 10 30 21 72 11 27 20 6 47 41 56 58 29 70 55 13 15 2 17 35 49 25 60 1 68 45 77 66
0.40 44 12 75 20 28 60 8 61 63 65 17 73 53 42 70 36 72 29 34 1 66 32 62 41 22 46 2 45 5 19 58 57 23
0.61 64 37 49 79 0 3 29 24 77 7 17 23 14 41 44 71 68 58 65 74 62 1 78 30 11 50 19 16 4 55 40 35 31 32 63 57 10 15 54 2 60 56 9 28 66
0.10 28 79 67 30 78 13 53 32 9 31 35 24 14 19 33 39 68 6 17 74 66 46 58 23 57 41 12 72 16 10 22 45 54 2 56 44 11 70 0 5 62 50 3 63 76 64 52 37 20 48 7 47 77 51 15 55 65 18 4 34 75 36 40 71
0.55 29 78 23 6 18 53 71 11 60 65 25 1 58 44 41 62 50 42 26 32 15 75 74 3 61 55 19 21 73 27 17 69 43 34 70 47 72 30 59 52 51 10 5 79 40 39 64 7 54 22 31
0.22 1 20 8 47 61 34 9 73 71 13 0 63 14 50 67 36 19 30 48 15 75 72 22 39 26 12 7 41 49 28 68 74 18 58 62 44 29
0.98 23 22 38 18 57 49 79 6 44 32 19 8 9 58 55 3 46 29 31 43 64 70 36 11 74 78 40 62 54 34 48 68 33 73 24 42 35 69 21 75 66 15 63 7 14
0.40 68 39 61 53 59 50 21 65 38 71 79 7 23 3 31 76 2 58 44 41 28 26 6 46 14 70 78 72 73 15 25 66 57 27 43 22 17 63 51 45 12 8 37 0 55 77 16 48 19 29 18 5 47 32 30 40 4 67
0.62 66 5 68 54 73 36 44 7
0.34 55 0 79 78 4 63 42 36 48 28 57 56 52 22 67 64 11 20 49 65
0.46 45 35 58 65 10 31 12 75 67 8 28 48 30 2 71 39 7 70 3 37 73 78 34 60 11 14 54 76 23 0 57 18 36 26 61 64 4 33 41 56 52 63 25 47 38 68 9 21 66 17 43 53 1 16 49 13 46 22 19 5 74 77 40 62 50 55 59 32 72 51 79 6 69 29
0.93 15 47 58 13 4 68 48 12 55 60 21 37 78 6 24 11 8 54 18 63 56 46 66 50 70 75 26 19 5 27 61 57 59 0 40 74 41 53 77 62 30 49 43 23
0.94 77 62 50 70 40 0 76 11 8 18 54 78 46 29 68 28
0.90 9 19 12 73 48 15 11 14 16 62 36 76 22 60 64 67 6 74 32 21 0 27 72 4 10 46 39 2 70 37 43 35 33 7 13 69 61 23 44 3 66 59 45 20 58 79 65 30 53 57 77 24 42 5 17
0.59 4 18 24 3 55 67 37 43 8 16 66 64 50 25 9 60 1 65 44 11 20 2 39 51 29 79 5 33 31 74 63 6 19 26 47 58 53 15 48 28 69 30 10 7 23 54 22 14 38 13 27 41 77 71 52 73
0.47 50 73 28 9 64 47 49 34 35 58 59 6 54 2 46 31 10 67 69 38 3 32 75 57 25 62 18 68 61 65
0.39 50 14 30 3 9 7 65 67 58 2 31 38 68 59 64 24 22 21 6 45 20 57 13 10 34 37 73 54 78 36 5 76 48 33 35 25
0.02 25 59 33 16 73 18 3 53 12 14 11 76 38 28 74 26 4 32 60 78 63 31 48 56 52 43 40 44 77 72 51 1
0.55 22 61 38 54 39 47 8 64 12 15 78 63 21 51 25 57 4 5 11 35 73 79 68 41 74 77 72 2 48 40 58 13
0.90 26 68 55 45 61 70 51 39 18 58 73 79
0.57 7 32 57 77 34 6 56 60 58 2 72 55 79 64 36 40 49 33 52 23 35 76 62 26 11 46 1 28 9 45 4 17 16 14 10 29 65 42 3 61 39 71 70 74 59 41 25 18 12 68 30 22 21 73 27 66 67 19 48 37 75 24 0 43 8 13 69 31 54 15 50 20 5 53
0.57 10 11 57 0 25 27 50 6 37 34 39 56 68 43 53 55 63
0.84 4 50 28
0.98 53 7 13 28 47 23 12 16 38 5 42 79 3 68 66 35 73 43 49
0.88 14 6 68 21 48 45 51 16 40 0 73 65 28 72 41 19 11 2 35 1 56 77 34 9 44 69 17 15 30 23 79 24 37 58 12 13 26 46 27 3 55 4 64
0.36 13 17 40 14 74 79 70 35 43 46 47 15 45 32 36 62 10 34 23 8 44 65 7 71 63 78 73 21 26 31 51 19 6 50 67 61 20 39 29 38 64 2 1 59 25 33 53 27 75 24 0 72 9 5 68 41 69 11 48 30 76 22 18 3 42 55 12 49 60 4 77 28 57 16 66 37 54
0.57 26 9 56 79 0
0.07 67 43 39 41 10 35 61 40 63 60 49 34 54 45 24 51 32 5 31 22 59 2 62 29 27 26 52 33 18 71 6 13 56 30 16 25 57 50 44 3 72 73 58 21 38
0.59 78 4 44 3 43 16 19 61 66 7 58 55 9 14 68 74 72 56 23 12 17 57 65 36 47 33 41 2 60 53 64 69 52 42 31 70 29 8 79 45 49 13 54 71 37 26 20 5 51 25 21 15 18 27 50 32 34 75 46 24 73 40 77 22 48
0.07 71 20 5 19
0.67 56 18 29 8 76 34 79
0.92 39 4 47 19 27 38 9 49 68 7 6 40 16 3 30 61 75 31 76 54 63 20 55 23 17 67 22 33 62 66 12 2 64 79 77 0 48 45 50 36 5 18 73 21 24 10 70
0.80 10 62 67 59 25 36 76 61 48 1 40 16 14 72 45 20 23 57 5 39 7 58 28 29 50 79 41 69 52 30 11 27 63 74 9 6 49 8 32 35 26 17 2 15 53 12 34 77 78 46 31 55 42 65 37 3 4 33 43 75 38 56 64 13 68 71 21 0 54 47 70 44 18 24 19 60 22
0.20 50 10 72 37 56
0.77 62 33 36 47 55 70 30 63 58 23 69 10 67 41 20 51 34 3 11 17 42 61 14 39 15 68 28 38 9 32 43 77 4 49 35 37 54 60 74 40 12 76 29 24 0 52 2 18 21 79 53 50 75 46 56 73 16 65 45 44 78 57 5 22 48 72 26 66 27 13 7
0.26 29 15 30 60 37 8 9 71 10 20 47 24 68 59 32 45 40 16 3 26 34 35 58 50 69 55 7 22 53 70 31 17 5 0 79 56 48 72 14 76 67 43 6 44 19 42 41 23 12 39 21 78 62 64 61 2 13 4 63 28 25 27
0.73 43 67 38 69 16 0 66 24 61 30 12 1 5 19 52 73 36 49 21 62 7 46 56 58 78 51 23 65 75 31
0.19 31 76 19 38 58 6 77 25 18 51 28 56 13 40 24 52 37 30 75 62 41
0.37 69 43 22 25 4 57 9 59 19 23 30 49 6 35 17 68 79 2 40 27 53 48 10 7 42 31 20 36 60 26 8 65 12 54 76 14 38 1 33 70 11 5
0.29 25 42 45 5 16 13 71 65 28 30 33 37 32 1 46 57 7 0 61 49 19 59 41 34 43 54 11 29 68 67 58 75 72 38 47 53 4 69 18 66 22 36 39 76 26 24 77
0.96 60 53 9 74 66 26 35 75 19 1 67 56 8 57 22 69 18 68 10 52 3 7 49 72 14 40 31 29 77 5 13 20 2 46 62 23 42 59 11 27 54 34 15 16 41 58 51 48 65 24
0.52 69 56 13 15 17 79 65 42 27 3 22 6 75 53 61 62 77 18 35 57 37 2 28 76 4 41 46 24 74 10 36 70 63 55 31 44 14 5 19 0 67 73 71 43 26 66 1 20 60 34 38 32 23 54 30 58 45 68 49 47 11 16 40 52 21 64 33 8 25
0.65 65 36 69 15 50 34 26 11 12 78 19 22 39 32 72 62 20 17 70 38 28 25
0.89 3 28 43 20 41 34 17 78 44 25 35 58 18 31 61 47 57 10 52 22 53 37 21 60 1 63 8 51 36 13 12 75 24 15 70 68 76 6 40 64 50 16 19 73 30 67 77 14 79
0.31 60 40 45 48 72 6 28 33 46 21 75 66 42 61 57 11 73 54 52 58 9 70 67 8 16
0.92 5 69 66 24 0 64 39 76 67 8 54 59 56 10 62 19 40 68 28 48 21 1 71 6 25 37 26 73 20 31 15 70 60 77 18 72 3 65 51 79 53 45 9 32 58 78 22 12 33 55 43 52 46 61 49 34 29 16 57 2 7 63 27 35 38 14 75 36 13 23 50
0.05 58 45 59 48 13 54 72 35 64 14 17 26 56 49 36 61 67 8 33 55 18
