G N M I OF
1 100 100 0 21596.65
1 100 100 1 21151.08
1 100 100 2 23200.64
1 100 100 3 23091.76
1 100 100 4 26607.14
1 100 100 5 26288.09
1 100 100 6 21798.46
1 100 100 7 24221.25
1 100 100 8 24153.09
1 100 100 9 24447.5
1 100 100 10 24301.42
1 100 100 11 26573.41
1 100 100 12 23067.66
1 100 100 13 24319.11
1 100 100 14 23018.13
1 100 100 15 22721.32
1 100 100 16 23632.56
1 100 100 17 25452.87
1 100 100 18 23583.04
1 100 100 19 24597.01
1 100 100 20 26419.83
1 100 100 21 27158.72
1 100 100 22 21383.82
1 100 100 23 23161.23
1 100 100 24 23179.36
1 100 100 25 29069.36
1 100 100 26 21992.09
1 100 100 27 22656.7
1 100 100 28 24243.02
1 100 100 29 22590.61
1 100 100 30 24176.31
1 100 100 31 28883.86
1 100 100 32 26761.93
1 100 100 33 23088.35
1 100 100 34 21049.89
1 100 100 35 26275.39
1 100 100 36 22501.41
1 100 100 37 22524.14
1 100 100 38 24769.89
1 100 100 39 22895.61
1 100 100 40 26375.67
1 100 100 41 23188.97
1 100 100 42 25607.91
1 100 100 43 24015.39
1 100 100 44 22562.03
1 100 100 45 26344.86
1 100 100 46 24419.26
1 100 100 47 23338.8
1 100 100 48 25144.92
1 100 100 49 24422.95
1 100 140 0 34386
1 100 140 1 32983.76
1 100 140 2 33693.04
1 100 140 3 32899.63
1 100 140 4 34427.53
1 100 140 5 31831.61
1 100 140 6 33568.62
1 100 140 7 37388.32
1 100 140 8 32706.97
1 100 140 9 32072.34
1 100 140 10 28782.61
1 100 140 11 32481.22
1 100 140 12 32213.17
1 100 140 13 32404.52
1 100 140 14 33787.51
1 100 140 15 36647.57
1 100 140 16 31845.9
1 100 140 17 30801.15
1 100 140 18 30255.47
1 100 140 19 33188.35
1 100 140 20 33424.21
1 100 140 21 28621.89
1 100 140 22 31651.51
1 100 140 23 30915.2
1 100 140 24 33238.49
1 100 140 25 30097.09
1 100 140 26 30761.64
1 100 140 27 31630.21
1 100 140 28 36129.08
1 100 140 29 32087.83
1 100 140 30 35275.08
1 100 140 31 33964.34
1 100 140 32 34753.54
1 100 140 33 37895.6
1 100 140 34 34180.42
1 100 140 35 32288.94
1 100 140 36 33060.83
1 100 140 37 34779.62
1 100 140 38 30102.68
1 100 140 39 34431.32
1 100 140 40 34996.04
1 100 140 41 32545.95
1 100 140 42 32337.42
1 100 140 43 34992.53
1 100 140 44 32232.13
1 100 140 45 30553.1
1 100 140 46 30644.01
1 100 140 47 33216.41
1 100 140 48 38494.35
1 100 140 49 32970.32
1 100 60 0 14165.27
1 100 60 1 15002.3
1 100 60 2 13506.16
1 100 60 3 13947.44
1 100 60 4 13756.93
1 100 60 5 11194.55
1 100 60 6 11580.02
1 100 60 7 14406.73
1 100 60 8 13111.25
1 100 60 9 15747.79
1 100 60 10 13057.97
1 100 60 11 12362.4
1 100 60 12 12650.87
1 100 60 13 14788.71
1 100 60 14 11771.59
1 100 60 15 12205.26
1 100 60 16 14278.4
1 100 60 17 13718.31
1 100 60 18 13173.04
1 100 60 19 14235.51
1 100 60 20 10809.37
1 100 60 21 14399.85
1 100 60 22 12437.78
1 100 60 23 13614.37
1 100 60 24 14836.38
1 100 60 25 12698.65
1 100 60 26 14373.17
1 100 60 27 11983.3
1 100 60 28 16968.04
1 100 60 29 12502.77
1 100 60 30 13902.44
1 100 60 31 13886.86
1 100 60 32 12536.78
1 100 60 33 15821.09
1 100 60 34 15084.08
1 100 60 35 13813.29
1 100 60 36 13243.36
1 100 60 37 14812.92
1 100 60 38 16974.31
1 100 60 39 16670.15
1 100 60 40 13431.32
1 100 60 41 11955.87
1 100 60 42 13449.28
1 100 60 43 13560.12
1 100 60 44 14436.73
1 100 60 45 14665.45
1 100 60 46 13591.78
1 100 60 47 12845.32
1 100 60 48 15403.87
1 100 60 49 11825.11
1 20 12 0 556.9
1 20 12 1 416.62
1 20 12 2 504.53
1 20 12 3 444.5
1 20 12 4 529.36
1 20 12 5 594.84
1 20 12 6 460.74
1 20 12 7 553.13
1 20 12 8 460.99
1 20 12 9 385.52
1 20 12 10 480.4
1 20 12 11 467.33
1 20 12 12 326.7
1 20 12 13 415
1 20 12 14 506.41
1 20 12 15 365.65
1 20 12 16 381.9
1 20 12 17 299.37
1 20 12 18 584.49
1 20 12 19 163.55
1 20 12 20 461.16
1 20 12 21 750.4
1 20 12 22 539.18
1 20 12 23 589.73
1 20 12 24 470.52
1 20 12 25 558.74
1 20 12 26 451.58
1 20 12 27 270.37
1 20 12 28 336.25
1 20 12 29 469.89
1 20 12 30 254.4
1 20 12 31 316.66
1 20 12 32 492.42
1 20 12 33 573.94
1 20 12 34 261.52
1 20 12 35 389.18
1 20 12 36 420.36
1 20 12 37 685.1
1 20 12 38 469.75
1 20 12 39 551.65
1 20 12 40 373.05
1 20 12 41 590.6
1 20 12 42 334.52
1 20 12 43 663.84
1 20 12 44 292.45
1 20 12 45 595.51
1 20 12 46 486.83
1 20 12 47 414.61
1 20 12 48 395.08
1 20 12 49 744.89
1 20 20 0 580.6
1 20 20 1 925.38
1 20 20 2 1021.33
1 20 20 3 711.52
1 20 20 4 734.01
1 20 20 5 678.79
1 20 20 6 832.8
1 20 20 7 613.46
1 20 20 8 1056.4
1 20 20 9 621.54
1 20 20 10 647.53
1 20 20 11 438.06
1 20 20 12 813.67
1 20 20 13 961.05
1 20 20 14 817.88
1 20 20 15 845.25
1 20 20 16 840.77
1 20 20 17 734.82
1 20 20 18 627.46
1 20 20 19 860.28
1 20 20 20 707.99
1 20 20 21 1060.99
1 20 20 22 699.97
1 20 20 23 893.28
1 20 20 24 771.67
1 20 20 25 926.27
1 20 20 26 683.62
1 20 20 27 713.19
1 20 20 28 892.87
1 20 20 29 762.53
1 20 20 30 586.15
1 20 20 31 556.43
1 20 20 32 845.71
1 20 20 33 714.97
1 20 20 34 668.9
1 20 20 35 739.62
1 20 20 36 962.77
1 20 20 37 666.56
1 20 20 38 832.18
1 20 20 39 672.15
1 20 20 40 544.96
1 20 20 41 936.09
1 20 20 42 1026.29
1 20 20 43 1025.3
1 20 20 44 830.72
1 20 20 45 801.07
1 20 20 46 713.38
1 20 20 47 698.83
1 20 20 48 647.1
1 20 20 49 528.83
1 20 28 0 1120.96
1 20 28 1 1112.07
1 20 28 2 1079.3
1 20 28 3 918.78
1 20 28 4 1285.54
1 20 28 5 854.8
1 20 28 6 902.73
1 20 28 7 1271.35
1 20 28 8 997.63
1 20 28 9 1199.52
1 20 28 10 1090.08
1 20 28 11 979.69
1 20 28 12 1177.01
1 20 28 13 1097.44
1 20 28 14 1175.17
1 20 28 15 1725.34
1 20 28 16 1229.06
1 20 28 17 1455.72
1 20 28 18 1330.57
1 20 28 19 986.67
1 20 28 20 1083.29
1 20 28 21 797.57
1 20 28 22 1196.07
1 20 28 23 998.67
1 20 28 24 1205.83
1 20 28 25 1019.12
1 20 28 26 1329.86
1 20 28 27 823.76
1 20 28 28 1256.24
1 20 28 29 1385.93
1 20 28 30 1138.4
1 20 28 31 1116.88
1 20 28 32 1326.89
1 20 28 33 1079.9
1 20 28 34 1069.67
1 20 28 35 1163.54
1 20 28 36 1366.42
1 20 28 37 1645.38
1 20 28 38 1320.26
1 20 28 39 1543.87
1 20 28 40 796.65
1 20 28 41 1204.73
1 20 28 42 1441.46
1 20 28 43 899.93
1 20 28 44 1185.08
1 20 28 45 1595.7
1 20 28 46 1298.9
1 20 28 47 1202.76
1 20 28 48 1175.42
1 20 28 49 1275.2
1 40 24 0 1017.02
1 40 24 1 2166.57
1 40 24 2 1971.52
1 40 24 3 1639.2
1 40 24 4 1791.72
1 40 24 5 2058.81
1 40 24 6 2172.45
1 40 24 7 2475.36
1 40 24 8 1893.41
1 40 24 9 2168.8
1 40 24 10 2367.45
1 40 24 11 1898
1 40 24 12 1961.45
1 40 24 13 1987.49
1 40 24 14 1960.65
1 40 24 15 1459.33
1 40 24 16 1728.22
1 40 24 17 2017.96
1 40 24 18 2118.1
1 40 24 19 1858.19
1 40 24 20 1991.94
1 40 24 21 2580.98
1 40 24 22 2909.48
1 40 24 23 1625.12
1 40 24 24 2346.87
1 40 24 25 2293.48
1 40 24 26 2247.53
1 40 24 27 1569.14
1 40 24 28 2588.65
1 40 24 29 1940.89
1 40 24 30 2971.36
1 40 24 31 1877.71
1 40 24 32 2508.33
1 40 24 33 2179.01
1 40 24 34 1981.94
1 40 24 35 1594.42
1 40 24 36 1509.26
1 40 24 37 1942.36
1 40 24 38 1951.53
1 40 24 39 2036.09
1 40 24 40 2203.98
1 40 24 41 2119.44
1 40 24 42 2113.45
1 40 24 43 2112.89
1 40 24 44 1994.51
1 40 24 45 2595.56
1 40 24 46 1824.48
1 40 24 47 2204.22
1 40 24 48 2306.48
1 40 24 49 1831.15
1 40 40 0 3749.44
1 40 40 1 3675.5
1 40 40 2 2873.49
1 40 40 3 4027.68
1 40 40 4 4516.4
1 40 40 5 3985.39
1 40 40 6 3363.76
1 40 40 7 3223.75
1 40 40 8 4989.11
1 40 40 9 3748.49
1 40 40 10 2949.32
1 40 40 11 3681.24
1 40 40 12 3751.88
1 40 40 13 3179.7
1 40 40 14 3110.49
1 40 40 15 2967.2
1 40 40 16 3131.68
1 40 40 17 3003.28
1 40 40 18 3488.86
1 40 40 19 3916.58
1 40 40 20 3114.27
1 40 40 21 3499.53
1 40 40 22 4048.56
1 40 40 23 3425.29
1 40 40 24 3737.2
1 40 40 25 3621.64
1 40 40 26 3483.93
1 40 40 27 3116.42
1 40 40 28 4074.98
1 40 40 29 3036.03
1 40 40 30 4079.05
1 40 40 31 4188.36
1 40 40 32 2581.24
1 40 40 33 2852.9
1 40 40 34 3862.42
1 40 40 35 3646.97
1 40 40 36 3000.77
1 40 40 37 4095.08
1 40 40 38 4098.12
1 40 40 39 2722.71
1 40 40 40 4315.84
1 40 40 41 3243.39
1 40 40 42 3467.64
1 40 40 43 3612.45
1 40 40 44 3891.52
1 40 40 45 4351.2
1 40 40 46 3346.79
1 40 40 47 3632.55
1 40 40 48 3640.51
1 40 40 49 4162.24
1 40 56 0 5137.92
1 40 56 1 5434.63
1 40 56 2 5067.45
1 40 56 3 4387.47
1 40 56 4 5330.67
1 40 56 5 5181.38
1 40 56 6 3983.39
1 40 56 7 4583.48
1 40 56 8 4111.78
1 40 56 9 5341.9
1 40 56 10 4962.16
1 40 56 11 6235.11
1 40 56 12 4804.32
1 40 56 13 5872.13
1 40 56 14 4195.59
1 40 56 15 5865.72
1 40 56 16 5190.97
1 40 56 17 6476.45
1 40 56 18 4794.28
1 40 56 19 4472.39
1 40 56 20 5015.25
1 40 56 21 4596.04
1 40 56 22 5785.85
1 40 56 23 4363.76
1 40 56 24 5177.63
1 40 56 25 5557.08
1 40 56 26 4603.23
1 40 56 27 4699.02
1 40 56 28 4243.91
1 40 56 29 4786.93
1 40 56 30 5319.92
1 40 56 31 4774.16
1 40 56 32 5110.52
1 40 56 33 4925.2
1 40 56 34 3909.13
1 40 56 35 4659.86
1 40 56 36 4993.66
1 40 56 37 4576.51
1 40 56 38 3986.07
1 40 56 39 5645.46
1 40 56 40 4700.4
1 40 56 41 5274.95
1 40 56 42 4913.22
1 40 56 43 5992.48
1 40 56 44 4858.61
1 40 56 45 4726.76
1 40 56 46 4404.31
1 40 56 47 4111.55
1 40 56 48 5742.74
1 40 56 49 5024.42
1 80 112 0 21309.83
1 80 112 1 20784.9
1 80 112 2 20126.08
1 80 112 3 19056.96
1 80 112 4 22933.36
1 80 112 5 20493.69
1 80 112 6 24333.57
1 80 112 7 22935.77
1 80 112 8 21295.18
1 80 112 9 19675.95
1 80 112 10 22284.78
1 80 112 11 21864.42
1 80 112 12 20423
1 80 112 13 21038.13
1 80 112 14 23847.53
1 80 112 15 21683.79
1 80 112 16 21171.93
1 80 112 17 24565.96
1 80 112 18 23240.09
1 80 112 19 20047.02
1 80 112 20 23374.28
1 80 112 21 19506.51
1 80 112 22 23678.23
1 80 112 23 18819.33
1 80 112 24 18505.05
1 80 112 25 20879.82
1 80 112 26 20432.42
1 80 112 27 23013.46
1 80 112 28 21365.34
1 80 112 29 23107.58
1 80 112 30 20893.08
1 80 112 31 24311.58
1 80 112 32 18881.52
1 80 112 33 19232.34
1 80 112 34 20708.2
1 80 112 35 22991.2
1 80 112 36 21996.73
1 80 112 37 22568.25
1 80 112 38 21097.32
1 80 112 39 23066.05
1 80 112 40 23407.59
1 80 112 41 19672.72
1 80 112 42 20364.41
1 80 112 43 22700.5
1 80 112 44 25062.06
1 80 112 45 20641.96
1 80 112 46 19450.96
1 80 112 47 22977.92
1 80 112 48 18346.84
1 80 112 49 22318.09
1 80 48 0 8643.29
1 80 48 1 8010.41
1 80 48 2 7895.46
1 80 48 3 8685.74
1 80 48 4 6692.66
1 80 48 5 10493.31
1 80 48 6 9299.11
1 80 48 7 9444.71
1 80 48 8 9628.1
1 80 48 9 10265.76
1 80 48 10 7389.65
1 80 48 11 8285.62
1 80 48 12 8555.5
1 80 48 13 7440.32
1 80 48 14 6431.84
1 80 48 15 9443.94
1 80 48 16 9806.53
1 80 48 17 7554.26
1 80 48 18 8158.27
1 80 48 19 7222.04
1 80 48 20 8377.15
1 80 48 21 10564.6
1 80 48 22 8653.21
1 80 48 23 9669.27
1 80 48 24 8430.91
1 80 48 25 10244.69
1 80 48 26 8814.24
1 80 48 27 9907.83
1 80 48 28 9570.41
1 80 48 29 8374.06
1 80 48 30 8196.75
1 80 48 31 9832.2
1 80 48 32 9743.36
1 80 48 33 9539.05
1 80 48 34 7944.61
1 80 48 35 6954.94
1 80 48 36 9950.4
1 80 48 37 9581.6
1 80 48 38 8417.72
1 80 48 39 7485.52
1 80 48 40 7817.09
1 80 48 41 6866.67
1 80 48 42 8308.58
1 80 48 43 7696.19
1 80 48 44 8747.56
1 80 48 45 8566.76
1 80 48 46 8951.57
1 80 48 47 8936.34
1 80 48 48 9026.51
1 80 48 49 8380.95
1 80 80 0 19637.86
1 80 80 1 16403.84
1 80 80 2 15556.55
1 80 80 3 13874.83
1 80 80 4 16729.07
1 80 80 5 12615.22
1 80 80 6 15807.99
1 80 80 7 13067.07
1 80 80 8 15295.9
1 80 80 9 15940.95
1 80 80 10 16698.96
1 80 80 11 12876.31
1 80 80 12 15786.98
1 80 80 13 15171.19
1 80 80 14 15759.74
1 80 80 15 13630
1 80 80 16 16626.62
1 80 80 17 13527.33
1 80 80 18 14978.2
1 80 80 19 14658.74
1 80 80 20 15077.58
1 80 80 21 13113.9
1 80 80 22 15282.84
1 80 80 23 15359.66
1 80 80 24 15329.83
1 80 80 25 15491.05
1 80 80 26 14899.05
1 80 80 27 14223.2
1 80 80 28 11971.39
1 80 80 29 13637.86
1 80 80 30 14713.23
1 80 80 31 16641.99
1 80 80 32 14726.66
1 80 80 33 12974.33
1 80 80 34 16321.92
1 80 80 35 16316.07
1 80 80 36 13685.42
1 80 80 37 16262.68
1 80 80 38 15883.18
1 80 80 39 16689.63
1 80 80 40 16354.5
1 80 80 41 11739.4
1 80 80 42 15572.54
1 80 80 43 14561.31
1 80 80 44 16111
1 80 80 45 12399.9
1 80 80 46 13524.46
1 80 80 47 13832.62
1 80 80 48 16260.39
1 80 80 49 16546.28
2 100 100 0 244992.09
2 100 100 1 245961.47
2 100 100 2 215977.6
2 100 100 3 208384.54
2 100 100 4 213359.38
2 100 100 5 231932.01
2 100 100 6 220525.14
2 100 100 7 241204.94
2 100 100 8 238474.08
2 100 100 9 252218.22
2 100 100 10 240106.25
2 100 100 11 254775.21
2 100 100 12 236608.02
2 100 100 13 219867.22
2 100 100 14 277103.18
2 100 100 15 249369.46
2 100 100 16 217453.67
2 100 100 17 211048.68
2 100 100 18 218777.98
2 100 100 19 254846.95
2 100 100 20 265426.34
2 100 100 21 218429.66
2 100 100 22 213418.89
2 100 100 23 215846.32
2 100 100 24 198090.68
2 100 100 25 248992.1
2 100 100 26 251479.82
2 100 100 27 206705.94
2 100 100 28 267125.73
2 100 100 29 241402.73
2 100 100 30 231552.17
2 100 100 31 210918.57
2 100 100 32 238894.54
2 100 100 33 244284.39
2 100 100 34 217273.89
2 100 100 35 245588.62
2 100 100 36 210717.68
2 100 100 37 234677.09
2 100 100 38 225927.34
2 100 100 39 244904.85
2 100 100 40 212710.13
2 100 100 41 229606.85
2 100 100 42 275710.06
2 100 100 43 202788.86
2 100 100 44 220765.17
2 100 100 45 216100.79
2 100 100 46 206030.73
2 100 100 47 214348.92
2 100 100 48 269774.74
2 100 100 49 240616.2
2 100 140 0 351835.88
2 100 140 1 354067.19
2 100 140 2 322820.71
2 100 140 3 303654.89
2 100 140 4 347868.83
2 100 140 5 314366.11
2 100 140 6 341179.35
2 100 140 7 349074.69
2 100 140 8 340253.61
2 100 140 9 337733.65
2 100 140 10 344197.65
2 100 140 11 312715.15
2 100 140 12 262615.22
2 100 140 13 363286
2 100 140 14 330100.06
2 100 140 15 320208.21
2 100 140 16 311242.93
2 100 140 17 341483.79
2 100 140 18 356479.69
2 100 140 19 349386.32
2 100 140 20 346577.24
2 100 140 21 349599.48
2 100 140 22 330093.99
2 100 140 23 293335.43
2 100 140 24 316481.65
2 100 140 25 323802.85
2 100 140 26 354096.41
2 100 140 27 301892.64
2 100 140 28 338191.41
2 100 140 29 320041.22
2 100 140 30 332574.69
2 100 140 31 346084.8
2 100 140 32 346419.51
2 100 140 33 376379.25
2 100 140 34 319891.69
2 100 140 35 330628.65
2 100 140 36 401479.55
2 100 140 37 311255.26
2 100 140 38 305423.88
2 100 140 39 271481.58
2 100 140 40 328532.37
2 100 140 41 321234.09
2 100 140 42 343613.11
2 100 140 43 338781.25
2 100 140 44 329057.51
2 100 140 45 367083.72
2 100 140 46 297008.62
2 100 140 47 308634.55
2 100 140 48 352959.44
2 100 140 49 321797.96
2 100 60 0 122910.64
2 100 60 1 137861.94
2 100 60 2 125409.46
2 100 60 3 177096.64
2 100 60 4 130473.78
2 100 60 5 134957.36
2 100 60 6 134068.9
2 100 60 7 156851.52
2 100 60 8 159512.58
2 100 60 9 125804.3
2 100 60 10 134122
2 100 60 11 147509.89
2 100 60 12 120481.95
2 100 60 13 141415.94
2 100 60 14 157674.44
2 100 60 15 136918.17
2 100 60 16 136093.74
2 100 60 17 145109.45
2 100 60 18 137510.89
2 100 60 19 149135.75
2 100 60 20 118361.82
2 100 60 21 110390.14
2 100 60 22 164099.32
2 100 60 23 124709.99
2 100 60 24 119043.46
2 100 60 25 133922.24
2 100 60 26 134206.83
2 100 60 27 154721.32
2 100 60 28 143261.06
2 100 60 29 159353.72
2 100 60 30 125176.24
2 100 60 31 126060.16
2 100 60 32 131315.13
2 100 60 33 112351.51
2 100 60 34 122756.95
2 100 60 35 143011.24
2 100 60 36 130470.66
2 100 60 37 128255.55
2 100 60 38 118919.29
2 100 60 39 170382.23
2 100 60 40 125609.11
2 100 60 41 140115.7
2 100 60 42 130844.98
2 100 60 43 139936.86
2 100 60 44 175966.67
2 100 60 45 128574.5
2 100 60 46 130428.26
2 100 60 47 128478.6
2 100 60 48 140746.16
2 100 60 49 129108.55
2 20 12 0 3361.51
2 20 12 1 3876.16
2 20 12 2 3794.62
2 20 12 3 6794.97
2 20 12 4 4733.07
2 20 12 5 3600.04
2 20 12 6 4140.32
2 20 12 7 3942.42
2 20 12 8 3649.96
2 20 12 9 7293.16
2 20 12 10 4751.38
2 20 12 11 5272.36
2 20 12 12 4307.22
2 20 12 13 5232.71
2 20 12 14 5948.87
2 20 12 15 4823.49
2 20 12 16 4814.4
2 20 12 17 5124.29
2 20 12 18 6276.85
2 20 12 19 3608.75
2 20 12 20 4184.47
2 20 12 21 5810.43
2 20 12 22 3888.81
2 20 12 23 4491.64
2 20 12 24 3612.32
2 20 12 25 2411.72
2 20 12 26 3527.55
2 20 12 27 4517.42
2 20 12 28 6384.02
2 20 12 29 4929.32
2 20 12 30 3332.88
2 20 12 31 4294.28
2 20 12 32 5192.68
2 20 12 33 2480.8
2 20 12 34 5193.44
2 20 12 35 3344.22
2 20 12 36 5898.96
2 20 12 37 3202.83
2 20 12 38 4964.92
2 20 12 39 4475.02
2 20 12 40 4574.56
2 20 12 41 5227.58
2 20 12 42 4476.6
2 20 12 43 5224.59
2 20 12 44 4430.13
2 20 12 45 4635.85
2 20 12 46 5431.9
2 20 12 47 5911.18
2 20 12 48 4341.2
2 20 12 49 2153.97
2 20 20 0 6292.9
2 20 20 1 9873.38
2 20 20 2 6422.72
2 20 20 3 8700.98
2 20 20 4 6155.11
2 20 20 5 5865.98
2 20 20 6 7147.94
2 20 20 7 11896.28
2 20 20 8 9617.28
2 20 20 9 6598.23
2 20 20 10 9150
2 20 20 11 5577.46
2 20 20 12 8410.01
2 20 20 13 7564.69
2 20 20 14 9903.32
2 20 20 15 7849.14
2 20 20 16 8663.68
2 20 20 17 7467
2 20 20 18 7487.04
2 20 20 19 8462.13
2 20 20 20 5644.96
2 20 20 21 7455.87
2 20 20 22 5344.99
2 20 20 23 9065.58
2 20 20 24 7190.01
2 20 20 25 5792.42
2 20 20 26 8327.72
2 20 20 27 7252.62
2 20 20 28 5951.65
2 20 20 29 10506.13
2 20 20 30 12588.42
2 20 20 31 7571.49
2 20 20 32 4551.46
2 20 20 33 7950.94
2 20 20 34 7858.57
2 20 20 35 8457.98
2 20 20 36 6608.75
2 20 20 37 7736.84
2 20 20 38 7379.23
2 20 20 39 6547.03
2 20 20 40 5070.89
2 20 20 41 7227.85
2 20 20 42 10086.24
2 20 20 43 7588
2 20 20 44 5485.78
2 20 20 45 7499.13
2 20 20 46 8546.51
2 20 20 47 9040.78
2 20 20 48 6827.63
2 20 20 49 8342.16
2 20 28 0 12704.03
2 20 28 1 11732.7
2 20 28 2 9370.66
2 20 28 3 12793.24
2 20 28 4 14330.18
2 20 28 5 10251.86
2 20 28 6 17917.1
2 20 28 7 15709.17
2 20 28 8 10210.03
2 20 28 9 10112.69
2 20 28 10 12177.47
2 20 28 11 12722.42
2 20 28 12 10923.46
2 20 28 13 12591.87
2 20 28 14 13948.89
2 20 28 15 12046.67
2 20 28 16 13904.41
2 20 28 17 10275.76
2 20 28 18 12636.25
2 20 28 19 13480.76
2 20 28 20 12508.7
2 20 28 21 13153.1
2 20 28 22 8745.89
2 20 28 23 9774.05
2 20 28 24 12007.14
2 20 28 25 7441.12
2 20 28 26 10759.16
2 20 28 27 9622.31
2 20 28 28 12772.17
2 20 28 29 9947.24
2 20 28 30 12952.04
2 20 28 31 10513.62
2 20 28 32 11500.24
2 20 28 33 13134.65
2 20 28 34 10318
2 20 28 35 8071.41
2 20 28 36 11584.99
2 20 28 37 11809.49
2 20 28 38 13011.57
2 20 28 39 11545.39
2 20 28 40 10466.1
2 20 28 41 14852.61
2 20 28 42 11901.75
2 20 28 43 12540.97
2 20 28 44 10934.72
2 20 28 45 10678.3
2 20 28 46 11837.69
2 20 28 47 13041.34
2 20 28 48 13283.29
2 20 28 49 11376.14
2 40 24 0 20553.84
2 40 24 1 21364.55
2 40 24 2 21977
2 40 24 3 20020.32
2 40 24 4 13073.18
2 40 24 5 19540.43
2 40 24 6 20822.19
2 40 24 7 24147.16
2 40 24 8 22948.83
2 40 24 9 18951.26
2 40 24 10 20353.15
2 40 24 11 28659.3
2 40 24 12 16255.77
2 40 24 13 17445.59
2 40 24 14 18765.19
2 40 24 15 18464.42
2 40 24 16 13538.44
2 40 24 17 18493.6
2 40 24 18 22813.09
2 40 24 19 17662.93
2 40 24 20 20278.18
2 40 24 21 24410.18
2 40 24 22 15822.29
2 40 24 23 18026.45
2 40 24 24 19222.61
2 40 24 25 24564.15
2 40 24 26 20397.14
2 40 24 27 22269.43
2 40 24 28 20680.06
2 40 24 29 25447.7
2 40 24 30 16747.34
2 40 24 31 18582.58
2 40 24 32 20222.33
2 40 24 33 15036.28
2 40 24 34 19457.61
2 40 24 35 20731.84
2 40 24 36 21490.13
2 40 24 37 15688.56
2 40 24 38 20764.57
2 40 24 39 28400.65
2 40 24 40 16026.7
2 40 24 41 20228.38
2 40 24 42 18227.56
2 40 24 43 17882.43
2 40 24 44 16482.4
2 40 24 45 17037.27
2 40 24 46 17810.77
2 40 24 47 23557.78
2 40 24 48 14111.22
2 40 24 49 19701.41
2 40 40 0 33279.78
2 40 40 1 37185.93
2 40 40 2 33705.33
2 40 40 3 27930.43
2 40 40 4 38426.36
2 40 40 5 38934.37
2 40 40 6 41012.52
2 40 40 7 32421.22
2 40 40 8 45767.92
2 40 40 9 39825.38
2 40 40 10 30610.47
2 40 40 11 37288.21
2 40 40 12 40835.2
2 40 40 13 35342.84
2 40 40 14 36725.31
2 40 40 15 41225.87
2 40 40 16 26622.99
2 40 40 17 33342.52
2 40 40 18 32534.52
2 40 40 19 33639.09
2 40 40 20 38900.55
2 40 40 21 43377.89
2 40 40 22 33504.03
2 40 40 23 33845.47
2 40 40 24 40934.96
2 40 40 25 32533.48
2 40 40 26 39828.49
2 40 40 27 37591.2
2 40 40 28 33016.1
2 40 40 29 41040.05
2 40 40 30 25915.39
2 40 40 31 36350.88
2 40 40 32 44126.98
2 40 40 33 35796.64
2 40 40 34 27475.62
2 40 40 35 31029.48
2 40 40 36 27519.43
2 40 40 37 33923.96
2 40 40 38 32382.87
2 40 40 39 32870.91
2 40 40 40 32504.05
2 40 40 41 46757.21
2 40 40 42 37528.02
2 40 40 43 35508.71
2 40 40 44 29265.75
2 40 40 45 30439.37
2 40 40 46 31135.38
2 40 40 47 34609.26
2 40 40 48 38751.38
2 40 40 49 39356.11
2 40 56 0 41428.6
2 40 56 1 47936.14
2 40 56 2 46879.92
2 40 56 3 44424.51
2 40 56 4 50905.45
2 40 56 5 52155.22
2 40 56 6 46720.91
2 40 56 7 40326.53
2 40 56 8 52298.92
2 40 56 9 40125.2
2 40 56 10 59004.9
2 40 56 11 45920.06
2 40 56 12 42198
2 40 56 13 53638.3
2 40 56 14 61261.86
2 40 56 15 43931.1
2 40 56 16 49228.25
2 40 56 17 55273.43
2 40 56 18 44892.29
2 40 56 19 55196.01
2 40 56 20 45344.17
2 40 56 21 44469.26
2 40 56 22 52256.48
2 40 56 23 33127.61
2 40 56 24 45271.21
2 40 56 25 39956
2 40 56 26 50923.39
2 40 56 27 56980.58
2 40 56 28 47571.52
2 40 56 29 67551.9
2 40 56 30 52045.67
2 40 56 31 46612.14
2 40 56 32 68464.42
2 40 56 33 53940.67
2 40 56 34 70699.76
2 40 56 35 59012.17
2 40 56 36 62631.17
2 40 56 37 55062.53
2 40 56 38 46800.83
2 40 56 39 36331.81
2 40 56 40 54118.2
2 40 56 41 55949.71
2 40 56 42 52904.18
2 40 56 43 49564.33
2 40 56 44 61069.45
2 40 56 45 46376.04
2 40 56 46 40181.55
2 40 56 47 53673.19
2 40 56 48 51873.59
2 40 56 49 45079.53
2 80 112 0 219269.44
2 80 112 1 225404.54
2 80 112 2 228113.58
2 80 112 3 224449.73
2 80 112 4 214855.25
2 80 112 5 217873.97
2 80 112 6 228101.63
2 80 112 7 190890.47
2 80 112 8 221718.66
2 80 112 9 204839.33
2 80 112 10 190551.41
2 80 112 11 209158.82
2 80 112 12 203081.32
2 80 112 13 212502.72
2 80 112 14 222219.45
2 80 112 15 180221.72
2 80 112 16 231911.37
2 80 112 17 206342.97
2 80 112 18 237700.21
2 80 112 19 224141.2
2 80 112 20 206353.92
2 80 112 21 191552.95
2 80 112 22 226072.42
2 80 112 23 187757.07
2 80 112 24 192692.78
2 80 112 25 212252.4
2 80 112 26 202869.32
2 80 112 27 206270.99
2 80 112 28 222377.44
2 80 112 29 189825.74
2 80 112 30 179755.62
2 80 112 31 172003.78
2 80 112 32 195529.61
2 80 112 33 220751.64
2 80 112 34 237264.41
2 80 112 35 216992.24
2 80 112 36 209904.87
2 80 112 37 211814.08
2 80 112 38 198507.06
2 80 112 39 234794.88
2 80 112 40 195945.28
2 80 112 41 186157.88
2 80 112 42 208187.83
2 80 112 43 232065.93
2 80 112 44 229983.4
2 80 112 45 239255.87
2 80 112 46 193411.66
2 80 112 47 216555.86
2 80 112 48 205848.7
2 80 112 49 204761.26
2 80 48 0 92896.69
2 80 48 1 94060.33
2 80 48 2 89459.96
2 80 48 3 72694.97
2 80 48 4 86667.62
2 80 48 5 94777.58
2 80 48 6 88511.06
2 80 48 7 85403.94
2 80 48 8 76447.26
2 80 48 9 77057.58
2 80 48 10 74104.39
2 80 48 11 100932.2
2 80 48 12 83001.42
2 80 48 13 94624.26
2 80 48 14 98563.48
2 80 48 15 95384.91
2 80 48 16 74510.67
2 80 48 17 76322.95
2 80 48 18 90831.86
2 80 48 19 90047.06
2 80 48 20 80612.24
2 80 48 21 83506.91
2 80 48 22 86151.85
2 80 48 23 94378.23
2 80 48 24 88474
2 80 48 25 88988.72
2 80 48 26 87454.15
2 80 48 27 96993.53
2 80 48 28 81073.53
2 80 48 29 89330.58
2 80 48 30 76095.47
2 80 48 31 106116.22
2 80 48 32 91705.19
2 80 48 33 81859.38
2 80 48 34 94525.58
2 80 48 35 75274.54
2 80 48 36 85253.59
2 80 48 37 98204.97
2 80 48 38 88539.01
2 80 48 39 105360.63
2 80 48 40 87135.43
2 80 48 41 92291.87
2 80 48 42 80528.77
2 80 48 43 75141.86
2 80 48 44 90045.66
2 80 48 45 81133.37
2 80 48 46 89110.86
2 80 48 47 82684.46
2 80 48 48 86703.66
2 80 48 49 82156.66
2 80 80 0 168146.07
2 80 80 1 154038.08
2 80 80 2 152763.59
2 80 80 3 161432.58
2 80 80 4 159142.41
2 80 80 5 158472.13
2 80 80 6 172421.4
2 80 80 7 136086.41
2 80 80 8 158870.07
2 80 80 9 136310.89
2 80 80 10 121333.58
2 80 80 11 160595.86
2 80 80 12 157922.3
2 80 80 13 134075.78
2 80 80 14 138696.12
2 80 80 15 143293.49
2 80 80 16 143012.35
2 80 80 17 138105.22
2 80 80 18 138165.17
2 80 80 19 136549.2
2 80 80 20 128290.31
2 80 80 21 150725.71
2 80 80 22 140178.09
2 80 80 23 133843.6
2 80 80 24 165908.11
2 80 80 25 126829.67
2 80 80 26 133070.3
2 80 80 27 144439.22
2 80 80 28 145570.64
2 80 80 29 144889.45
2 80 80 30 151514.93
2 80 80 31 162408.5
2 80 80 32 182400.7
2 80 80 33 146602.7
2 80 80 34 147850.79
2 80 80 35 159552.63
2 80 80 36 157136.73
2 80 80 37 132868.1
2 80 80 38 147212.77
2 80 80 39 133875.16
2 80 80 40 156521.55
2 80 80 41 131972.14
2 80 80 42 133680.22
2 80 80 43 166651.29
2 80 80 44 147201.57
2 80 80 45 186003.07
2 80 80 46 125222.66
2 80 80 47 140731.5
2 80 80 48 165362.74
2 80 80 49 147453.72
