G N M I OF
1 100 100 0 21879.36
1 100 100 1 21570.47
1 100 100 2 23394.23
1 100 100 3 23466.33
1 100 100 4 26908.53
1 100 100 5 26686.32
1 100 100 6 21998.35
1 100 100 7 24371.68
1 100 100 8 24488.92
1 100 100 9 24806.91
1 100 100 10 24567.5
1 100 100 11 26885.01
1 100 100 12 23481.24
1 100 100 13 24469.33
1 100 100 14 23366.76
1 100 100 15 22872.31
1 100 100 16 24044.69
1 100 100 17 25737.23
1 100 100 18 23699.45
1 100 100 19 24885.74
1 100 100 20 26673.17
1 100 100 21 27386.7
1 100 100 22 21710.89
1 100 100 23 23366.7
1 100 100 24 23412.01
1 100 100 25 29522.72
1 100 100 26 22269.54
1 100 100 27 23087.64
1 100 100 28 24494.33
1 100 100 29 23068.95
1 100 100 30 24262.2
1 100 100 31 29446.13
1 100 100 32 26943.63
1 100 100 33 23355.5
1 100 100 34 21157.66
1 100 100 35 26461.48
1 100 100 36 22698.61
1 100 100 37 22811.07
1 100 100 38 25004.32
1 100 100 39 23017.13
1 100 100 40 26757.62
1 100 100 41 23408.18
1 100 100 42 25788.48
1 100 100 43 24316.49
1 100 100 44 22795.38
1 100 100 45 26525.03
1 100 100 46 24673.26
1 100 100 47 23496.97
1 100 100 48 25322.84
1 100 100 49 24667.62
1 100 140 0 34617.99
1 100 140 1 33359.32
1 100 140 2 34177.47
1 100 140 3 33252.33
1 100 140 4 34794.35
1 100 140 5 32357.62
1 100 140 6 33840.34
1 100 140 7 37561.39
1 100 140 8 33077.82
1 100 140 9 32458.04
1 100 140 10 28998.82
1 100 140 11 32538.42
1 100 140 12 32634.53
1 100 140 13 32680.75
1 100 140 14 34113.99
1 100 140 15 37056.37
1 100 140 16 31785.65
1 100 140 17 31144.33
1 100 140 18 30509.68
1 100 140 19 33469.39
1 100 140 20 33635.22
1 100 140 21 28912.93
1 100 140 22 31972.01
1 100 140 23 31425.6
1 100 140 24 33458.53
1 100 140 25 30332.73
1 100 140 26 31081.02
1 100 140 27 31853.41
1 100 140 28 36439.79
1 100 140 29 32366.35
1 100 140 30 35639.88
1 100 140 31 34107.58
1 100 140 32 34912.98
1 100 140 33 38502.32
1 100 140 34 34444.41
1 100 140 35 32396.29
1 100 140 36 33244.73
1 100 140 37 35027.47
1 100 140 38 30316.05
1 100 140 39 34655.49
1 100 140 40 35349.15
1 100 140 41 32864.41
1 100 140 42 32800.85
1 100 140 43 35518.3
1 100 140 44 32552.91
1 100 140 45 30831.44
1 100 140 46 31208.16
1 100 140 47 33757.93
1 100 140 48 39120.82
1 100 140 49 33323.19
1 100 60 0 14503.62
1 100 60 1 15150.8
1 100 60 2 13579.57
1 100 60 3 14306.86
1 100 60 4 13884.48
1 100 60 5 11293.71
1 100 60 6 11708.44
1 100 60 7 14832.52
1 100 60 8 13264.21
1 100 60 9 15887.32
1 100 60 10 13220.43
1 100 60 11 12514.57
1 100 60 12 12835.61
1 100 60 13 14920.61
1 100 60 14 11971.15
1 100 60 15 12369.56
1 100 60 16 14450.04
1 100 60 17 14043.37
1 100 60 18 13376.01
1 100 60 19 14441.96
1 100 60 20 10917.37
1 100 60 21 14492.79
1 100 60 22 12566.57
1 100 60 23 13859.55
1 100 60 24 15028.51
1 100 60 25 13074.15
1 100 60 26 14443.75
1 100 60 27 12185.85
1 100 60 28 17088.53
1 100 60 29 12581.35
1 100 60 30 14112.23
1 100 60 31 14111.15
1 100 60 32 12726.87
1 100 60 33 16169.32
1 100 60 34 15212.03
1 100 60 35 13884.74
1 100 60 36 13363.73
1 100 60 37 14980.01
1 100 60 38 17205.25
1 100 60 39 16862.62
1 100 60 40 13604.89
1 100 60 41 12128.67
1 100 60 42 13563.97
1 100 60 43 13615.92
1 100 60 44 14571.44
1 100 60 45 14797.4
1 100 60 46 13713.52
1 100 60 47 12922.04
1 100 60 48 15447.97
1 100 60 49 11954.06
1 20 12 0 546.55
1 20 12 1 415.58
1 20 12 2 497.9
1 20 12 3 450.11
1 20 12 4 525.59
1 20 12 5 600
1 20 12 6 463.49
1 20 12 7 553.85
1 20 12 8 456.81
1 20 12 9 391.42
1 20 12 10 480.4
1 20 12 11 452.2
1 20 12 12 326.7
1 20 12 13 415
1 20 12 14 488.82
1 20 12 15 361.74
1 20 12 16 386.77
1 20 12 17 291.85
1 20 12 18 602.27
1 20 12 19 164.57
1 20 12 20 484.38
1 20 12 21 753.1
1 20 12 22 545.62
1 20 12 23 595.99
1 20 12 24 481.25
1 20 12 25 558.74
1 20 12 26 454.26
1 20 12 27 264.69
1 20 12 28 331.58
1 20 12 29 472.08
1 20 12 30 255.99
1 20 12 31 320.19
1 20 12 32 492.42
1 20 12 33 577.4
1 20 12 34 262.19
1 20 12 35 389.63
1 20 12 36 421.8
1 20 12 37 699.79
1 20 12 38 474.75
1 20 12 39 561.87
1 20 12 40 372.73
1 20 12 41 597.75
1 20 12 42 339.85
1 20 12 43 665.33
1 20 12 44 291.54
1 20 12 45 575.59
1 20 12 46 490.79
1 20 12 47 422.17
1 20 12 48 398.15
1 20 12 49 749.02
1 20 20 0 586.06
1 20 20 1 925.38
1 20 20 2 1028.24
1 20 20 3 717.7
1 20 20 4 734.12
1 20 20 5 683.73
1 20 20 6 814.69
1 20 20 7 613.46
1 20 20 8 1086.71
1 20 20 9 633.27
1 20 20 10 647.46
1 20 20 11 445.58
1 20 20 12 800.47
1 20 20 13 967.33
1 20 20 14 841.86
1 20 20 15 829.09
1 20 20 16 849.85
1 20 20 17 744.5
1 20 20 18 626.8
1 20 20 19 863
1 20 20 20 718.81
1 20 20 21 1049.61
1 20 20 22 718.69
1 20 20 23 887.18
1 20 20 24 774.42
1 20 20 25 944.79
1 20 20 26 671.72
1 20 20 27 725.84
1 20 20 28 919.73
1 20 20 29 762.62
1 20 20 30 598.57
1 20 20 31 560.87
1 20 20 32 853.49
1 20 20 33 724.13
1 20 20 34 680.81
1 20 20 35 745.73
1 20 20 36 985.07
1 20 20 37 682.47
1 20 20 38 823
1 20 20 39 676.49
1 20 20 40 545.23
1 20 20 41 908.62
1 20 20 42 1033.18
1 20 20 43 1025.3
1 20 20 44 816.31
1 20 20 45 804.59
1 20 20 46 713.18
1 20 20 47 705.35
1 20 20 48 648.26
1 20 20 49 533.72
1 20 28 0 1125.94
1 20 28 1 1117.8
1 20 28 2 1108.02
1 20 28 3 900.65
1 20 28 4 1306.02
1 20 28 5 874.08
1 20 28 6 905.04
1 20 28 7 1284.09
1 20 28 8 1024.9
1 20 28 9 1192.77
1 20 28 10 1093.04
1 20 28 11 934.86
1 20 28 12 1173.11
1 20 28 13 1091.5
1 20 28 14 1199.53
1 20 28 15 1697.21
1 20 28 16 1226.51
1 20 28 17 1421.97
1 20 28 18 1348.67
1 20 28 19 991.47
1 20 28 20 1107.69
1 20 28 21 798.31
1 20 28 22 1220.56
1 20 28 23 994.82
1 20 28 24 1212.27
1 20 28 25 1013.07
1 20 28 26 1337.44
1 20 28 27 822.51
1 20 28 28 1265.45
1 20 28 29 1381.52
1 20 28 30 1143.87
1 20 28 31 1119.66
1 20 28 32 1341.52
1 20 28 33 1100.47
1 20 28 34 1057.32
1 20 28 35 1174.15
1 20 28 36 1367.88
1 20 28 37 1648.68
1 20 28 38 1311.11
1 20 28 39 1603.86
1 20 28 40 803.63
1 20 28 41 1213.28
1 20 28 42 1460.33
1 20 28 43 895.4
1 20 28 44 1214.25
1 20 28 45 1594.85
1 20 28 46 1300.3
1 20 28 47 1198.65
1 20 28 48 1191.91
1 20 28 49 1259.8
1 40 24 0 1026.57
1 40 24 1 2195.82
1 40 24 2 2005.41
1 40 24 3 1685.09
1 40 24 4 1827.03
1 40 24 5 2084.53
1 40 24 6 2188.83
1 40 24 7 2518.38
1 40 24 8 1948.4
1 40 24 9 2241.11
1 40 24 10 2399.26
1 40 24 11 1918.25
1 40 24 12 1981.58
1 40 24 13 2023.54
1 40 24 14 1980.1
1 40 24 15 1481.7
1 40 24 16 1734.64
1 40 24 17 2037.69
1 40 24 18 2126.2
1 40 24 19 1847.52
1 40 24 20 2018.38
1 40 24 21 2640.92
1 40 24 22 2927.12
1 40 24 23 1660.48
1 40 24 24 2336.96
1 40 24 25 2304.91
1 40 24 26 2255.73
1 40 24 27 1623.24
1 40 24 28 2590.73
1 40 24 29 1955.62
1 40 24 30 2997.31
1 40 24 31 1896.49
1 40 24 32 2515.12
1 40 24 33 2192.27
1 40 24 34 2028.41
1 40 24 35 1628.36
1 40 24 36 1520.28
1 40 24 37 1980.23
1 40 24 38 1956.49
1 40 24 39 2072.58
1 40 24 40 2225
1 40 24 41 2191.47
1 40 24 42 2134.25
1 40 24 43 2140.13
1 40 24 44 1998.29
1 40 24 45 2597.14
1 40 24 46 1828.03
1 40 24 47 2218.47
1 40 24 48 2292.94
1 40 24 49 1862.67
1 40 40 0 3787.13
1 40 40 1 3721.52
1 40 40 2 2922.55
1 40 40 3 4083.88
1 40 40 4 4645.38
1 40 40 5 3976.54
1 40 40 6 3416.98
1 40 40 7 3241.32
1 40 40 8 5111.53
1 40 40 9 3807.79
1 40 40 10 2977.69
1 40 40 11 3740.51
1 40 40 12 3805.74
1 40 40 13 3275.12
1 40 40 14 3090.58
1 40 40 15 2989.97
1 40 40 16 3190.41
1 40 40 17 3013.28
1 40 40 18 3521.72
1 40 40 19 3963.02
1 40 40 20 3148.95
1 40 40 21 3573.45
1 40 40 22 4195.18
1 40 40 23 3464.91
1 40 40 24 3787.05
1 40 40 25 3648.5
1 40 40 26 3481.05
1 40 40 27 3140.59
1 40 40 28 4121.25
1 40 40 29 3107.31
1 40 40 30 4095.39
1 40 40 31 4206.63
1 40 40 32 2584.01
1 40 40 33 2855.95
1 40 40 34 3930.87
1 40 40 35 3717.28
1 40 40 36 3033.88
1 40 40 37 4076.04
1 40 40 38 4191.64
1 40 40 39 2762.69
1 40 40 40 4331.43
1 40 40 41 3298.97
1 40 40 42 3481.94
1 40 40 43 3679.34
1 40 40 44 3938.41
1 40 40 45 4345.31
1 40 40 46 3354.05
1 40 40 47 3660.96
1 40 40 48 3628.58
1 40 40 49 4202.93
1 40 56 0 5200.81
1 40 56 1 5464.24
1 40 56 2 5177.7
1 40 56 3 4446.34
1 40 56 4 5353.49
1 40 56 5 5232.37
1 40 56 6 4048.48
1 40 56 7 4628.67
1 40 56 8 4176.55
1 40 56 9 5374.56
1 40 56 10 5016.46
1 40 56 11 6355.78
1 40 56 12 4837.23
1 40 56 13 6002.29
1 40 56 14 4298.05
1 40 56 15 5837.7
1 40 56 16 5231.09
1 40 56 17 6511.61
1 40 56 18 4839.9
1 40 56 19 4528.02
1 40 56 20 5087.29
1 40 56 21 4617.58
1 40 56 22 5835.49
1 40 56 23 4434.72
1 40 56 24 5284.7
1 40 56 25 5532.6
1 40 56 26 4639.73
1 40 56 27 4760.28
1 40 56 28 4297.34
1 40 56 29 4819.05
1 40 56 30 5428.4
1 40 56 31 4838.31
1 40 56 32 5199.18
1 40 56 33 4918.9
1 40 56 34 3924.12
1 40 56 35 4731.4
1 40 56 36 5040.35
1 40 56 37 4598.17
1 40 56 38 3998.33
1 40 56 39 5727.16
1 40 56 40 4781.92
1 40 56 41 5293.1
1 40 56 42 4972.54
1 40 56 43 6014.8
1 40 56 44 4861.85
1 40 56 45 4785.89
1 40 56 46 4428.93
1 40 56 47 4181.07
1 40 56 48 5765.37
1 40 56 49 5057.95
1 80 112 0 21472.06
1 80 112 1 20974.56
1 80 112 2 20436.28
1 80 112 3 19179.88
1 80 112 4 23255.67
1 80 112 5 20616.14
1 80 112 6 24500.02
1 80 112 7 23194.12
1 80 112 8 21601.35
1 80 112 9 20051.73
1 80 112 10 22734.53
1 80 112 11 22176.29
1 80 112 12 20560.01
1 80 112 13 21255.65
1 80 112 14 24224.3
1 80 112 15 22044.28
1 80 112 16 21350.92
1 80 112 17 25004.68
1 80 112 18 23653.48
1 80 112 19 20242.88
1 80 112 20 23504.76
1 80 112 21 19677.5
1 80 112 22 23890.37
1 80 112 23 19028.02
1 80 112 24 18618.63
1 80 112 25 21087.79
1 80 112 26 20581.45
1 80 112 27 23206.36
1 80 112 28 21471.15
1 80 112 29 23346.84
1 80 112 30 20991.82
1 80 112 31 24622.49
1 80 112 32 19021.88
1 80 112 33 19467.05
1 80 112 34 21009.87
1 80 112 35 23082.57
1 80 112 36 22334.36
1 80 112 37 22657.07
1 80 112 38 21229.61
1 80 112 39 23249.67
1 80 112 40 23757.26
1 80 112 41 19775.11
1 80 112 42 20514.35
1 80 112 43 22813.14
1 80 112 44 25448.53
1 80 112 45 20880.02
1 80 112 46 19613.2
1 80 112 47 23302.28
1 80 112 48 18526.1
1 80 112 49 22643.04
1 80 48 0 8693.67
1 80 48 1 8114.71
1 80 48 2 7988.14
1 80 48 3 8776.89
1 80 48 4 6773.18
1 80 48 5 10655.2
1 80 48 6 9480.5
1 80 48 7 9489.29
1 80 48 8 9684.45
1 80 48 9 10310.01
1 80 48 10 7561.3
1 80 48 11 8368.45
1 80 48 12 8641.75
1 80 48 13 7509.23
1 80 48 14 6504.15
1 80 48 15 9534.69
1 80 48 16 10026.95
1 80 48 17 7597.6
1 80 48 18 8250.44
1 80 48 19 7237.21
1 80 48 20 8400.76
1 80 48 21 10704.83
1 80 48 22 8754.42
1 80 48 23 9815.03
1 80 48 24 8536.06
1 80 48 25 10312.75
1 80 48 26 8907.2
1 80 48 27 9956.89
1 80 48 28 9772.6
1 80 48 29 8473.09
1 80 48 30 8295.93
1 80 48 31 9877.87
1 80 48 32 9925.65
1 80 48 33 9656.62
1 80 48 34 7984.69
1 80 48 35 7032.23
1 80 48 36 10208.61
1 80 48 37 9620.15
1 80 48 38 8478.64
1 80 48 39 7565.08
1 80 48 40 7858.86
1 80 48 41 7024.36
1 80 48 42 8483
1 80 48 43 7792.18
1 80 48 44 8864.74
1 80 48 45 8575.46
1 80 48 46 9034.98
1 80 48 47 9078.3
1 80 48 48 9094.58
1 80 48 49 8478.46
1 80 80 0 19765.05
1 80 80 1 16735.76
1 80 80 2 15818.25
1 80 80 3 14068.03
1 80 80 4 16793.56
1 80 80 5 12893.28
1 80 80 6 16113.35
1 80 80 7 13126.74
1 80 80 8 15460.78
1 80 80 9 16203.96
1 80 80 10 16911.83
1 80 80 11 13061.83
1 80 80 12 15993.16
1 80 80 13 15376.34
1 80 80 14 15814.06
1 80 80 15 13718.99
1 80 80 16 16815.58
1 80 80 17 13667.88
1 80 80 18 15187.75
1 80 80 19 14812.96
1 80 80 20 15386.88
1 80 80 21 13158.73
1 80 80 22 15357.91
1 80 80 23 15462.41
1 80 80 24 15255.62
1 80 80 25 15710.02
1 80 80 26 15095.41
1 80 80 27 14376.1
1 80 80 28 12163.86
1 80 80 29 13787.48
1 80 80 30 14884.3
1 80 80 31 16925.57
1 80 80 32 14786.69
1 80 80 33 13116.54
1 80 80 34 16364.87
1 80 80 35 16391.59
1 80 80 36 14032.52
1 80 80 37 16486.43
1 80 80 38 16117.76
1 80 80 39 16819.02
1 80 80 40 16436.63
1 80 80 41 11903.48
1 80 80 42 15689.65
1 80 80 43 14742.62
1 80 80 44 16163.79
1 80 80 45 12592.82
1 80 80 46 13675.48
1 80 80 47 14013.2
1 80 80 48 16595.79
1 80 80 49 16697.05
2 100 100 0 248233.4
2 100 100 1 250581.28
2 100 100 2 218241.17
2 100 100 3 212045.69
2 100 100 4 215468.5
2 100 100 5 235112.41
2 100 100 6 221627.85
2 100 100 7 243596.78
2 100 100 8 244564.69
2 100 100 9 253711.42
2 100 100 10 244875.61
2 100 100 11 258160.16
2 100 100 12 237913
2 100 100 13 220848.63
2 100 100 14 278106.62
2 100 100 15 252433.65
2 100 100 16 221092.32
2 100 100 17 213380.93
2 100 100 18 222216.91
2 100 100 19 256785.76
2 100 100 20 270282.77
2 100 100 21 219826.17
2 100 100 22 216088.82
2 100 100 23 217831.7
2 100 100 24 201014.08
2 100 100 25 251317.84
2 100 100 26 253733.22
2 100 100 27 211117.47
2 100 100 28 270853.94
2 100 100 29 245548.47
2 100 100 30 234852.82
2 100 100 31 213312.95
2 100 100 32 241240.84
2 100 100 33 246542.31
2 100 100 34 220019.27
2 100 100 35 248595.34
2 100 100 36 213375.23
2 100 100 37 236328.46
2 100 100 38 230669.54
2 100 100 39 247896.57
2 100 100 40 214625.96
2 100 100 41 234324.01
2 100 100 42 279072.81
2 100 100 43 204407.63
2 100 100 44 224803.32
2 100 100 45 217776.49
2 100 100 46 209679.75
2 100 100 47 218697.3
2 100 100 48 271522.3
2 100 100 49 244962.42
2 100 140 0 355461.88
2 100 140 1 355657.45
2 100 140 2 325728.19
2 100 140 3 307705.48
2 100 140 4 351964.4
2 100 140 5 317233.42
2 100 140 6 343188.1
2 100 140 7 352767.66
2 100 140 8 342822.21
2 100 140 9 340007.21
2 100 140 10 347938.2
2 100 140 11 316776.23
2 100 140 12 264209.82
2 100 140 13 366783.05
2 100 140 14 333440.36
2 100 140 15 321912.62
2 100 140 16 316580.85
2 100 140 17 342406.79
2 100 140 18 360969.6
2 100 140 19 352325.99
2 100 140 20 348858.66
2 100 140 21 351755.74
2 100 140 22 334198.85
2 100 140 23 296678.12
2 100 140 24 318787.23
2 100 140 25 328680.32
2 100 140 26 354847.62
2 100 140 27 303748.47
2 100 140 28 342077.91
2 100 140 29 321942.66
2 100 140 30 332888.29
2 100 140 31 348921.47
2 100 140 32 349684.36
2 100 140 33 379378.61
2 100 140 34 323645.58
2 100 140 35 335043.35
2 100 140 36 403768.84
2 100 140 37 314437.41
2 100 140 38 309362.67
2 100 140 39 274852.79
2 100 140 40 329343.98
2 100 140 41 324954.86
2 100 140 42 348954.36
2 100 140 43 341818.7
2 100 140 44 330101.91
2 100 140 45 369795.72
2 100 140 46 301411.65
2 100 140 47 310998.13
2 100 140 48 356405.05
2 100 140 49 327680.46
2 100 60 0 124310.41
2 100 60 1 139429.48
2 100 60 2 127404.66
2 100 60 3 181254.68
2 100 60 4 131140.33
2 100 60 5 136888.76
2 100 60 6 135745.9
2 100 60 7 158493.51
2 100 60 8 163476.7
2 100 60 9 127128.76
2 100 60 10 135392.6
2 100 60 11 148846.02
2 100 60 12 122355.27
2 100 60 13 142546.78
2 100 60 14 159463.4
2 100 60 15 138353.22
2 100 60 16 138296.4
2 100 60 17 146935.18
2 100 60 18 138954.33
2 100 60 19 151692.73
2 100 60 20 120020.44
2 100 60 21 111868.45
2 100 60 22 165953.85
2 100 60 23 125681.16
2 100 60 24 120919.08
2 100 60 25 136553.61
2 100 60 26 135134.02
2 100 60 27 155879.62
2 100 60 28 145612.76
2 100 60 29 161462.61
2 100 60 30 127970.14
2 100 60 31 128257.1
2 100 60 32 132243.91
2 100 60 33 114047.89
2 100 60 34 123538.29
2 100 60 35 144228.15
2 100 60 36 132190.64
2 100 60 37 129634.34
2 100 60 38 119949.4
2 100 60 39 171769.91
2 100 60 40 126725.42
2 100 60 41 140235.84
2 100 60 42 132349.2
2 100 60 43 142250.94
2 100 60 44 179095.76
2 100 60 45 130189.52
2 100 60 46 132624
2 100 60 47 129496.19
2 100 60 48 144208.27
2 100 60 49 131660.33
2 20 12 0 3373.28
2 20 12 1 3891
2 20 12 2 3824.31
2 20 12 3 6867.47
2 20 12 4 4785.56
2 20 12 5 3693.53
2 20 12 6 4126.42
2 20 12 7 4009.56
2 20 12 8 3558.27
2 20 12 9 7252.68
2 20 12 10 4771.51
2 20 12 11 5155.74
2 20 12 12 4301.64
2 20 12 13 5318.43
2 20 12 14 5952.58
2 20 12 15 4870.71
2 20 12 16 4599.2
2 20 12 17 5202.49
2 20 12 18 6128.47
2 20 12 19 3617.49
2 20 12 20 4184.47
2 20 12 21 5746.37
2 20 12 22 3880.64
2 20 12 23 4509.2
2 20 12 24 3581.51
2 20 12 25 2463.49
2 20 12 26 3520.05
2 20 12 27 4497.85
2 20 12 28 6366.12
2 20 12 29 4895.81
2 20 12 30 3360.88
2 20 12 31 4262.86
2 20 12 32 5239.32
2 20 12 33 2480.8
2 20 12 34 5213.27
2 20 12 35 3344.22
2 20 12 36 5893.13
2 20 12 37 3200.61
2 20 12 38 4960.65
2 20 12 39 4419.72
2 20 12 40 4588.56
2 20 12 41 5235.21
2 20 12 42 4525.53
2 20 12 43 5227.21
2 20 12 44 4475.48
2 20 12 45 4548.79
2 20 12 46 5433.04
2 20 12 47 5896.83
2 20 12 48 4341.2
2 20 12 49 2165.85
2 20 20 0 6411.19
2 20 20 1 9915.83
2 20 20 2 6621.03
2 20 20 3 8799.93
2 20 20 4 6182.6
2 20 20 5 6024.2
2 20 20 6 6997.87
2 20 20 7 11956.26
2 20 20 8 9629.43
2 20 20 9 6558.1
2 20 20 10 9510.91
2 20 20 11 5754.94
2 20 20 12 8410.01
2 20 20 13 7593.9
2 20 20 14 9804.49
2 20 20 15 7900.63
2 20 20 16 8884.1
2 20 20 17 7741.99
2 20 20 18 7868.19
2 20 20 19 8619.64
2 20 20 20 5622.4
2 20 20 21 7661.97
2 20 20 22 5160.62
2 20 20 23 8986.73
2 20 20 24 7298.96
2 20 20 25 5805.38
2 20 20 26 8444.09
2 20 20 27 7305.75
2 20 20 28 5949.32
2 20 20 29 10445.52
2 20 20 30 12205.54
2 20 20 31 7567.53
2 20 20 32 4554.45
2 20 20 33 7903.56
2 20 20 34 7959.22
2 20 20 35 8451.39
2 20 20 36 6550.22
2 20 20 37 7838.36
2 20 20 38 7535.65
2 20 20 39 6579.75
2 20 20 40 4950.44
2 20 20 41 7096.5
2 20 20 42 10143.2
2 20 20 43 7799.28
2 20 20 44 5616.38
2 20 20 45 7478.33
2 20 20 46 8609.77
2 20 20 47 9363
2 20 20 48 6894.82
2 20 20 49 8393.19
2 20 28 0 12491.7
2 20 28 1 11787.12
2 20 28 2 9436.54
2 20 28 3 12859.51
2 20 28 4 14442.51
2 20 28 5 10489.92
2 20 28 6 18197.25
2 20 28 7 15891.81
2 20 28 8 10191.29
2 20 28 9 10176.69
2 20 28 10 12266.1
2 20 28 11 12863.15
2 20 28 12 10973.62
2 20 28 13 12586.21
2 20 28 14 14004
2 20 28 15 12070.16
2 20 28 16 13888.65
2 20 28 17 10464.27
2 20 28 18 12656.02
2 20 28 19 13568.84
2 20 28 20 12689.89
2 20 28 21 13313.01
2 20 28 22 8782.07
2 20 28 23 9866.28
2 20 28 24 11903.02
2 20 28 25 7485.28
2 20 28 26 10752.37
2 20 28 27 9691.21
2 20 28 28 12783.53
2 20 28 29 10038.26
2 20 28 30 13112.83
2 20 28 31 10671.48
2 20 28 32 11333.01
2 20 28 33 13113.47
2 20 28 34 10350.12
2 20 28 35 8089.8
2 20 28 36 11655.84
2 20 28 37 11802.98
2 20 28 38 13130.45
2 20 28 39 11925.59
2 20 28 40 10525.44
2 20 28 41 14774.53
2 20 28 42 11820.04
2 20 28 43 12576.18
2 20 28 44 10968.08
2 20 28 45 10863.03
2 20 28 46 11966.43
2 20 28 47 13559.98
2 20 28 48 13408.09
2 20 28 49 11262.11
2 40 24 0 20934.18
2 40 24 1 21288.69
2 40 24 2 22166.11
2 40 24 3 20291.06
2 40 24 4 13087.8
2 40 24 5 19330.29
2 40 24 6 20965.03
2 40 24 7 24947.19
2 40 24 8 23190.9
2 40 24 9 19078.62
2 40 24 10 20616.57
2 40 24 11 28675.71
2 40 24 12 16381.21
2 40 24 13 17656.61
2 40 24 14 18414.74
2 40 24 15 18609.82
2 40 24 16 13571.47
2 40 24 17 19498.22
2 40 24 18 23036.21
2 40 24 19 18188.85
2 40 24 20 20125.89
2 40 24 21 24663.23
2 40 24 22 15797.49
2 40 24 23 18248.99
2 40 24 24 19218.37
2 40 24 25 24718.25
2 40 24 26 20467.09
2 40 24 27 22450.63
2 40 24 28 21003.63
2 40 24 29 25734.93
2 40 24 30 17079.7
2 40 24 31 18500.2
2 40 24 32 20338
2 40 24 33 15144.76
2 40 24 34 19684.35
2 40 24 35 21215.25
2 40 24 36 21945.77
2 40 24 37 15993.4
2 40 24 38 20921.42
2 40 24 39 28700.85
2 40 24 40 16172.03
2 40 24 41 20249.19
2 40 24 42 18657.52
2 40 24 43 17872.8
2 40 24 44 16550.03
2 40 24 45 17127.36
2 40 24 46 17942.63
2 40 24 47 23651.45
2 40 24 48 14226.19
2 40 24 49 20068.27
2 40 40 0 33334.44
2 40 40 1 37280.81
2 40 40 2 34000.86
2 40 40 3 28113
2 40 40 4 38689.22
2 40 40 5 39309.45
2 40 40 6 41739.74
2 40 40 7 33076.6
2 40 40 8 46310.36
2 40 40 9 40543.06
2 40 40 10 30816.68
2 40 40 11 37432.79
2 40 40 12 40618.22
2 40 40 13 35779.99
2 40 40 14 36726.84
2 40 40 15 41988.59
2 40 40 16 26716.96
2 40 40 17 33424.9
2 40 40 18 32983.36
2 40 40 19 33452.28
2 40 40 20 38842.87
2 40 40 21 42910.8
2 40 40 22 33473.72
2 40 40 23 33960.05
2 40 40 24 41385.79
2 40 40 25 32973.45
2 40 40 26 39699.63
2 40 40 27 37850.44
2 40 40 28 33777.15
2 40 40 29 41242.76
2 40 40 30 26284.93
2 40 40 31 36666.86
2 40 40 32 44981.52
2 40 40 33 36543.72
2 40 40 34 27455.52
2 40 40 35 30910.75
2 40 40 36 28083.2
2 40 40 37 34165.76
2 40 40 38 32420.67
2 40 40 39 32900.14
2 40 40 40 33133.38
2 40 40 41 47205.7
2 40 40 42 38166.35
2 40 40 43 36147.74
2 40 40 44 29166.21
2 40 40 45 30787.15
2 40 40 46 31580.69
2 40 40 47 34997.96
2 40 40 48 39276.89
2 40 40 49 40318.57
2 40 56 0 41673.68
2 40 56 1 48465.61
2 40 56 2 47323.46
2 40 56 3 44707.72
2 40 56 4 51288.55
2 40 56 5 53190.37
2 40 56 6 47186.51
2 40 56 7 40327.17
2 40 56 8 53330.34
2 40 56 9 40089.33
2 40 56 10 59950.58
2 40 56 11 46081.66
2 40 56 12 42349
2 40 56 13 53457.86
2 40 56 14 61148.77
2 40 56 15 44462.67
2 40 56 16 49732.89
2 40 56 17 55173.83
2 40 56 18 45123.29
2 40 56 19 56553.59
2 40 56 20 46481.91
2 40 56 21 45032.16
2 40 56 22 52015.37
2 40 56 23 33697.59
2 40 56 24 45696.19
2 40 56 25 39775.3
2 40 56 26 51540.49
2 40 56 27 57914.47
2 40 56 28 48037.77
2 40 56 29 68211.29
2 40 56 30 52832.78
2 40 56 31 47527.27
2 40 56 32 68208.32
2 40 56 33 54122.74
2 40 56 34 72191.31
2 40 56 35 59899.13
2 40 56 36 63110.65
2 40 56 37 54905.71
2 40 56 38 46976.59
2 40 56 39 36464.08
2 40 56 40 55217.29
2 40 56 41 56899.26
2 40 56 42 53423.03
2 40 56 43 50124.33
2 40 56 44 61934.34
2 40 56 45 46891.07
2 40 56 46 40329.91
2 40 56 47 54300.87
2 40 56 48 52188.29
2 40 56 49 44960.2
2 80 112 0 223822.07
2 80 112 1 226916.23
2 80 112 2 232146.5
2 80 112 3 227191.39
2 80 112 4 216641.28
2 80 112 5 218510.2
2 80 112 6 231609.31
2 80 112 7 194527.11
2 80 112 8 225187.02
2 80 112 9 207410.05
2 80 112 10 193703.9
2 80 112 11 209093.18
2 80 112 12 203595.34
2 80 112 13 213959.59
2 80 112 14 224343.66
2 80 112 15 182824.14
2 80 112 16 235592.59
2 80 112 17 209979.15
2 80 112 18 241218.91
2 80 112 19 228653.24
2 80 112 20 209144.02
2 80 112 21 192356.34
2 80 112 22 229135.76
2 80 112 23 190666.83
2 80 112 24 195168.12
2 80 112 25 214491.5
2 80 112 26 203569.53
2 80 112 27 207874.23
2 80 112 28 225797.85
2 80 112 29 192913.36
2 80 112 30 180811.33
2 80 112 31 174561.09
2 80 112 32 197458.01
2 80 112 33 223538.17
2 80 112 34 239602.23
2 80 112 35 220390.29
2 80 112 36 211227.64
2 80 112 37 214119.79
2 80 112 38 200445.43
2 80 112 39 239458.48
2 80 112 40 197974.04
2 80 112 41 186942.67
2 80 112 42 210916.49
2 80 112 43 235409.44
2 80 112 44 231407.38
2 80 112 45 241468.6
2 80 112 46 194103.96
2 80 112 47 219621.7
2 80 112 48 207531.37
2 80 112 49 206442.21
2 80 48 0 94244.51
2 80 48 1 95054.12
2 80 48 2 91359.11
2 80 48 3 73438.36
2 80 48 4 87412.67
2 80 48 5 96589.21
2 80 48 6 89323.07
2 80 48 7 86218.76
2 80 48 8 77093.89
2 80 48 9 78599.14
2 80 48 10 74705.94
2 80 48 11 101556.94
2 80 48 12 84421.73
2 80 48 13 95912.38
2 80 48 14 99680.78
2 80 48 15 96741.78
2 80 48 16 75707.19
2 80 48 17 77068.6
2 80 48 18 92234.79
2 80 48 19 90526.61
2 80 48 20 81051.43
2 80 48 21 85252.8
2 80 48 22 86845.08
2 80 48 23 95391.28
2 80 48 24 88741.54
2 80 48 25 90526.88
2 80 48 26 88607.8
2 80 48 27 98035.39
2 80 48 28 82018.46
2 80 48 29 91085.38
2 80 48 30 76779.38
2 80 48 31 106658.09
2 80 48 32 92734.03
2 80 48 33 82548.64
2 80 48 34 94565.86
2 80 48 35 75689.2
2 80 48 36 86723.19
2 80 48 37 98444.37
2 80 48 38 89071.62
2 80 48 39 106428.82
2 80 48 40 87505.67
2 80 48 41 93817.26
2 80 48 42 81170.15
2 80 48 43 75639.25
2 80 48 44 90634
2 80 48 45 83578.43
2 80 48 46 90352.03
2 80 48 47 82797.55
2 80 48 48 87576.2
2 80 48 49 83004.48
2 80 80 0 171560.44
2 80 80 1 154869.02
2 80 80 2 155017.72
2 80 80 3 164717.74
2 80 80 4 160230.48
2 80 80 5 163253.05
2 80 80 6 173622.38
2 80 80 7 137703.81
2 80 80 8 160553.89
2 80 80 9 137957.93
2 80 80 10 121778.83
2 80 80 11 163979.01
2 80 80 12 158888.63
2 80 80 13 135868.69
2 80 80 14 141028.37
2 80 80 15 144613.02
2 80 80 16 144928.16
2 80 80 17 140295.79
2 80 80 18 140728.59
2 80 80 19 137514.84
2 80 80 20 128948.64
2 80 80 21 153031.16
2 80 80 22 142230.96
2 80 80 23 136194.6
2 80 80 24 167262.1
2 80 80 25 127620.55
2 80 80 26 134601.95
2 80 80 27 144549.28
2 80 80 28 146382.08
2 80 80 29 145581.13
2 80 80 30 152472.34
2 80 80 31 165242.13
2 80 80 32 184270.66
2 80 80 33 148759.34
2 80 80 34 150307.56
2 80 80 35 160979.64
2 80 80 36 158134.9
2 80 80 37 134214.32
2 80 80 38 147201.99
2 80 80 39 136019.48
2 80 80 40 158193.12
2 80 80 41 133513.49
2 80 80 42 135318.7
2 80 80 43 169587.56
2 80 80 44 148788.2
2 80 80 45 188045.6
2 80 80 46 127063.99
2 80 80 47 143339.59
2 80 80 48 165996.1
2 80 80 49 148623.74
