G N M I OF
1 100 100 0 21598.3
1 100 100 1 21154.44
1 100 100 2 23205.26
1 100 100 3 23093.5
1 100 100 4 26607.24
1 100 100 5 26287.08
1 100 100 6 21798.32
1 100 100 7 24221.25
1 100 100 8 24158.89
1 100 100 9 24446.34
1 100 100 10 24301.18
1 100 100 11 26572.77
1 100 100 12 23067.66
1 100 100 13 24319.11
1 100 100 14 23018.3
1 100 100 15 22721.39
1 100 100 16 23632.56
1 100 100 17 25452.87
1 100 100 18 23583.04
1 100 100 19 24596.8
1 100 100 20 26419.57
1 100 100 21 27158.54
1 100 100 22 21381.49
1 100 100 23 23161.23
1 100 100 24 23178.64
1 100 100 25 29068.38
1 100 100 26 21990.71
1 100 100 27 22656.7
1 100 100 28 24243.39
1 100 100 29 22591.3
1 100 100 30 24176.95
1 100 100 31 28882.26
1 100 100 32 26761.93
1 100 100 33 23088.66
1 100 100 34 21049.86
1 100 100 35 26275.39
1 100 100 36 22501.46
1 100 100 37 22524.96
1 100 100 38 24769.89
1 100 100 39 22897.02
1 100 100 40 26376.47
1 100 100 41 23188.97
1 100 100 42 25607.91
1 100 100 43 24014.99
1 100 100 44 22561.43
1 100 100 45 26345.51
1 100 100 46 24418.27
1 100 100 47 23338.8
1 100 100 48 25145.7
1 100 100 49 24420.74
1 100 140 0 34386.19
1 100 140 1 32984.11
1 100 140 2 33693.04
1 100 140 3 32899.52
1 100 140 4 34427.53
1 100 140 5 31835.78
1 100 140 6 33568.84
1 100 140 7 37387.92
1 100 140 8 32706.89
1 100 140 9 32072.47
1 100 140 10 28783.09
1 100 140 11 32482.5
1 100 140 12 32213.17
1 100 140 13 32404.48
1 100 140 14 33788.21
1 100 140 15 36647.57
1 100 140 16 31844.06
1 100 140 17 30801.15
1 100 140 18 30254.77
1 100 140 19 33188.2
1 100 140 20 33415.84
1 100 140 21 28620.49
1 100 140 22 31652.71
1 100 140 23 30915.2
1 100 140 24 33238.49
1 100 140 25 30099.04
1 100 140 26 30761.64
1 100 140 27 31632.73
1 100 140 28 36129.03
1 100 140 29 32087.11
1 100 140 30 35274.66
1 100 140 31 33957.42
1 100 140 32 34753.54
1 100 140 33 37895.6
1 100 140 34 34185.19
1 100 140 35 32286.63
1 100 140 36 33061.63
1 100 140 37 34779.49
1 100 140 38 30103
1 100 140 39 34427.8
1 100 140 40 34995
1 100 140 41 32549.14
1 100 140 42 32336.22
1 100 140 43 34989.81
1 100 140 44 32234.82
1 100 140 45 30553.53
1 100 140 46 30644.59
1 100 140 47 33216.41
1 100 140 48 38494.42
1 100 140 49 32969.72
1 100 60 0 14165.91
1 100 60 1 15002.3
1 100 60 2 13508.91
1 100 60 3 13947.87
1 100 60 4 13758.81
1 100 60 5 11193.8
1 100 60 6 11579.81
1 100 60 7 14409.01
1 100 60 8 13108.29
1 100 60 9 15750.65
1 100 60 10 13066.7
1 100 60 11 12361.16
1 100 60 12 12651.77
1 100 60 13 14790.17
1 100 60 14 11771.63
1 100 60 15 12207.66
1 100 60 16 14277.14
1 100 60 17 13721.37
1 100 60 18 13173.04
1 100 60 19 14236.41
1 100 60 20 10809.37
1 100 60 21 14398.89
1 100 60 22 12437.86
1 100 60 23 13614.47
1 100 60 24 14836.38
1 100 60 25 12699.69
1 100 60 26 14373.11
1 100 60 27 11986.38
1 100 60 28 16971.16
1 100 60 29 12502.77
1 100 60 30 13902.03
1 100 60 31 13891.06
1 100 60 32 12536.54
1 100 60 33 15821.81
1 100 60 34 15082.01
1 100 60 35 13813.29
1 100 60 36 13245.98
1 100 60 37 14812.92
1 100 60 38 16975.91
1 100 60 39 16670.15
1 100 60 40 13431.32
1 100 60 41 11955.87
1 100 60 42 13449.28
1 100 60 43 13557.92
1 100 60 44 14438.12
1 100 60 45 14665.69
1 100 60 46 13593.99
1 100 60 47 12846.12
1 100 60 48 15403.87
1 100 60 49 11828.53
1 20 12 0 556.9
1 20 12 1 416.62
1 20 12 2 504.53
1 20 12 3 444.5
1 20 12 4 531.83
1 20 12 5 594
1 20 12 6 460.74
1 20 12 7 554.9
1 20 12 8 460.99
1 20 12 9 385.7
1 20 12 10 480.76
1 20 12 11 467.33
1 20 12 12 333.45
1 20 12 13 420.54
1 20 12 14 506.41
1 20 12 15 365.65
1 20 12 16 386.68
1 20 12 17 299.58
1 20 12 18 585.45
1 20 12 19 163.55
1 20 12 20 461.16
1 20 12 21 756
1 20 12 22 539.18
1 20 12 23 589.73
1 20 12 24 470.67
1 20 12 25 559.79
1 20 12 26 451.58
1 20 12 27 271.14
1 20 12 28 336.25
1 20 12 29 469.56
1 20 12 30 258.22
1 20 12 31 316.66
1 20 12 32 494.88
1 20 12 33 573.94
1 20 12 34 261.52
1 20 12 35 396.56
1 20 12 36 422.12
1 20 12 37 685.1
1 20 12 38 469.75
1 20 12 39 551.65
1 20 12 40 377.95
1 20 12 41 590.6
1 20 12 42 339.28
1 20 12 43 663.84
1 20 12 44 294.4
1 20 12 45 595.51
1 20 12 46 486.83
1 20 12 47 414.61
1 20 12 48 395.08
1 20 12 49 742.49
1 20 20 0 582.9
1 20 20 1 923.14
1 20 20 2 1022.83
1 20 20 3 711.52
1 20 20 4 734.59
1 20 20 5 678.79
1 20 20 6 832.8
1 20 20 7 613.46
1 20 20 8 1055.7
1 20 20 9 620.98
1 20 20 10 647.53
1 20 20 11 439.02
1 20 20 12 813.67
1 20 20 13 961.05
1 20 20 14 817.88
1 20 20 15 846.05
1 20 20 16 840.77
1 20 20 17 740.46
1 20 20 18 627.46
1 20 20 19 860.28
1 20 20 20 708.24
1 20 20 21 1060.99
1 20 20 22 701.86
1 20 20 23 897.7
1 20 20 24 771.67
1 20 20 25 926.27
1 20 20 26 684
1 20 20 27 713.19
1 20 20 28 892.24
1 20 20 29 762.53
1 20 20 30 586.25
1 20 20 31 556.43
1 20 20 32 845.67
1 20 20 33 715.94
1 20 20 34 668.9
1 20 20 35 737.64
1 20 20 36 963.41
1 20 20 37 668.18
1 20 20 38 832.09
1 20 20 39 672.15
1 20 20 40 544.36
1 20 20 41 936.09
1 20 20 42 1027.15
1 20 20 43 1028
1 20 20 44 836.02
1 20 20 45 801.07
1 20 20 46 713.38
1 20 20 47 698.83
1 20 20 48 648.09
1 20 20 49 527.78
1 20 28 0 1122.99
1 20 28 1 1113.73
1 20 28 2 1079.4
1 20 28 3 918.78
1 20 28 4 1285.54
1 20 28 5 854.8
1 20 28 6 902.73
1 20 28 7 1271.35
1 20 28 8 997.63
1 20 28 9 1199.69
1 20 28 10 1089.72
1 20 28 11 977.19
1 20 28 12 1176.4
1 20 28 13 1097.44
1 20 28 14 1174.29
1 20 28 15 1725.34
1 20 28 16 1229.76
1 20 28 17 1455.72
1 20 28 18 1330.85
1 20 28 19 987.57
1 20 28 20 1082.09
1 20 28 21 797.57
1 20 28 22 1197.13
1 20 28 23 1001.05
1 20 28 24 1205.83
1 20 28 25 1022
1 20 28 26 1329.87
1 20 28 27 823.76
1 20 28 28 1256.58
1 20 28 29 1385.93
1 20 28 30 1138.4
1 20 28 31 1117
1 20 28 32 1328.79
1 20 28 33 1080.53
1 20 28 34 1070.35
1 20 28 35 1166.54
1 20 28 36 1365.56
1 20 28 37 1642.84
1 20 28 38 1320.26
1 20 28 39 1544.73
1 20 28 40 796.65
1 20 28 41 1207.14
1 20 28 42 1441.46
1 20 28 43 900.45
1 20 28 44 1187.28
1 20 28 45 1595.7
1 20 28 46 1300.11
1 20 28 47 1205.32
1 20 28 48 1175.42
1 20 28 49 1275.36
1 40 24 0 1017.87
1 40 24 1 2174.13
1 40 24 2 1971.52
1 40 24 3 1639.2
1 40 24 4 1790.72
1 40 24 5 2059.75
1 40 24 6 2172.45
1 40 24 7 2474.95
1 40 24 8 1891.99
1 40 24 9 2166.53
1 40 24 10 2367.45
1 40 24 11 1898
1 40 24 12 1963.97
1 40 24 13 1987.49
1 40 24 14 1960.65
1 40 24 15 1465.66
1 40 24 16 1733.91
1 40 24 17 2017.74
1 40 24 18 2118.1
1 40 24 19 1859.39
1 40 24 20 1991.94
1 40 24 21 2580.98
1 40 24 22 2911.64
1 40 24 23 1625.24
1 40 24 24 2346.87
1 40 24 25 2296.08
1 40 24 26 2251.43
1 40 24 27 1570.84
1 40 24 28 2591.43
1 40 24 29 1940.89
1 40 24 30 2973.31
1 40 24 31 1878.35
1 40 24 32 2508.33
1 40 24 33 2183.69
1 40 24 34 1981.86
1 40 24 35 1594.42
1 40 24 36 1509.42
1 40 24 37 1942.27
1 40 24 38 1960.07
1 40 24 39 2036.09
1 40 24 40 2203.88
1 40 24 41 2122.18
1 40 24 42 2115.61
1 40 24 43 2119.53
1 40 24 44 1994.51
1 40 24 45 2595.56
1 40 24 46 1824.92
1 40 24 47 2203.48
1 40 24 48 2315.4
1 40 24 49 1836.48
1 40 40 0 3748.63
1 40 40 1 3678.02
1 40 40 2 2873.79
1 40 40 3 4032.13
1 40 40 4 4516.4
1 40 40 5 3985.39
1 40 40 6 3363.76
1 40 40 7 3224.83
1 40 40 8 4989.11
1 40 40 9 3747.5
1 40 40 10 2947.72
1 40 40 11 3681.14
1 40 40 12 3752.12
1 40 40 13 3181
1 40 40 14 3110.49
1 40 40 15 2968.38
1 40 40 16 3133.52
1 40 40 17 3003.53
1 40 40 18 3488.86
1 40 40 19 3916.29
1 40 40 20 3112.59
1 40 40 21 3499.53
1 40 40 22 4050.96
1 40 40 23 3425.29
1 40 40 24 3739.5
1 40 40 25 3624.68
1 40 40 26 3496.37
1 40 40 27 3115.97
1 40 40 28 4074.98
1 40 40 29 3039.69
1 40 40 30 4077.56
1 40 40 31 4187.13
1 40 40 32 2581.87
1 40 40 33 2852.67
1 40 40 34 3861.46
1 40 40 35 3647.27
1 40 40 36 3001.59
1 40 40 37 4095.08
1 40 40 38 4103.35
1 40 40 39 2722.9
1 40 40 40 4313.8
1 40 40 41 3244.91
1 40 40 42 3468
1 40 40 43 3612.45
1 40 40 44 3892.42
1 40 40 45 4351.08
1 40 40 46 3346.69
1 40 40 47 3631.95
1 40 40 48 3636.07
1 40 40 49 4163.4
1 40 56 0 5140.81
1 40 56 1 5434.15
1 40 56 2 5067.45
1 40 56 3 4388.54
1 40 56 4 5334.55
1 40 56 5 5185
1 40 56 6 3981.31
1 40 56 7 4588.65
1 40 56 8 4112.58
1 40 56 9 5346.54
1 40 56 10 4960.81
1 40 56 11 6239.61
1 40 56 12 4802.14
1 40 56 13 5872.13
1 40 56 14 4195.59
1 40 56 15 5865.74
1 40 56 16 5195.71
1 40 56 17 6478.39
1 40 56 18 4794.88
1 40 56 19 4475.72
1 40 56 20 5015.32
1 40 56 21 4597.1
1 40 56 22 5786.51
1 40 56 23 4364.74
1 40 56 24 5177.7
1 40 56 25 5557.08
1 40 56 26 4606.99
1 40 56 27 4698.96
1 40 56 28 4243.1
1 40 56 29 4786.93
1 40 56 30 5319.92
1 40 56 31 4775.64
1 40 56 32 5110.12
1 40 56 33 4925.84
1 40 56 34 3909.53
1 40 56 35 4659.6
1 40 56 36 5001.43
1 40 56 37 4576.51
1 40 56 38 3986.07
1 40 56 39 5645.62
1 40 56 40 4702.05
1 40 56 41 5274.95
1 40 56 42 4913.22
1 40 56 43 5992.48
1 40 56 44 4858.61
1 40 56 45 4726.12
1 40 56 46 4404.16
1 40 56 47 4116.31
1 40 56 48 5747.38
1 40 56 49 5027.22
1 80 112 0 21309.83
1 80 112 1 20784.78
1 80 112 2 20129.02
1 80 112 3 19057.34
1 80 112 4 22933.36
1 80 112 5 20495.6
1 80 112 6 24334.19
1 80 112 7 22933.57
1 80 112 8 21295.18
1 80 112 9 19675.27
1 80 112 10 22283.57
1 80 112 11 21864.42
1 80 112 12 20425.2
1 80 112 13 21038.77
1 80 112 14 23847.99
1 80 112 15 21681.94
1 80 112 16 21173.2
1 80 112 17 24568.53
1 80 112 18 23239.96
1 80 112 19 20048.16
1 80 112 20 23375.53
1 80 112 21 19503.95
1 80 112 22 23678.26
1 80 112 23 18819.33
1 80 112 24 18504.93
1 80 112 25 20880.31
1 80 112 26 20433.92
1 80 112 27 23013.21
1 80 112 28 21365.34
1 80 112 29 23108.14
1 80 112 30 20887.19
1 80 112 31 24309.06
1 80 112 32 18879.44
1 80 112 33 19231.83
1 80 112 34 20712.34
1 80 112 35 22991.38
1 80 112 36 21996.9
1 80 112 37 22566.91
1 80 112 38 21097.06
1 80 112 39 23065.17
1 80 112 40 23407.59
1 80 112 41 19674.56
1 80 112 42 20363.96
1 80 112 43 22703.23
1 80 112 44 25062.06
1 80 112 45 20643.62
1 80 112 46 19450.8
1 80 112 47 22977.97
1 80 112 48 18348.63
1 80 112 49 22320.35
1 80 48 0 8643.29
1 80 48 1 8009.71
1 80 48 2 7893.95
1 80 48 3 8689.97
1 80 48 4 6692.66
1 80 48 5 10491.96
1 80 48 6 9302
1 80 48 7 9446.28
1 80 48 8 9628.1
1 80 48 9 10269.27
1 80 48 10 7386.41
1 80 48 11 8282.98
1 80 48 12 8555.5
1 80 48 13 7444.83
1 80 48 14 6445.4
1 80 48 15 9449.42
1 80 48 16 9806.53
1 80 48 17 7556.36
1 80 48 18 8158.4
1 80 48 19 7222.04
1 80 48 20 8374.87
1 80 48 21 10564.6
1 80 48 22 8653.21
1 80 48 23 9669.27
1 80 48 24 8433.88
1 80 48 25 10256.93
1 80 48 26 8818.2
1 80 48 27 9906.79
1 80 48 28 9575.85
1 80 48 29 8377.74
1 80 48 30 8196.75
1 80 48 31 9832.56
1 80 48 32 9743.46
1 80 48 33 9539.05
1 80 48 34 7946.41
1 80 48 35 6954.94
1 80 48 36 9950.4
1 80 48 37 9582.51
1 80 48 38 8417.72
1 80 48 39 7483.55
1 80 48 40 7818.17
1 80 48 41 6865.18
1 80 48 42 8308.58
1 80 48 43 7700.18
1 80 48 44 8746.91
1 80 48 45 8564.82
1 80 48 46 8952.02
1 80 48 47 8936.34
1 80 48 48 9027.51
1 80 48 49 8380.04
1 80 80 0 19638.36
1 80 80 1 16400.68
1 80 80 2 15556.19
1 80 80 3 13872.77
1 80 80 4 16728.67
1 80 80 5 12614.32
1 80 80 6 15808.69
1 80 80 7 13065.23
1 80 80 8 15295.66
1 80 80 9 15940.55
1 80 80 10 16698.86
1 80 80 11 12876.69
1 80 80 12 15790.11
1 80 80 13 15171.47
1 80 80 14 15763.65
1 80 80 15 13627.48
1 80 80 16 16627
1 80 80 17 13529.41
1 80 80 18 14979.81
1 80 80 19 14659.94
1 80 80 20 15076.81
1 80 80 21 13113.9
1 80 80 22 15285.66
1 80 80 23 15366.41
1 80 80 24 15326.11
1 80 80 25 15491.05
1 80 80 26 14898.89
1 80 80 27 14223.2
1 80 80 28 11971.39
1 80 80 29 13640.86
1 80 80 30 14713.31
1 80 80 31 16643.7
1 80 80 32 14730.01
1 80 80 33 12974.49
1 80 80 34 16323
1 80 80 35 16317.12
1 80 80 36 13686.26
1 80 80 37 16258.06
1 80 80 38 15883.18
1 80 80 39 16689.63
1 80 80 40 16354.5
1 80 80 41 11736.2
1 80 80 42 15572.33
1 80 80 43 14559.24
1 80 80 44 16111.8
1 80 80 45 12402.74
1 80 80 46 13524.46
1 80 80 47 13834.24
1 80 80 48 16259.24
1 80 80 49 16548.32
2 100 100 0 245061.51
2 100 100 1 245992.94
2 100 100 2 215977.6
2 100 100 3 208384.54
2 100 100 4 213359.38
2 100 100 5 231930.78
2 100 100 6 220505.94
2 100 100 7 241205.74
2 100 100 8 238487.24
2 100 100 9 252215.1
2 100 100 10 240115.85
2 100 100 11 254757.33
2 100 100 12 236606.98
2 100 100 13 219867.28
2 100 100 14 277103.18
2 100 100 15 249413.71
2 100 100 16 217502.84
2 100 100 17 211116.37
2 100 100 18 218777.98
2 100 100 19 254852.95
2 100 100 20 265426.34
2 100 100 21 218434.13
2 100 100 22 213417.23
2 100 100 23 215872.09
2 100 100 24 198091.76
2 100 100 25 248981.75
2 100 100 26 251455.06
2 100 100 27 206718.4
2 100 100 28 267125.73
2 100 100 29 241408.04
2 100 100 30 231552.17
2 100 100 31 210940.44
2 100 100 32 238894.54
2 100 100 33 244284.39
2 100 100 34 217292.81
2 100 100 35 245588.62
2 100 100 36 210728.05
2 100 100 37 234685.04
2 100 100 38 225920.97
2 100 100 39 244902.12
2 100 100 40 212692.55
2 100 100 41 229631.89
2 100 100 42 275754.33
2 100 100 43 202781.18
2 100 100 44 220783.7
2 100 100 45 216093.99
2 100 100 46 206054.48
2 100 100 47 214384.53
2 100 100 48 269778.53
2 100 100 49 240620
2 100 140 0 351807.67
2 100 140 1 354092.73
2 100 140 2 322811.58
2 100 140 3 303654.89
2 100 140 4 347865.83
2 100 140 5 314395.39
2 100 140 6 341177.73
2 100 140 7 349063.35
2 100 140 8 340327.95
2 100 140 9 337734.21
2 100 140 10 344193.81
2 100 140 11 312725.47
2 100 140 12 262575.2
2 100 140 13 363279.96
2 100 140 14 330100.06
2 100 140 15 320180.66
2 100 140 16 311242.93
2 100 140 17 341493.67
2 100 140 18 356473.97
2 100 140 19 349383.24
2 100 140 20 346590.43
2 100 140 21 349597.89
2 100 140 22 330086.63
2 100 140 23 293348.45
2 100 140 24 316474.15
2 100 140 25 323803.45
2 100 140 26 354095.3
2 100 140 27 301867.13
2 100 140 28 338196.37
2 100 140 29 320034.84
2 100 140 30 332568.66
2 100 140 31 346090.2
2 100 140 32 346397.41
2 100 140 33 376419.95
2 100 140 34 319950.35
2 100 140 35 330633.33
2 100 140 36 401479.55
2 100 140 37 311264.13
2 100 140 38 305429.48
2 100 140 39 271495.86
2 100 140 40 328534.2
2 100 140 41 321240.16
2 100 140 42 343589.81
2 100 140 43 338744.72
2 100 140 44 329075.56
2 100 140 45 367080.57
2 100 140 46 297007.69
2 100 140 47 308625.55
2 100 140 48 352960.48
2 100 140 49 321803.34
2 100 60 0 122940.98
2 100 60 1 137867.29
2 100 60 2 125408.14
2 100 60 3 177096.64
2 100 60 4 130461.85
2 100 60 5 134978.18
2 100 60 6 134132.8
2 100 60 7 156849.48
2 100 60 8 159539.04
2 100 60 9 125811.5
2 100 60 10 134119.12
2 100 60 11 147545.66
2 100 60 12 120464.35
2 100 60 13 141418.46
2 100 60 14 157664.84
2 100 60 15 136929.95
2 100 60 16 136093.74
2 100 60 17 145101.47
2 100 60 18 137560.23
2 100 60 19 149121.95
2 100 60 20 118361.82
2 100 60 21 110429.14
2 100 60 22 164095.92
2 100 60 23 124747.67
2 100 60 24 119100.01
2 100 60 25 133912.81
2 100 60 26 134197.29
2 100 60 27 154721.32
2 100 60 28 143285.37
2 100 60 29 159367.04
2 100 60 30 125176.52
2 100 60 31 126072.16
2 100 60 32 131315.13
2 100 60 33 112351.51
2 100 60 34 122756.75
2 100 60 35 143029.7
2 100 60 36 130487.38
2 100 60 37 128259.35
2 100 60 38 118917.69
2 100 60 39 170434.23
2 100 60 40 125627.2
2 100 60 41 140130.2
2 100 60 42 130844.98
2 100 60 43 139934.76
2 100 60 44 175966.67
2 100 60 45 128559.8
2 100 60 46 130446.44
2 100 60 47 128489.91
2 100 60 48 140771.35
2 100 60 49 129108.55
2 20 12 0 3357.91
2 20 12 1 3880.78
2 20 12 2 3811.5
2 20 12 3 6767.51
2 20 12 4 4733.07
2 20 12 5 3616.21
2 20 12 6 4152.02
2 20 12 7 3975.91
2 20 12 8 3644.28
2 20 12 9 7293.16
2 20 12 10 4764.47
2 20 12 11 5272.36
2 20 12 12 4365.18
2 20 12 13 5348.52
2 20 12 14 5948.87
2 20 12 15 4854.69
2 20 12 16 4814.4
2 20 12 17 5124.29
2 20 12 18 6276.85
2 20 12 19 3636.88
2 20 12 20 4265.47
2 20 12 21 5816.02
2 20 12 22 3905.19
2 20 12 23 4491.32
2 20 12 24 3615.2
2 20 12 25 2435.14
2 20 12 26 3541.63
2 20 12 27 4517.42
2 20 12 28 6384.02
2 20 12 29 4929.32
2 20 12 30 3431.84
2 20 12 31 4329.64
2 20 12 32 5198.56
2 20 12 33 2509.93
2 20 12 34 5220.41
2 20 12 35 3371.81
2 20 12 36 5898.96
2 20 12 37 3213.55
2 20 12 38 4985.44
2 20 12 39 4475.02
2 20 12 40 4561.95
2 20 12 41 5227.58
2 20 12 42 4476.6
2 20 12 43 5238.99
2 20 12 44 4444.36
2 20 12 45 4636.45
2 20 12 46 5411.66
2 20 12 47 5911.18
2 20 12 48 4344.07
2 20 12 49 2160.65
2 20 20 0 6288.98
2 20 20 1 9873.38
2 20 20 2 6423.22
2 20 20 3 8723.61
2 20 20 4 6162.13
2 20 20 5 5893.5
2 20 20 6 7142.25
2 20 20 7 11948.18
2 20 20 8 9647.9
2 20 20 9 6635.67
2 20 20 10 9150
2 20 20 11 5577.46
2 20 20 12 8422.23
2 20 20 13 7572.67
2 20 20 14 9909.9
2 20 20 15 7849.14
2 20 20 16 8671.48
2 20 20 17 7467
2 20 20 18 7551.44
2 20 20 19 8487.25
2 20 20 20 5656.03
2 20 20 21 7465.63
2 20 20 22 5344.99
2 20 20 23 9065.58
2 20 20 24 7247.1
2 20 20 25 5802.1
2 20 20 26 8324.81
2 20 20 27 7276.79
2 20 20 28 5952.7
2 20 20 29 10565.17
2 20 20 30 12588.42
2 20 20 31 7571.49
2 20 20 32 4574.68
2 20 20 33 7950.94
2 20 20 34 7858.57
2 20 20 35 8471.14
2 20 20 36 6611.09
2 20 20 37 7749.32
2 20 20 38 7446.67
2 20 20 39 6560.69
2 20 20 40 5070.89
2 20 20 41 7224.34
2 20 20 42 10086.24
2 20 20 43 7593.46
2 20 20 44 5488.86
2 20 20 45 7530.07
2 20 20 46 8546.51
2 20 20 47 9040.78
2 20 20 48 6826.23
2 20 20 49 8342.16
2 20 28 0 12731.96
2 20 28 1 11732.9
2 20 28 2 9370.66
2 20 28 3 12771.41
2 20 28 4 14330.18
2 20 28 5 10251.86
2 20 28 6 17917.1
2 20 28 7 15709.17
2 20 28 8 10226.28
2 20 28 9 10112.69
2 20 28 10 12180.49
2 20 28 11 12722.42
2 20 28 12 10923.46
2 20 28 13 12590.37
2 20 28 14 13948.89
2 20 28 15 12046.41
2 20 28 16 13904.41
2 20 28 17 10275.28
2 20 28 18 12623.72
2 20 28 19 13506.38
2 20 28 20 12516.17
2 20 28 21 13142.4
2 20 28 22 8746.46
2 20 28 23 9776.47
2 20 28 24 12018.69
2 20 28 25 7445.79
2 20 28 26 10764.77
2 20 28 27 9622.31
2 20 28 28 12772.17
2 20 28 29 9947.24
2 20 28 30 12952.04
2 20 28 31 10542.43
2 20 28 32 11500.24
2 20 28 33 13134.65
2 20 28 34 10363.03
2 20 28 35 8071.41
2 20 28 36 11599.21
2 20 28 37 11809.49
2 20 28 38 13011.57
2 20 28 39 11625.52
2 20 28 40 10453.03
2 20 28 41 14843.12
2 20 28 42 11901.75
2 20 28 43 12569.77
2 20 28 44 10984.72
2 20 28 45 10678.3
2 20 28 46 11854.12
2 20 28 47 13041.34
2 20 28 48 13329.29
2 20 28 49 11434.81
2 40 24 0 20604.41
2 40 24 1 21354.35
2 40 24 2 21977
2 40 24 3 20056.51
2 40 24 4 13077.82
2 40 24 5 19523.15
2 40 24 6 20812.7
2 40 24 7 24147.16
2 40 24 8 22948.83
2 40 24 9 18966.46
2 40 24 10 20353.15
2 40 24 11 28670.72
2 40 24 12 16259.55
2 40 24 13 17446.79
2 40 24 14 18765.19
2 40 24 15 18461.12
2 40 24 16 13533.4
2 40 24 17 18493.6
2 40 24 18 22813.09
2 40 24 19 17665.13
2 40 24 20 20308.03
2 40 24 21 24453.42
2 40 24 22 15834.07
2 40 24 23 18026.45
2 40 24 24 19222.61
2 40 24 25 24564.15
2 40 24 26 20374.67
2 40 24 27 22269.43
2 40 24 28 20754.78
2 40 24 29 25447.7
2 40 24 30 16747.34
2 40 24 31 18593.5
2 40 24 32 20226.97
2 40 24 33 15049.8
2 40 24 34 19478.73
2 40 24 35 20747.89
2 40 24 36 21490.13
2 40 24 37 15765.72
2 40 24 38 20764.57
2 40 24 39 28400.65
2 40 24 40 16017.26
2 40 24 41 20248.38
2 40 24 42 18243.58
2 40 24 43 17882.43
2 40 24 44 16485.65
2 40 24 45 17039.93
2 40 24 46 17799.5
2 40 24 47 23589.82
2 40 24 48 14265.74
2 40 24 49 19701.41
2 40 40 0 33279.78
2 40 40 1 37199.53
2 40 40 2 33705.33
2 40 40 3 27939.25
2 40 40 4 38432.96
2 40 40 5 38952.91
2 40 40 6 41012.52
2 40 40 7 32421.22
2 40 40 8 45767.92
2 40 40 9 39824.71
2 40 40 10 30627.87
2 40 40 11 37267.37
2 40 40 12 40842.09
2 40 40 13 35320.83
2 40 40 14 36725.31
2 40 40 15 41225.87
2 40 40 16 26675.95
2 40 40 17 33421.48
2 40 40 18 32546.52
2 40 40 19 33660.34
2 40 40 20 38900.55
2 40 40 21 43362.07
2 40 40 22 33504.03
2 40 40 23 33862.13
2 40 40 24 40958.19
2 40 40 25 32548.32
2 40 40 26 39814.84
2 40 40 27 37596.55
2 40 40 28 33013.88
2 40 40 29 41078.27
2 40 40 30 25915.39
2 40 40 31 36354.56
2 40 40 32 44144.08
2 40 40 33 35796.64
2 40 40 34 27469.62
2 40 40 35 31049.28
2 40 40 36 27521.75
2 40 40 37 33889.96
2 40 40 38 32373.37
2 40 40 39 32896.92
2 40 40 40 32514.13
2 40 40 41 46742.71
2 40 40 42 37530.69
2 40 40 43 35516.03
2 40 40 44 29265.75
2 40 40 45 30453.29
2 40 40 46 31135.38
2 40 40 47 34609.26
2 40 40 48 38683.34
2 40 40 49 39356.11
2 40 56 0 41428.6
2 40 56 1 47916.42
2 40 56 2 46871.78
2 40 56 3 44454.94
2 40 56 4 50910.4
2 40 56 5 52164.06
2 40 56 6 46720.91
2 40 56 7 40308.28
2 40 56 8 52326.31
2 40 56 9 40142.65
2 40 56 10 59066.56
2 40 56 11 45920.06
2 40 56 12 42195.92
2 40 56 13 53654.62
2 40 56 14 61261.86
2 40 56 15 43953.46
2 40 56 16 49239.03
2 40 56 17 55288.19
2 40 56 18 44892.29
2 40 56 19 55196.01
2 40 56 20 45337.15
2 40 56 21 44469.26
2 40 56 22 52286.53
2 40 56 23 33127.61
2 40 56 24 45270.88
2 40 56 25 39953.49
2 40 56 26 50922.43
2 40 56 27 56962.34
2 40 56 28 47575.48
2 40 56 29 67551.9
2 40 56 30 52045.67
2 40 56 31 46627.41
2 40 56 32 68459.7
2 40 56 33 53956.87
2 40 56 34 70706.51
2 40 56 35 59013.22
2 40 56 36 62631.17
2 40 56 37 55053.65
2 40 56 38 46816.58
2 40 56 39 36331.81
2 40 56 40 54156.7
2 40 56 41 55960.99
2 40 56 42 52916.82
2 40 56 43 49573.83
2 40 56 44 61063.51
2 40 56 45 46385.97
2 40 56 46 40213.93
2 40 56 47 53677.89
2 40 56 48 51869.85
2 40 56 49 45098.53
2 80 112 0 219247.11
2 80 112 1 225400.86
2 80 112 2 228113.58
2 80 112 3 224440.49
2 80 112 4 214849.65
2 80 112 5 217844.37
2 80 112 6 228101.63
2 80 112 7 190887.74
2 80 112 8 221695.89
2 80 112 9 204824.13
2 80 112 10 190536.68
2 80 112 11 209158.82
2 80 112 12 203100.18
2 80 112 13 212529.14
2 80 112 14 222219.45
2 80 112 15 180221.72
2 80 112 16 231967.48
2 80 112 17 206405.27
2 80 112 18 237700.21
2 80 112 19 224148.9
2 80 112 20 206349.04
2 80 112 21 191550.27
2 80 112 22 226089.07
2 80 112 23 187802.63
2 80 112 24 192692.78
2 80 112 25 212257.32
2 80 112 26 202863.71
2 80 112 27 206270.99
2 80 112 28 222376.4
2 80 112 29 189812.51
2 80 112 30 179771.22
2 80 112 31 172015.39
2 80 112 32 195560.74
2 80 112 33 220741.44
2 80 112 34 237280.34
2 80 112 35 216988.4
2 80 112 36 209934.12
2 80 112 37 211814.08
2 80 112 38 198502.1
2 80 112 39 234797.62
2 80 112 40 195943.48
2 80 112 41 186157.88
2 80 112 42 208204.31
2 80 112 43 232065.93
2 80 112 44 229970.08
2 80 112 45 239258.18
2 80 112 46 193411.66
2 80 112 47 216576.67
2 80 112 48 205829.82
2 80 112 49 204761.26
2 80 48 0 92896.69
2 80 48 1 94077.27
2 80 48 2 89485.7
2 80 48 3 72737.31
2 80 48 4 86647.67
2 80 48 5 94737.9
2 80 48 6 88564.42
2 80 48 7 85405.51
2 80 48 8 76471.74
2 80 48 9 77057.58
2 80 48 10 74104.39
2 80 48 11 100945.4
2 80 48 12 82967.7
2 80 48 13 94604.76
2 80 48 14 98563.48
2 80 48 15 95384.91
2 80 48 16 74510.67
2 80 48 17 76322.95
2 80 48 18 90831.86
2 80 48 19 90047.06
2 80 48 20 80583.71
2 80 48 21 83464.32
2 80 48 22 86175.73
2 80 48 23 94385.9
2 80 48 24 88474
2 80 48 25 88980.46
2 80 48 26 87465.58
2 80 48 27 97007.93
2 80 48 28 81048.69
2 80 48 29 89327.26
2 80 48 30 76161.98
2 80 48 31 106116.22
2 80 48 32 91705.19
2 80 48 33 81855.98
2 80 48 34 94525.58
2 80 48 35 75275.96
2 80 48 36 85292.09
2 80 48 37 98219.01
2 80 48 38 88496.71
2 80 48 39 105360.63
2 80 48 40 87136.83
2 80 48 41 92291.87
2 80 48 42 80564.92
2 80 48 43 75141.82
2 80 48 44 90045.66
2 80 48 45 81188.25
2 80 48 46 89110.86
2 80 48 47 82701.62
2 80 48 48 86705.1
2 80 48 49 82157.7
2 80 80 0 168146.07
2 80 80 1 154038.08
2 80 80 2 152797.83
2 80 80 3 161432.58
2 80 80 4 159140.13
2 80 80 5 158488.89
2 80 80 6 172421.4
2 80 80 7 136086.41
2 80 80 8 158970.89
2 80 80 9 136298.25
2 80 80 10 121360.95
2 80 80 11 160629.76
2 80 80 12 157911.36
2 80 80 13 134079.26
2 80 80 14 138697.1
2 80 80 15 143303.79
2 80 80 16 143032.97
2 80 80 17 138121.02
2 80 80 18 138178.74
2 80 80 19 136543.9
2 80 80 20 128338.16
2 80 80 21 150740.22
2 80 80 22 140184.19
2 80 80 23 133876.72
2 80 80 24 165904.7
2 80 80 25 126860.9
2 80 80 26 133070.3
2 80 80 27 144439.22
2 80 80 28 145567.34
2 80 80 29 144889.45
2 80 80 30 151533.74
2 80 80 31 162418.34
2 80 80 32 182382.34
2 80 80 33 146614.58
2 80 80 34 147885.66
2 80 80 35 159527.67
2 80 80 36 157115.33
2 80 80 37 132877.57
2 80 80 38 147189.76
2 80 80 39 133875.16
2 80 80 40 156521.55
2 80 80 41 131991.05
2 80 80 42 133680.22
2 80 80 43 166655.37
2 80 80 44 147201.57
2 80 80 45 186001.94
2 80 80 46 125217.74
2 80 80 47 140731.5
2 80 80 48 165365.68
2 80 80 49 147536.66
