G N M I OF
1 100 100 0 21967.81
1 100 100 1 21542.94
1 100 100 2 23540.12
1 100 100 3 23277.3
1 100 100 4 26714.06
1 100 100 5 26504.2
1 100 100 6 21965.96
1 100 100 7 24406.15
1 100 100 8 24433
1 100 100 9 24533.25
1 100 100 10 24435.71
1 100 100 11 26947.77
1 100 100 12 23333.54
1 100 100 13 24650.26
1 100 100 14 23359.33
1 100 100 15 22994.24
1 100 100 16 23909.06
1 100 100 17 25576.38
1 100 100 18 23710.91
1 100 100 19 24768.6
1 100 100 20 26659.44
1 100 100 21 27257.29
1 100 100 22 21548.19
1 100 100 23 23499.88
1 100 100 24 23416.75
1 100 100 25 29290.48
1 100 100 26 22289.46
1 100 100 27 22890.5
1 100 100 28 24395.8
1 100 100 29 22936.24
1 100 100 30 24277.78
1 100 100 31 29254.26
1 100 100 32 27406.9
1 100 100 33 23316.17
1 100 100 34 21197.41
1 100 100 35 26555.07
1 100 100 36 22642.49
1 100 100 37 22715.98
1 100 100 38 24883.16
1 100 100 39 23149.79
1 100 100 40 26657.37
1 100 100 41 23308.51
1 100 100 42 25918.4
1 100 100 43 24501.63
1 100 100 44 22685.68
1 100 100 45 26473.7
1 100 100 46 24777.87
1 100 100 47 23690.46
1 100 100 48 25666.29
1 100 100 49 24765.03
1 100 140 0 34740
1 100 140 1 33818.59
1 100 140 2 34160.53
1 100 140 3 32885.68
1 100 140 4 34767.7
1 100 140 5 32264.19
1 100 140 6 33836.85
1 100 140 7 37604.36
1 100 140 8 32969.86
1 100 140 9 32365.21
1 100 140 10 28888.17
1 100 140 11 32798.14
1 100 140 12 32329.55
1 100 140 13 33078.54
1 100 140 14 34045.28
1 100 140 15 37097.65
1 100 140 16 31936.18
1 100 140 17 31017.27
1 100 140 18 30594.69
1 100 140 19 33471.23
1 100 140 20 33719.83
1 100 140 21 28911.83
1 100 140 22 31850.57
1 100 140 23 31448.83
1 100 140 24 33535.05
1 100 140 25 30416.49
1 100 140 26 31106.37
1 100 140 27 31718.42
1 100 140 28 36695.06
1 100 140 29 32309.1
1 100 140 30 35530.33
1 100 140 31 34022.37
1 100 140 32 34835.77
1 100 140 33 38129.96
1 100 140 34 34483.45
1 100 140 35 32497.54
1 100 140 36 33321.05
1 100 140 37 35072.56
1 100 140 38 30477.95
1 100 140 39 34710.53
1 100 140 40 35139.2
1 100 140 41 32791.44
1 100 140 42 32610.92
1 100 140 43 35249.09
1 100 140 44 32579.69
1 100 140 45 30747.73
1 100 140 46 30827.82
1 100 140 47 33577.79
1 100 140 48 39020.21
1 100 140 49 33527.23
1 100 60 0 14362.42
1 100 60 1 15132.11
1 100 60 2 13755.73
1 100 60 3 14052.87
1 100 60 4 13948.45
1 100 60 5 11509.44
1 100 60 6 11615.88
1 100 60 7 14562.85
1 100 60 8 13212.07
1 100 60 9 15816.55
1 100 60 10 13122.61
1 100 60 11 12494.03
1 100 60 12 12828.01
1 100 60 13 14976.94
1 100 60 14 11881.39
1 100 60 15 12309.93
1 100 60 16 14585.41
1 100 60 17 13903.65
1 100 60 18 13286.06
1 100 60 19 14296.46
1 100 60 20 10911.62
1 100 60 21 14431.25
1 100 60 22 12572.75
1 100 60 23 13776.55
1 100 60 24 14885.12
1 100 60 25 12833.96
1 100 60 26 14519.44
1 100 60 27 12157.82
1 100 60 28 17166.98
1 100 60 29 12653.83
1 100 60 30 14040.17
1 100 60 31 14022.44
1 100 60 32 12593.95
1 100 60 33 15964.61
1 100 60 34 15251.91
1 100 60 35 13895.47
1 100 60 36 13389.88
1 100 60 37 14943.54
1 100 60 38 17152.03
1 100 60 39 16783.93
1 100 60 40 13624.57
1 100 60 41 12102.55
1 100 60 42 13546.96
1 100 60 43 13729.76
1 100 60 44 14514.34
1 100 60 45 14767.82
1 100 60 46 13763.74
1 100 60 47 12972.26
1 100 60 48 15546.15
1 100 60 49 11932.04
1 20 12 0 573.14
1 20 12 1 416.62
1 20 12 2 516.75
1 20 12 3 453.93
1 20 12 4 531.83
1 20 12 5 594
1 20 12 6 477.26
1 20 12 7 560.47
1 20 12 8 460.86
1 20 12 9 387.2
1 20 12 10 486.88
1 20 12 11 478.77
1 20 12 12 336.73
1 20 12 13 415
1 20 12 14 498.3
1 20 12 15 367.01
1 20 12 16 401.35
1 20 12 17 308.75
1 20 12 18 594.02
1 20 12 19 163.73
1 20 12 20 475.48
1 20 12 21 761.99
1 20 12 22 546.08
1 20 12 23 589.73
1 20 12 24 481.96
1 20 12 25 581.66
1 20 12 26 467.03
1 20 12 27 272.86
1 20 12 28 358.07
1 20 12 29 470.93
1 20 12 30 265.2
1 20 12 31 317.03
1 20 12 32 500.95
1 20 12 33 571.14
1 20 12 34 262.55
1 20 12 35 392.48
1 20 12 36 425.95
1 20 12 37 688.15
1 20 12 38 486.69
1 20 12 39 564.06
1 20 12 40 379.64
1 20 12 41 592.04
1 20 12 42 340.01
1 20 12 43 668.76
1 20 12 44 309.46
1 20 12 45 600.76
1 20 12 46 516.69
1 20 12 47 417.29
1 20 12 48 395.08
1 20 12 49 751.99
1 20 20 0 598.93
1 20 20 1 937.61
1 20 20 2 1030.52
1 20 20 3 745.5
1 20 20 4 742.67
1 20 20 5 696.88
1 20 20 6 807.79
1 20 20 7 625.42
1 20 20 8 1092.99
1 20 20 9 645.29
1 20 20 10 656.13
1 20 20 11 451.01
1 20 20 12 811.2
1 20 20 13 970.69
1 20 20 14 854.66
1 20 20 15 866.96
1 20 20 16 837.46
1 20 20 17 753.48
1 20 20 18 652.4
1 20 20 19 890.81
1 20 20 20 704.68
1 20 20 21 1157.44
1 20 20 22 711.33
1 20 20 23 931.74
1 20 20 24 812.15
1 20 20 25 943.69
1 20 20 26 691.82
1 20 20 27 739.25
1 20 20 28 892.55
1 20 20 29 792.82
1 20 20 30 586.82
1 20 20 31 565.06
1 20 20 32 854.75
1 20 20 33 738.73
1 20 20 34 702.04
1 20 20 35 764.63
1 20 20 36 967.85
1 20 20 37 681.33
1 20 20 38 851.49
1 20 20 39 694.31
1 20 20 40 544.36
1 20 20 41 940.89
1 20 20 42 1018.82
1 20 20 43 1037.89
1 20 20 44 844.99
1 20 20 45 804.53
1 20 20 46 740.47
1 20 20 47 702.83
1 20 20 48 644.99
1 20 20 49 542.75
1 20 28 0 1171.22
1 20 28 1 1154.64
1 20 28 2 1096.49
1 20 28 3 920.67
1 20 28 4 1297.51
1 20 28 5 868.74
1 20 28 6 927.32
1 20 28 7 1306.72
1 20 28 8 1042.65
1 20 28 9 1222.38
1 20 28 10 1098.7
1 20 28 11 975.62
1 20 28 12 1208.49
1 20 28 13 1157.65
1 20 28 14 1195.12
1 20 28 15 1734.18
1 20 28 16 1231.86
1 20 28 17 1469.98
1 20 28 18 1362.65
1 20 28 19 994.59
1 20 28 20 1097.54
1 20 28 21 808.49
1 20 28 22 1214.35
1 20 28 23 999.74
1 20 28 24 1236.82
1 20 28 25 1026.97
1 20 28 26 1368.73
1 20 28 27 828.74
1 20 28 28 1283.63
1 20 28 29 1431.28
1 20 28 30 1213.59
1 20 28 31 1108.85
1 20 28 32 1333.57
1 20 28 33 1108.58
1 20 28 34 1082.55
1 20 28 35 1183.11
1 20 28 36 1372.56
1 20 28 37 1663.64
1 20 28 38 1353.64
1 20 28 39 1602.32
1 20 28 40 830.95
1 20 28 41 1262.54
1 20 28 42 1455.38
1 20 28 43 959.36
1 20 28 44 1191.37
1 20 28 45 1600.5
1 20 28 46 1340.19
1 20 28 47 1209.43
1 20 28 48 1192.24
1 20 28 49 1281.94
1 40 24 0 1052.53
1 40 24 1 2202.84
1 40 24 2 2015.4
1 40 24 3 1643.23
1 40 24 4 1830.52
1 40 24 5 2078.86
1 40 24 6 2207.2
1 40 24 7 2527.22
1 40 24 8 1956.27
1 40 24 9 2183.87
1 40 24 10 2381.98
1 40 24 11 1923.89
1 40 24 12 2047.63
1 40 24 13 2064.65
1 40 24 14 2000.23
1 40 24 15 1488.18
1 40 24 16 1767.65
1 40 24 17 2026.02
1 40 24 18 2128.49
1 40 24 19 1880.23
1 40 24 20 2020.54
1 40 24 21 2583.17
1 40 24 22 2959.96
1 40 24 23 1637.68
1 40 24 24 2372.65
1 40 24 25 2317.04
1 40 24 26 2280.31
1 40 24 27 1616.31
1 40 24 28 2604.07
1 40 24 29 1973.29
1 40 24 30 3014.59
1 40 24 31 1907.38
1 40 24 32 2570.23
1 40 24 33 2256.08
1 40 24 34 2000.85
1 40 24 35 1627.58
1 40 24 36 1554.6
1 40 24 37 1943.7
1 40 24 38 1967.82
1 40 24 39 2072.7
1 40 24 40 2210.74
1 40 24 41 2146.97
1 40 24 42 2189.99
1 40 24 43 2158.12
1 40 24 44 2025.78
1 40 24 45 2633.85
1 40 24 46 1850.08
1 40 24 47 2214.73
1 40 24 48 2328.93
1 40 24 49 1834.21
1 40 40 0 3785.41
1 40 40 1 3716.35
1 40 40 2 2940.69
1 40 40 3 4088.92
1 40 40 4 4568.49
1 40 40 5 4063.55
1 40 40 6 3378.88
1 40 40 7 3265.17
1 40 40 8 5092.56
1 40 40 9 3831.6
1 40 40 10 2972.24
1 40 40 11 3793.42
1 40 40 12 3871.26
1 40 40 13 3249.23
1 40 40 14 3148.63
1 40 40 15 3008.94
1 40 40 16 3177.39
1 40 40 17 3027.13
1 40 40 18 3532.5
1 40 40 19 3994.12
1 40 40 20 3234.97
1 40 40 21 3590.8
1 40 40 22 4156.01
1 40 40 23 3510.71
1 40 40 24 3784.64
1 40 40 25 3639.36
1 40 40 26 3505.36
1 40 40 27 3143.37
1 40 40 28 4162.27
1 40 40 29 3089.11
1 40 40 30 4203.07
1 40 40 31 4236.5
1 40 40 32 2612.83
1 40 40 33 2846.21
1 40 40 34 3948.92
1 40 40 35 3756.51
1 40 40 36 3054.63
1 40 40 37 4142.56
1 40 40 38 4130.27
1 40 40 39 2746.32
1 40 40 40 4487.24
1 40 40 41 3247.99
1 40 40 42 3502.07
1 40 40 43 3659.8
1 40 40 44 3948.52
1 40 40 45 4455.73
1 40 40 46 3379.6
1 40 40 47 3679.42
1 40 40 48 3684.77
1 40 40 49 4227.12
1 40 56 0 5167.93
1 40 56 1 5514.71
1 40 56 2 5154.85
1 40 56 3 4477.97
1 40 56 4 5441.85
1 40 56 5 5244.22
1 40 56 6 4041.1
1 40 56 7 4635.55
1 40 56 8 4218.49
1 40 56 9 5392.2
1 40 56 10 4989.2
1 40 56 11 6322.76
1 40 56 12 4876.15
1 40 56 13 6103
1 40 56 14 4280.2
1 40 56 15 5926.97
1 40 56 16 5370.48
1 40 56 17 6609.1
1 40 56 18 4889.33
1 40 56 19 4645.04
1 40 56 20 5171.64
1 40 56 21 4711.35
1 40 56 22 5860.13
1 40 56 23 4458.59
1 40 56 24 5257.99
1 40 56 25 5589.15
1 40 56 26 4742.62
1 40 56 27 4815.36
1 40 56 28 4275.76
1 40 56 29 4858.32
1 40 56 30 5453.43
1 40 56 31 4813.64
1 40 56 32 5164.76
1 40 56 33 4992.57
1 40 56 34 3962.51
1 40 56 35 4822.49
1 40 56 36 5086.52
1 40 56 37 4724.13
1 40 56 38 4075.81
1 40 56 39 5733.16
1 40 56 40 4792.01
1 40 56 41 5368.32
1 40 56 42 5057.55
1 40 56 43 6101.84
1 40 56 44 4880.79
1 40 56 45 4779.7
1 40 56 46 4446.53
1 40 56 47 4151.41
1 40 56 48 5773.3
1 40 56 49 5118.48
1 80 112 0 21565.49
1 80 112 1 20973.37
1 80 112 2 20421.68
1 80 112 3 19268.75
1 80 112 4 23206.01
1 80 112 5 20639.59
1 80 112 6 24832.48
1 80 112 7 23248.55
1 80 112 8 21643.64
1 80 112 9 20223.32
1 80 112 10 22591.87
1 80 112 11 22377.59
1 80 112 12 20563.88
1 80 112 13 21299.57
1 80 112 14 24200.63
1 80 112 15 21965.49
1 80 112 16 21390.63
1 80 112 17 24818.45
1 80 112 18 23491.43
1 80 112 19 20344.95
1 80 112 20 23630.7
1 80 112 21 19646.51
1 80 112 22 24033.44
1 80 112 23 19163.06
1 80 112 24 18885.84
1 80 112 25 21138.65
1 80 112 26 20549.58
1 80 112 27 23296.87
1 80 112 28 21528.82
1 80 112 29 23352.59
1 80 112 30 20945.12
1 80 112 31 24594.98
1 80 112 32 19079.84
1 80 112 33 19426.41
1 80 112 34 20951.09
1 80 112 35 23151.45
1 80 112 36 22436.05
1 80 112 37 22675.66
1 80 112 38 21434.71
1 80 112 39 23264.93
1 80 112 40 23778.6
1 80 112 41 19866.38
1 80 112 42 20634.42
1 80 112 43 22994.3
1 80 112 44 25170.05
1 80 112 45 20855.75
1 80 112 46 19588.34
1 80 112 47 23311.6
1 80 112 48 18521.06
1 80 112 49 22636.49
1 80 48 0 8651.5
1 80 48 1 8092.68
1 80 48 2 7970.01
1 80 48 3 8722.64
1 80 48 4 6730.02
1 80 48 5 10671.63
1 80 48 6 9417.05
1 80 48 7 9466.13
1 80 48 8 9623.52
1 80 48 9 10326.12
1 80 48 10 7555.28
1 80 48 11 8283.91
1 80 48 12 8661.33
1 80 48 13 7476.52
1 80 48 14 6489.99
1 80 48 15 9450.55
1 80 48 16 9821.29
1 80 48 17 7620.04
1 80 48 18 8256.59
1 80 48 19 7284.82
1 80 48 20 8426.39
1 80 48 21 10710.7
1 80 48 22 8796.9
1 80 48 23 9762.37
1 80 48 24 8552.93
1 80 48 25 10355.15
1 80 48 26 8953.16
1 80 48 27 9967.99
1 80 48 28 9861.51
1 80 48 29 8464.41
1 80 48 30 8341.87
1 80 48 31 9860.19
1 80 48 32 9848.46
1 80 48 33 9634.84
1 80 48 34 8008.77
1 80 48 35 6944.13
1 80 48 36 10074.84
1 80 48 37 9615.76
1 80 48 38 8477.22
1 80 48 39 7514.86
1 80 48 40 7845.59
1 80 48 41 6953.08
1 80 48 42 8376.13
1 80 48 43 7928.58
1 80 48 44 8796.14
1 80 48 45 8636.68
1 80 48 46 8934.68
1 80 48 47 9159.56
1 80 48 48 9063.29
1 80 48 49 8533.09
1 80 80 0 19664.34
1 80 80 1 16677.68
1 80 80 2 15658.31
1 80 80 3 13945.5
1 80 80 4 16919.69
1 80 80 5 12884.01
1 80 80 6 15945.23
1 80 80 7 13196.43
1 80 80 8 15354.8
1 80 80 9 16118.4
1 80 80 10 16940.37
1 80 80 11 12959.47
1 80 80 12 16115.51
1 80 80 13 15386.39
1 80 80 14 16061.12
1 80 80 15 13701.67
1 80 80 16 16795.21
1 80 80 17 13650.1
1 80 80 18 15078.04
1 80 80 19 14775.42
1 80 80 20 15196.89
1 80 80 21 13294.17
1 80 80 22 15467.24
1 80 80 23 15478.72
1 80 80 24 15542.11
1 80 80 25 15622.28
1 80 80 26 15047.86
1 80 80 27 14395.44
1 80 80 28 12264.31
1 80 80 29 13752.06
1 80 80 30 14824.52
1 80 80 31 16802.07
1 80 80 32 14879.98
1 80 80 33 13077.78
1 80 80 34 16478.17
1 80 80 35 16425.58
1 80 80 36 13940.25
1 80 80 37 16268.56
1 80 80 38 16034.52
1 80 80 39 16815.13
1 80 80 40 16496.63
1 80 80 41 11856.87
1 80 80 42 15608.46
1 80 80 43 14773.89
1 80 80 44 16263.62
1 80 80 45 12767.6
1 80 80 46 13694.45
1 80 80 47 13996.42
1 80 80 48 16664.7
1 80 80 49 16569.09
2 100 100 0 248135.77
2 100 100 1 247393.04
2 100 100 2 217173.2
2 100 100 3 210991.87
2 100 100 4 216208.11
2 100 100 5 233528.11
2 100 100 6 221800.39
2 100 100 7 244121.94
2 100 100 8 241598.17
2 100 100 9 253754.04
2 100 100 10 247001.57
2 100 100 11 257805.39
2 100 100 12 237255.43
2 100 100 13 221797.47
2 100 100 14 279255.82
2 100 100 15 251404.18
2 100 100 16 221856.28
2 100 100 17 214098.09
2 100 100 18 221839.24
2 100 100 19 256838.1
2 100 100 20 267157.97
2 100 100 21 219866.63
2 100 100 22 215288
2 100 100 23 218101.3
2 100 100 24 199881.47
2 100 100 25 251706.96
2 100 100 26 252348.04
2 100 100 27 208302.43
2 100 100 28 269219.14
2 100 100 29 244263.54
2 100 100 30 233921.4
2 100 100 31 212188.04
2 100 100 32 240537.58
2 100 100 33 247217.52
2 100 100 34 219019.91
2 100 100 35 248201.14
2 100 100 36 212496.7
2 100 100 37 236304.06
2 100 100 38 228972.75
2 100 100 39 248540.57
2 100 100 40 213327.55
2 100 100 41 231885.77
2 100 100 42 278881.22
2 100 100 43 204877.67
2 100 100 44 222697.41
2 100 100 45 217321.99
2 100 100 46 207447.16
2 100 100 47 216218.98
2 100 100 48 273214.21
2 100 100 49 243076.33
2 100 140 0 355945.48
2 100 140 1 353723.09
2 100 140 2 324176.77
2 100 140 3 305992.3
2 100 140 4 350697.29
2 100 140 5 316193.25
2 100 140 6 346611
2 100 140 7 350853.69
2 100 140 8 342395.81
2 100 140 9 340855.98
2 100 140 10 346793.51
2 100 140 11 316817.27
2 100 140 12 264442.37
2 100 140 13 367307.27
2 100 140 14 332503.26
2 100 140 15 324433.81
2 100 140 16 314325.29
2 100 140 17 344203.36
2 100 140 18 361654.36
2 100 140 19 353073.74
2 100 140 20 350863.44
2 100 140 21 351156.06
2 100 140 22 333814.69
2 100 140 23 294717.33
2 100 140 24 317753.49
2 100 140 25 328329.85
2 100 140 26 354752.6
2 100 140 27 303379.21
2 100 140 28 342284.56
2 100 140 29 322968.41
2 100 140 30 334450.48
2 100 140 31 348964.68
2 100 140 32 350445.08
2 100 140 33 379167.18
2 100 140 34 324690.03
2 100 140 35 335728.96
2 100 140 36 405266.07
2 100 140 37 314586.97
2 100 140 38 308348.47
2 100 140 39 273387.56
2 100 140 40 331700.28
2 100 140 41 324925.62
2 100 140 42 343850.29
2 100 140 43 341094.07
2 100 140 44 330556.06
2 100 140 45 370051.51
2 100 140 46 298765.57
2 100 140 47 312904.37
2 100 140 48 355877.48
2 100 140 49 325784.57
2 100 60 0 123988.43
2 100 60 1 138932.59
2 100 60 2 126857.22
2 100 60 3 178552.92
2 100 60 4 130881.41
2 100 60 5 136548.54
2 100 60 6 135880.01
2 100 60 7 157294.83
2 100 60 8 161519.41
2 100 60 9 127035.21
2 100 60 10 135684.31
2 100 60 11 148671.07
2 100 60 12 121124.06
2 100 60 13 142523.67
2 100 60 14 159060.93
2 100 60 15 137928.11
2 100 60 16 137350.26
2 100 60 17 147045.08
2 100 60 18 138515.12
2 100 60 19 150583.7
2 100 60 20 119682.89
2 100 60 21 111293.68
2 100 60 22 165673.54
2 100 60 23 125743.54
2 100 60 24 120605.11
2 100 60 25 135628.46
2 100 60 26 135039.14
2 100 60 27 156054.79
2 100 60 28 144628.33
2 100 60 29 160688.38
2 100 60 30 126506.2
2 100 60 31 127149
2 100 60 32 133077.69
2 100 60 33 113013.14
2 100 60 34 124378.54
2 100 60 35 143723.81
2 100 60 36 131236.44
2 100 60 37 129761.59
2 100 60 38 119936.65
2 100 60 39 171878.2
2 100 60 40 126786.81
2 100 60 41 141638.08
2 100 60 42 131399.52
2 100 60 43 140420.16
2 100 60 44 176770.43
2 100 60 45 129799.7
2 100 60 46 132366.98
2 100 60 47 129920.12
2 100 60 48 141407.23
2 100 60 49 129948.11
2 20 12 0 3357.91
2 20 12 1 3943.88
2 20 12 2 3912.5
2 20 12 3 7077.78
2 20 12 4 4837.26
2 20 12 5 3838.69
2 20 12 6 4178.19
2 20 12 7 4183.56
2 20 12 8 3644.28
2 20 12 9 7443.75
2 20 12 10 4939.96
2 20 12 11 5245.32
2 20 12 12 4452.02
2 20 12 13 5284.72
2 20 12 14 5943.98
2 20 12 15 4944.67
2 20 12 16 4902.19
2 20 12 17 5124.29
2 20 12 18 6216.63
2 20 12 19 3699.34
2 20 12 20 4265.47
2 20 12 21 5816.02
2 20 12 22 3905.19
2 20 12 23 4593.6
2 20 12 24 3640.7
2 20 12 25 2435.14
2 20 12 26 3541.63
2 20 12 27 4582.15
2 20 12 28 6563.49
2 20 12 29 4947.56
2 20 12 30 3460.78
2 20 12 31 4427.76
2 20 12 32 5322.23
2 20 12 33 2515.81
2 20 12 34 5284.92
2 20 12 35 3371.81
2 20 12 36 6070.95
2 20 12 37 3324.31
2 20 12 38 5101.12
2 20 12 39 4578.97
2 20 12 40 4594.73
2 20 12 41 5483.01
2 20 12 42 4476.6
2 20 12 43 5224.59
2 20 12 44 4498.48
2 20 12 45 4636.45
2 20 12 46 5597.37
2 20 12 47 5945.76
2 20 12 48 4412.07
2 20 12 49 2157.35
2 20 20 0 6318.95
2 20 20 1 10015.1
2 20 20 2 6643.66
2 20 20 3 9097.43
2 20 20 4 6375.92
2 20 20 5 5990.18
2 20 20 6 7019.55
2 20 20 7 12571.22
2 20 20 8 9771.16
2 20 20 9 6800.8
2 20 20 10 9384.2
2 20 20 11 5663.07
2 20 20 12 8568.3
2 20 20 13 7880
2 20 20 14 10045.08
2 20 20 15 8012.5
2 20 20 16 8701.01
2 20 20 17 7746.1
2 20 20 18 7857.09
2 20 20 19 8775.6
2 20 20 20 5610.79
2 20 20 21 7624.3
2 20 20 22 5401.18
2 20 20 23 9109.34
2 20 20 24 7323.72
2 20 20 25 5810.15
2 20 20 26 8474.63
2 20 20 27 7377.95
2 20 20 28 6125.57
2 20 20 29 10569.57
2 20 20 30 12656.03
2 20 20 31 7641.3
2 20 20 32 4646.02
2 20 20 33 7999.37
2 20 20 34 8155.49
2 20 20 35 8630.16
2 20 20 36 6713.33
2 20 20 37 7995.18
2 20 20 38 7584.49
2 20 20 39 6733.79
2 20 20 40 5085.74
2 20 20 41 7186.76
2 20 20 42 10323.98
2 20 20 43 7676.87
2 20 20 44 5577.87
2 20 20 45 7575.13
2 20 20 46 8749.99
2 20 20 47 9317.24
2 20 20 48 6858.76
2 20 20 49 8451.48
2 20 28 0 13148.63
2 20 28 1 11941.33
2 20 28 2 9666.3
2 20 28 3 13095.5
2 20 28 4 14474.07
2 20 28 5 10699.59
2 20 28 6 17942.11
2 20 28 7 16336.35
2 20 28 8 10247.21
2 20 28 9 10473.04
2 20 28 10 12325.13
2 20 28 11 13250.15
2 20 28 12 11190.83
2 20 28 13 13181.34
2 20 28 14 14234.4
2 20 28 15 12341.99
2 20 28 16 14098.11
2 20 28 17 10501.78
2 20 28 18 12661.56
2 20 28 19 13663.4
2 20 28 20 12911.5
2 20 28 21 13361.51
2 20 28 22 8939.93
2 20 28 23 9879.51
2 20 28 24 12175.7
2 20 28 25 7530.3
2 20 28 26 10895.52
2 20 28 27 9796.39
2 20 28 28 12953.61
2 20 28 29 10170.85
2 20 28 30 13495.47
2 20 28 31 10809.78
2 20 28 32 11557.34
2 20 28 33 13764.88
2 20 28 34 10573.51
2 20 28 35 8286.68
2 20 28 36 11712.37
2 20 28 37 11965.53
2 20 28 38 13108.44
2 20 28 39 11626.21
2 20 28 40 10503.86
2 20 28 41 15002.83
2 20 28 42 12213.74
2 20 28 43 13377.01
2 20 28 44 11119.15
2 20 28 45 10881.04
2 20 28 46 12135.03
2 20 28 47 13254.29
2 20 28 48 13655.74
2 20 28 49 11724.92
2 40 24 0 20939.54
2 40 24 1 21467.35
2 40 24 2 22227.36
2 40 24 3 20065.05
2 40 24 4 13384.79
2 40 24 5 20083.25
2 40 24 6 21383.94
2 40 24 7 24609.41
2 40 24 8 23022.16
2 40 24 9 19062.61
2 40 24 10 20572.77
2 40 24 11 28776.06
2 40 24 12 16709.82
2 40 24 13 17446.63
2 40 24 14 18824.68
2 40 24 15 18795
2 40 24 16 14029.88
2 40 24 17 18914.86
2 40 24 18 22970.88
2 40 24 19 18074.72
2 40 24 20 20425.15
2 40 24 21 24670.24
2 40 24 22 16099.56
2 40 24 23 18129.78
2 40 24 24 19421.78
2 40 24 25 24479.23
2 40 24 26 20913.39
2 40 24 27 22538.27
2 40 24 28 21126.86
2 40 24 29 25673
2 40 24 30 17135.11
2 40 24 31 18529.54
2 40 24 32 20363.33
2 40 24 33 15396.07
2 40 24 34 19951.29
2 40 24 35 20771.68
2 40 24 36 21735.77
2 40 24 37 16222.25
2 40 24 38 21066.27
2 40 24 39 28605.41
2 40 24 40 16193.12
2 40 24 41 20501.27
2 40 24 42 18708.46
2 40 24 43 17990.32
2 40 24 44 16620.8
2 40 24 45 17418.46
2 40 24 46 18273.91
2 40 24 47 23814.47
2 40 24 48 14461.56
2 40 24 49 20143.36
2 40 40 0 33699.64
2 40 40 1 37824.33
2 40 40 2 34134.84
2 40 40 3 28370.75
2 40 40 4 38990.51
2 40 40 5 39388.12
2 40 40 6 41503.82
2 40 40 7 33220.22
2 40 40 8 46245.3
2 40 40 9 39958.76
2 40 40 10 31488.68
2 40 40 11 37754.6
2 40 40 12 40882.47
2 40 40 13 35493.95
2 40 40 14 37253.78
2 40 40 15 41964.19
2 40 40 16 27030.57
2 40 40 17 33864.19
2 40 40 18 32707.38
2 40 40 19 34143.13
2 40 40 20 39310.1
2 40 40 21 43691.03
2 40 40 22 34247.96
2 40 40 23 34173.52
2 40 40 24 41201.35
2 40 40 25 33175.87
2 40 40 26 40012.83
2 40 40 27 37687.53
2 40 40 28 33474.28
2 40 40 29 41373.41
2 40 40 30 26421.15
2 40 40 31 37399.5
2 40 40 32 44717.17
2 40 40 33 36075.84
2 40 40 34 27991.56
2 40 40 35 31931.08
2 40 40 36 27969.79
2 40 40 37 34449.4
2 40 40 38 32983.41
2 40 40 39 33640.09
2 40 40 40 33224.01
2 40 40 41 47366.14
2 40 40 42 38320.42
2 40 40 43 35867.84
2 40 40 44 29490.17
2 40 40 45 30790.43
2 40 40 46 31468.01
2 40 40 47 34710.46
2 40 40 48 38930.65
2 40 40 49 40309.41
2 40 56 0 42052.79
2 40 56 1 48151.59
2 40 56 2 47711.21
2 40 56 3 45711.24
2 40 56 4 51554.43
2 40 56 5 53711.56
2 40 56 6 47805.37
2 40 56 7 41471.38
2 40 56 8 53343.54
2 40 56 9 40436.98
2 40 56 10 59603.38
2 40 56 11 46534.26
2 40 56 12 43199.28
2 40 56 13 54257.36
2 40 56 14 61704.29
2 40 56 15 44060.67
2 40 56 16 49833.54
2 40 56 17 55884.27
2 40 56 18 45439.32
2 40 56 19 56555.35
2 40 56 20 45685.58
2 40 56 21 45298.45
2 40 56 22 52497.49
2 40 56 23 33899.71
2 40 56 24 46049.16
2 40 56 25 40669.04
2 40 56 26 52333.25
2 40 56 27 58392
2 40 56 28 48481.19
2 40 56 29 68784.85
2 40 56 30 52614.4
2 40 56 31 47029.92
2 40 56 32 68732.9
2 40 56 33 54446.75
2 40 56 34 71405.75
2 40 56 35 60093.87
2 40 56 36 63912.69
2 40 56 37 55319.08
2 40 56 38 46970.97
2 40 56 39 36752.06
2 40 56 40 54705.61
2 40 56 41 56408.83
2 40 56 42 53803.85
2 40 56 43 50428.63
2 40 56 44 61453.62
2 40 56 45 46821.41
2 40 56 46 40637.33
2 40 56 47 54251.3
2 40 56 48 52444.75
2 40 56 49 45301.51
2 80 112 0 222478.64
2 80 112 1 226660.52
2 80 112 2 230219.54
2 80 112 3 226555.1
2 80 112 4 216313.56
2 80 112 5 221161.52
2 80 112 6 230733.4
2 80 112 7 192858.42
2 80 112 8 224094.61
2 80 112 9 207312.93
2 80 112 10 192159
2 80 112 11 211345.26
2 80 112 12 204039.61
2 80 112 13 215725
2 80 112 14 224459.9
2 80 112 15 182088.31
2 80 112 16 235279.09
2 80 112 17 209171.24
2 80 112 18 241303.71
2 80 112 19 228400.04
2 80 112 20 209436.03
2 80 112 21 193091.22
2 80 112 22 227803.16
2 80 112 23 190209.17
2 80 112 24 196477.42
2 80 112 25 216208.22
2 80 112 26 206439.92
2 80 112 27 210155.26
2 80 112 28 227138.11
2 80 112 29 193870.61
2 80 112 30 181962.87
2 80 112 31 173275.84
2 80 112 32 197975.37
2 80 112 33 223879.39
2 80 112 34 239268.44
2 80 112 35 217729.2
2 80 112 36 211359.27
2 80 112 37 214002.7
2 80 112 38 200773.74
2 80 112 39 240762.67
2 80 112 40 198145.54
2 80 112 41 187941.93
2 80 112 42 210134.86
2 80 112 43 235584.88
2 80 112 44 232138.16
2 80 112 45 240727.9
2 80 112 46 196716.48
2 80 112 47 219518.2
2 80 112 48 207543.35
2 80 112 49 206862.42
2 80 48 0 94194.77
2 80 48 1 94607.15
2 80 48 2 90422.54
2 80 48 3 73093.61
2 80 48 4 87347.28
2 80 48 5 95788.97
2 80 48 6 89522.77
2 80 48 7 87091.98
2 80 48 8 77698.33
2 80 48 9 78269.84
2 80 48 10 74535.81
2 80 48 11 101114.43
2 80 48 12 84333.82
2 80 48 13 94930.88
2 80 48 14 98549.31
2 80 48 15 96259.93
2 80 48 16 75673.54
2 80 48 17 77132.27
2 80 48 18 93125.61
2 80 48 19 90887.23
2 80 48 20 80937.88
2 80 48 21 85455.71
2 80 48 22 86403.3
2 80 48 23 95012.72
2 80 48 24 89175.38
2 80 48 25 89156.41
2 80 48 26 88750.11
2 80 48 27 97497.94
2 80 48 28 81838
2 80 48 29 89654.61
2 80 48 30 76707.06
2 80 48 31 106687.2
2 80 48 32 91823.89
2 80 48 33 83422.46
2 80 48 34 95051.08
2 80 48 35 75495.85
2 80 48 36 86101.93
2 80 48 37 98575.35
2 80 48 38 89335.68
2 80 48 39 105648.81
2 80 48 40 87734.66
2 80 48 41 92941.61
2 80 48 42 81306.04
2 80 48 43 76014.48
2 80 48 44 91064.46
2 80 48 45 81592.45
2 80 48 46 89992.33
2 80 48 47 83804.99
2 80 48 48 87718.22
2 80 48 49 83142.36
2 80 80 0 170388.04
2 80 80 1 154574.29
2 80 80 2 154206.22
2 80 80 3 163788.41
2 80 80 4 159870.15
2 80 80 5 159731.84
2 80 80 6 174687.59
2 80 80 7 138730.35
2 80 80 8 160733.27
2 80 80 9 138914.5
2 80 80 10 122156.13
2 80 80 11 161554.21
2 80 80 12 161110.87
2 80 80 13 135570.69
2 80 80 14 140386.21
2 80 80 15 144625.98
2 80 80 16 144664.67
2 80 80 17 140325.61
2 80 80 18 138536.82
2 80 80 19 137988.17
2 80 80 20 129809.41
2 80 80 21 152700.86
2 80 80 22 140450.85
2 80 80 23 134265.31
2 80 80 24 167077
2 80 80 25 127429.67
2 80 80 26 134452.4
2 80 80 27 144299.18
2 80 80 28 146786.66
2 80 80 29 145989.32
2 80 80 30 152623.81
2 80 80 31 164413.17
2 80 80 32 184658.32
2 80 80 33 147447.63
2 80 80 34 148771.25
2 80 80 35 161150.88
2 80 80 36 158884.29
2 80 80 37 133509.83
2 80 80 38 147082.2
2 80 80 39 135867.58
2 80 80 40 157952.56
2 80 80 41 133850.33
2 80 80 42 136294.82
2 80 80 43 168911.17
2 80 80 44 148499.12
2 80 80 45 188277.42
2 80 80 46 126979.53
2 80 80 47 142182.24
2 80 80 48 166595.06
2 80 80 49 147987.11
