G N M I OF
1 100 100 0 22142.59
1 100 100 1 21674.25
1 100 100 2 23647.79
1 100 100 3 23446.52
1 100 100 4 26848.72
1 100 100 5 26865.33
1 100 100 6 22257.5
1 100 100 7 24610.19
1 100 100 8 24621.39
1 100 100 9 24805.07
1 100 100 10 24627.57
1 100 100 11 27295.71
1 100 100 12 23538.33
1 100 100 13 24799.48
1 100 100 14 23488.43
1 100 100 15 23134.74
1 100 100 16 24142.98
1 100 100 17 25755.71
1 100 100 18 23982.81
1 100 100 19 25053.01
1 100 100 20 26863.03
1 100 100 21 27482.87
1 100 100 22 21715.83
1 100 100 23 23667.88
1 100 100 24 23523.6
1 100 100 25 29498.78
1 100 100 26 22456.03
1 100 100 27 23062.57
1 100 100 28 24469.63
1 100 100 29 23097.97
1 100 100 30 24490.92
1 100 100 31 29443.59
1 100 100 32 27544.97
1 100 100 33 23415.86
1 100 100 34 21324.68
1 100 100 35 26824.53
1 100 100 36 22897.01
1 100 100 37 22862.66
1 100 100 38 25054.41
1 100 100 39 23366.64
1 100 100 40 26973.84
1 100 100 41 23501.07
1 100 100 42 26007.11
1 100 100 43 24638.87
1 100 100 44 22880.07
1 100 100 45 26713.37
1 100 100 46 24945.51
1 100 100 47 23905.75
1 100 100 48 25775.91
1 100 100 49 24990.09
1 100 140 0 35127.27
1 100 140 1 34134.18
1 100 140 2 34563.55
1 100 140 3 33240.67
1 100 140 4 35059.33
1 100 140 5 32476.92
1 100 140 6 34055.39
1 100 140 7 38012.56
1 100 140 8 33264.86
1 100 140 9 32782.51
1 100 140 10 29213.86
1 100 140 11 33013.59
1 100 140 12 32724.57
1 100 140 13 33222.21
1 100 140 14 34371.24
1 100 140 15 37370.21
1 100 140 16 32295.92
1 100 140 17 31254.45
1 100 140 18 30885.36
1 100 140 19 34020.42
1 100 140 20 33953.51
1 100 140 21 29175.46
1 100 140 22 32166.46
1 100 140 23 31619.78
1 100 140 24 33776.69
1 100 140 25 30726.99
1 100 140 26 31315.61
1 100 140 27 31933.28
1 100 140 28 36956.31
1 100 140 29 32686.18
1 100 140 30 35813.03
1 100 140 31 34371.84
1 100 140 32 35214.98
1 100 140 33 38432.58
1 100 140 34 34882.23
1 100 140 35 32848.37
1 100 140 36 33610.47
1 100 140 37 35486.42
1 100 140 38 30764.6
1 100 140 39 34920.27
1 100 140 40 35638.77
1 100 140 41 33162.09
1 100 140 42 32813.27
1 100 140 43 35548.53
1 100 140 44 32979.11
1 100 140 45 31037.62
1 100 140 46 31408.5
1 100 140 47 34043.95
1 100 140 48 39427.59
1 100 140 49 33857.69
1 100 60 0 14441.91
1 100 60 1 15216.28
1 100 60 2 13842.86
1 100 60 3 14133.09
1 100 60 4 14004.22
1 100 60 5 11531.14
1 100 60 6 11661.05
1 100 60 7 14687.44
1 100 60 8 13338.69
1 100 60 9 15903.47
1 100 60 10 13198.15
1 100 60 11 12579.36
1 100 60 12 12937.93
1 100 60 13 15078.26
1 100 60 14 11908.99
1 100 60 15 12344.6
1 100 60 16 14670.34
1 100 60 17 14001.51
1 100 60 18 13391.92
1 100 60 19 14377.66
1 100 60 20 10955.15
1 100 60 21 14496.62
1 100 60 22 12607.23
1 100 60 23 13844.69
1 100 60 24 15045.64
1 100 60 25 12901.69
1 100 60 26 14547.49
1 100 60 27 12198.62
1 100 60 28 17257.2
1 100 60 29 12711.27
1 100 60 30 14119.48
1 100 60 31 14072.89
1 100 60 32 12697.63
1 100 60 33 16027.95
1 100 60 34 15427.69
1 100 60 35 13937.2
1 100 60 36 13485.98
1 100 60 37 15051.93
1 100 60 38 17269.59
1 100 60 39 16875.8
1 100 60 40 13709.11
1 100 60 41 12166.67
1 100 60 42 13625.86
1 100 60 43 13831.56
1 100 60 44 14571.36
1 100 60 45 14867.99
1 100 60 46 13827.27
1 100 60 47 13008.86
1 100 60 48 15563.27
1 100 60 49 11987.82
1 20 12 0 581.99
1 20 12 1 416.62
1 20 12 2 516.75
1 20 12 3 462.69
1 20 12 4 532.23
1 20 12 5 602.76
1 20 12 6 485.66
1 20 12 7 560.61
1 20 12 8 462.21
1 20 12 9 393.32
1 20 12 10 487.22
1 20 12 11 479.24
1 20 12 12 346.61
1 20 12 13 430.46
1 20 12 14 516.56
1 20 12 15 384.67
1 20 12 16 406.68
1 20 12 17 311.94
1 20 12 18 599.81
1 20 12 19 165.38
1 20 12 20 478
1 20 12 21 767.59
1 20 12 22 546.33
1 20 12 23 603.41
1 20 12 24 491.99
1 20 12 25 603.68
1 20 12 26 474.43
1 20 12 27 275.47
1 20 12 28 359.27
1 20 12 29 480.83
1 20 12 30 273.33
1 20 12 31 329.34
1 20 12 32 501.71
1 20 12 33 577.44
1 20 12 34 267.93
1 20 12 35 395.6
1 20 12 36 425.95
1 20 12 37 696.41
1 20 12 38 488.23
1 20 12 39 569.26
1 20 12 40 394.9
1 20 12 41 608.93
1 20 12 42 340.57
1 20 12 43 704.89
1 20 12 44 310.89
1 20 12 45 613.28
1 20 12 46 517.39
1 20 12 47 417.29
1 20 12 48 395.08
1 20 12 49 752.86
1 20 20 0 610.17
1 20 20 1 995.19
1 20 20 2 1097.48
1 20 20 3 758.18
1 20 20 4 751.48
1 20 20 5 709.26
1 20 20 6 858.01
1 20 20 7 641.28
1 20 20 8 1117.91
1 20 20 9 646.57
1 20 20 10 674.11
1 20 20 11 477.15
1 20 20 12 832.86
1 20 20 13 979.93
1 20 20 14 861.97
1 20 20 15 888.62
1 20 20 16 859.88
1 20 20 17 770.33
1 20 20 18 681.1
1 20 20 19 914.01
1 20 20 20 720.45
1 20 20 21 1167.38
1 20 20 22 740.54
1 20 20 23 944.84
1 20 20 24 822.25
1 20 20 25 948.64
1 20 20 26 736.91
1 20 20 27 752.49
1 20 20 28 903.3
1 20 20 29 799.38
1 20 20 30 623.34
1 20 20 31 581.62
1 20 20 32 867.18
1 20 20 33 761.5
1 20 20 34 709.44
1 20 20 35 775.59
1 20 20 36 989.31
1 20 20 37 689.1
1 20 20 38 862.75
1 20 20 39 711.2
1 20 20 40 565.11
1 20 20 41 943.65
1 20 20 42 1064.3
1 20 20 43 1054.43
1 20 20 44 865.45
1 20 20 45 827.45
1 20 20 46 760.87
1 20 20 47 725.1
1 20 20 48 692.7
1 20 20 49 561.46
1 20 28 0 1207.26
1 20 28 1 1189.58
1 20 28 2 1121.68
1 20 28 3 952.83
1 20 28 4 1365.32
1 20 28 5 883.23
1 20 28 6 955
1 20 28 7 1341.25
1 20 28 8 1058.37
1 20 28 9 1242.4
1 20 28 10 1122.08
1 20 28 11 1005.74
1 20 28 12 1250.59
1 20 28 13 1168.66
1 20 28 14 1247.14
1 20 28 15 1773.8
1 20 28 16 1238.1
1 20 28 17 1480.09
1 20 28 18 1380.02
1 20 28 19 1021.88
1 20 28 20 1138.16
1 20 28 21 826.55
1 20 28 22 1270.78
1 20 28 23 1024.55
1 20 28 24 1258.83
1 20 28 25 1062
1 20 28 26 1420.6
1 20 28 27 850.21
1 20 28 28 1335.28
1 20 28 29 1451.02
1 20 28 30 1249.06
1 20 28 31 1149.7
1 20 28 32 1367.06
1 20 28 33 1164.45
1 20 28 34 1123.95
1 20 28 35 1203.16
1 20 28 36 1416.39
1 20 28 37 1703.49
1 20 28 38 1384.95
1 20 28 39 1645.01
1 20 28 40 862.39
1 20 28 41 1281.77
1 20 28 42 1482.41
1 20 28 43 1004.26
1 20 28 44 1206.47
1 20 28 45 1614.82
1 20 28 46 1384.97
1 20 28 47 1229.64
1 20 28 48 1214.68
1 20 28 49 1323.17
1 40 24 0 1064.79
1 40 24 1 2239.43
1 40 24 2 2020.6
1 40 24 3 1647.35
1 40 24 4 1853.66
1 40 24 5 2087.3
1 40 24 6 2236.67
1 40 24 7 2536.49
1 40 24 8 1967.77
1 40 24 9 2202.06
1 40 24 10 2396.14
1 40 24 11 1939.77
1 40 24 12 2078.58
1 40 24 13 2072.57
1 40 24 14 2016.75
1 40 24 15 1512.69
1 40 24 16 1778.7
1 40 24 17 2045.66
1 40 24 18 2146.83
1 40 24 19 1883.45
1 40 24 20 2021.58
1 40 24 21 2598.82
1 40 24 22 2977.94
1 40 24 23 1648.84
1 40 24 24 2404.35
1 40 24 25 2356.19
1 40 24 26 2300.76
1 40 24 27 1626.32
1 40 24 28 2628.06
1 40 24 29 1990.77
1 40 24 30 3077.6
1 40 24 31 1916.97
1 40 24 32 2578.34
1 40 24 33 2260.11
1 40 24 34 2023.25
1 40 24 35 1641.16
1 40 24 36 1555
1 40 24 37 1960.61
1 40 24 38 1988.72
1 40 24 39 2087.91
1 40 24 40 2227.98
1 40 24 41 2161.02
1 40 24 42 2201.81
1 40 24 43 2184.84
1 40 24 44 2065.72
1 40 24 45 2637.82
1 40 24 46 1873.38
1 40 24 47 2233.69
1 40 24 48 2346.29
1 40 24 49 1861.08
1 40 40 0 3826.73
1 40 40 1 3742.14
1 40 40 2 2976.37
1 40 40 3 4124.74
1 40 40 4 4613.65
1 40 40 5 4162.58
1 40 40 6 3406.12
1 40 40 7 3313.63
1 40 40 8 5143.91
1 40 40 9 3902.25
1 40 40 10 3010.97
1 40 40 11 3847.12
1 40 40 12 3939.58
1 40 40 13 3269.12
1 40 40 14 3188.11
1 40 40 15 3041.38
1 40 40 16 3206.02
1 40 40 17 3071.11
1 40 40 18 3584.42
1 40 40 19 4020.67
1 40 40 20 3295.05
1 40 40 21 3626.52
1 40 40 22 4235.6
1 40 40 23 3634.07
1 40 40 24 3813.08
1 40 40 25 3676.21
1 40 40 26 3551.92
1 40 40 27 3200.03
1 40 40 28 4213.36
1 40 40 29 3162.09
1 40 40 30 4223.93
1 40 40 31 4266.34
1 40 40 32 2637.57
1 40 40 33 2873.47
1 40 40 34 3974.37
1 40 40 35 3761.41
1 40 40 36 3092.91
1 40 40 37 4172.92
1 40 40 38 4175.81
1 40 40 39 2786.81
1 40 40 40 4548.34
1 40 40 41 3315.9
1 40 40 42 3530.53
1 40 40 43 3765.85
1 40 40 44 4017.24
1 40 40 45 4530.94
1 40 40 46 3424.83
1 40 40 47 3721.04
1 40 40 48 3773.39
1 40 40 49 4256.28
1 40 56 0 5233.64
1 40 56 1 5580.95
1 40 56 2 5263.53
1 40 56 3 4520.05
1 40 56 4 5519.48
1 40 56 5 5331.9
1 40 56 6 4088.46
1 40 56 7 4759.34
1 40 56 8 4284.92
1 40 56 9 5503.79
1 40 56 10 5097.9
1 40 56 11 6399.61
1 40 56 12 4973.82
1 40 56 13 6213.6
1 40 56 14 4352.32
1 40 56 15 6000.77
1 40 56 16 5467.56
1 40 56 17 6688.74
1 40 56 18 4937.14
1 40 56 19 4706.12
1 40 56 20 5227.78
1 40 56 21 4774.32
1 40 56 22 5959.49
1 40 56 23 4558.07
1 40 56 24 5358.92
1 40 56 25 5657.25
1 40 56 26 4841.11
1 40 56 27 4917.35
1 40 56 28 4327.36
1 40 56 29 4881.6
1 40 56 30 5537.32
1 40 56 31 4964.38
1 40 56 32 5269.89
1 40 56 33 5101.49
1 40 56 34 4024.23
1 40 56 35 4868.17
1 40 56 36 5165.07
1 40 56 37 4756.88
1 40 56 38 4133.09
1 40 56 39 5841.2
1 40 56 40 4848.33
1 40 56 41 5502.79
1 40 56 42 5102.04
1 40 56 43 6188.82
1 40 56 44 5013.94
1 40 56 45 4855.84
1 40 56 46 4504.65
1 40 56 47 4221.75
1 40 56 48 5920.27
1 40 56 49 5246.55
1 80 112 0 21785.94
1 80 112 1 21261.85
1 80 112 2 20511.69
1 80 112 3 19398.56
1 80 112 4 23446.32
1 80 112 5 20858.65
1 80 112 6 24968.69
1 80 112 7 23543.78
1 80 112 8 21903.27
1 80 112 9 20477.93
1 80 112 10 22791.25
1 80 112 11 22718.27
1 80 112 12 20730.97
1 80 112 13 21636.3
1 80 112 14 24460.62
1 80 112 15 22259.83
1 80 112 16 21533.55
1 80 112 17 25091.2
1 80 112 18 23779.04
1 80 112 19 20539.26
1 80 112 20 23790.2
1 80 112 21 19879.74
1 80 112 22 24259.27
1 80 112 23 19300.36
1 80 112 24 19040.38
1 80 112 25 21418.28
1 80 112 26 20780.34
1 80 112 27 23497.49
1 80 112 28 21807.12
1 80 112 29 23648.81
1 80 112 30 21257.22
1 80 112 31 24739.87
1 80 112 32 19171.6
1 80 112 33 19604.6
1 80 112 34 21103.89
1 80 112 35 23426.69
1 80 112 36 22683.77
1 80 112 37 22953.27
1 80 112 38 21576.02
1 80 112 39 23581.88
1 80 112 40 23988.05
1 80 112 41 19981.4
1 80 112 42 20720.99
1 80 112 43 23184.13
1 80 112 44 25417.85
1 80 112 45 21124.82
1 80 112 46 19816.53
1 80 112 47 23592.52
1 80 112 48 18720.15
1 80 112 49 22926.06
1 80 48 0 8688.94
1 80 48 1 8119.86
1 80 48 2 8070.29
1 80 48 3 8742.16
1 80 48 4 6791.51
1 80 48 5 10732.45
1 80 48 6 9487.3
1 80 48 7 9527.2
1 80 48 8 9699.39
1 80 48 9 10379.59
1 80 48 10 7610.41
1 80 48 11 8368.28
1 80 48 12 8702.03
1 80 48 13 7532.21
1 80 48 14 6604.15
1 80 48 15 9512.11
1 80 48 16 9889.34
1 80 48 17 7663.45
1 80 48 18 8279.42
1 80 48 19 7309.57
1 80 48 20 8440.64
1 80 48 21 10766.94
1 80 48 22 8867.88
1 80 48 23 9805.49
1 80 48 24 8591.98
1 80 48 25 10421.89
1 80 48 26 9017.90000000001
1 80 48 27 10012.02
1 80 48 28 9961.15
1 80 48 29 8553.89
1 80 48 30 8401.41
1 80 48 31 9965.34
1 80 48 32 9938.55
1 80 48 33 9671.05
1 80 48 34 8050.48
1 80 48 35 7010
1 80 48 36 10186.55
1 80 48 37 9681.97
1 80 48 38 8514.04
1 80 48 39 7561.75
1 80 48 40 7884.72
1 80 48 41 6974.18
1 80 48 42 8456.29
1 80 48 43 7966.58
1 80 48 44 8866.69
1 80 48 45 8677.53
1 80 48 46 8983.42
1 80 48 47 9217.45
1 80 48 48 9209.46
1 80 48 49 8561.44
1 80 80 0 19908.23
1 80 80 1 16748.75
1 80 80 2 15704.47
1 80 80 3 14078.44
1 80 80 4 17023.91
1 80 80 5 12966.87
1 80 80 6 16098.89
1 80 80 7 13278.58
1 80 80 8 15521.53
1 80 80 9 16212.37
1 80 80 10 16996.06
1 80 80 11 13081.37
1 80 80 12 16236.16
1 80 80 13 15473.76
1 80 80 14 16261.93
1 80 80 15 13798.43
1 80 80 16 16940.62
1 80 80 17 13794.33
1 80 80 18 15303.08
1 80 80 19 14894.02
1 80 80 20 15326.67
1 80 80 21 13377.3
1 80 80 22 15566.72
1 80 80 23 15670.85
1 80 80 24 15597.96
1 80 80 25 15722.9
1 80 80 26 15237.45
1 80 80 27 14528.35
1 80 80 28 12332.99
1 80 80 29 13909.77
1 80 80 30 14963.12
1 80 80 31 16932.78
1 80 80 32 14920.96
1 80 80 33 13256.5
1 80 80 34 16740.15
1 80 80 35 16587.67
1 80 80 36 14043.21
1 80 80 37 16426.23
1 80 80 38 16161.23
1 80 80 39 16895.4
1 80 80 40 16612.41
1 80 80 41 12000.4
1 80 80 42 15795.89
1 80 80 43 14877.83
1 80 80 44 16431.51
1 80 80 45 12854.02
1 80 80 46 13763.99
1 80 80 47 14125.14
1 80 80 48 16757.65
1 80 80 49 16797.59
2 100 100 0 249475.63
2 100 100 1 248454.07
2 100 100 2 218470.96
2 100 100 3 211605.91
2 100 100 4 217340.05
2 100 100 5 237066.21
2 100 100 6 223867.08
2 100 100 7 245840.95
2 100 100 8 242695.87
2 100 100 9 255004.37
2 100 100 10 248540.89
2 100 100 11 259581.99
2 100 100 12 239468.31
2 100 100 13 223646.23
2 100 100 14 280456.71
2 100 100 15 252462.49
2 100 100 16 223298.59
2 100 100 17 215119.09
2 100 100 18 223375.29
2 100 100 19 258608.37
2 100 100 20 271458.16
2 100 100 21 222623.89
2 100 100 22 216796.47
2 100 100 23 219782.45
2 100 100 24 201533.47
2 100 100 25 253310.11
2 100 100 26 254364.23
2 100 100 27 209994.66
2 100 100 28 270326.62
2 100 100 29 246185.28
2 100 100 30 235074.52
2 100 100 31 214631.96
2 100 100 32 242392.45
2 100 100 33 248406.43
2 100 100 34 220850.34
2 100 100 35 251774.22
2 100 100 36 214032.31
2 100 100 37 238052.24
2 100 100 38 230293.04
2 100 100 39 250635.58
2 100 100 40 215046.39
2 100 100 41 232780.23
2 100 100 42 281933.52
2 100 100 43 206736.11
2 100 100 44 224042.69
2 100 100 45 218435.81
2 100 100 46 208949.41
2 100 100 47 218192.38
2 100 100 48 274681.76
2 100 100 49 245401.31
2 100 140 0 358103.12
2 100 140 1 357346.66
2 100 140 2 327423.76
2 100 140 3 310054.61
2 100 140 4 352934.91
2 100 140 5 319736.49
2 100 140 6 350091.31
2 100 140 7 353122.97
2 100 140 8 346572.67
2 100 140 9 343559.35
2 100 140 10 350255.78
2 100 140 11 320003.62
2 100 140 12 267194.97
2 100 140 13 370239.64
2 100 140 14 335628.51
2 100 140 15 328003.4
2 100 140 16 315916.41
2 100 140 17 347330.94
2 100 140 18 365117.93
2 100 140 19 355639.01
2 100 140 20 353998.41
2 100 140 21 354482.35
2 100 140 22 337013.53
2 100 140 23 297768.63
2 100 140 24 321477
2 100 140 25 330331.7
2 100 140 26 357205.19
2 100 140 27 304725.9
2 100 140 28 344708.34
2 100 140 29 324857.23
2 100 140 30 338020.03
2 100 140 31 352244.14
2 100 140 32 352784.88
2 100 140 33 383834.1
2 100 140 34 328401.14
2 100 140 35 338052.82
2 100 140 36 406743.14
2 100 140 37 317226.42
2 100 140 38 311270.39
2 100 140 39 277110.07
2 100 140 40 335144.34
2 100 140 41 328887.83
2 100 140 42 347236.92
2 100 140 43 345040.66
2 100 140 44 332494.67
2 100 140 45 371871.84
2 100 140 46 301980.37
2 100 140 47 315962.72
2 100 140 48 359178.19
2 100 140 49 329327.08
2 100 60 0 124900.46
2 100 60 1 139189.05
2 100 60 2 127628.36
2 100 60 3 180146.06
2 100 60 4 131867.89
2 100 60 5 136902.42
2 100 60 6 136756.59
2 100 60 7 158413.28
2 100 60 8 161922.59
2 100 60 9 127721.51
2 100 60 10 136566.59
2 100 60 11 149283.4
2 100 60 12 121755.51
2 100 60 13 143043.86
2 100 60 14 159731.02
2 100 60 15 138377.17
2 100 60 16 137806.89
2 100 60 17 147576.25
2 100 60 18 139377.13
2 100 60 19 152057.55
2 100 60 20 120492.62
2 100 60 21 111872.48
2 100 60 22 167183.48
2 100 60 23 126182.98
2 100 60 24 120909.36
2 100 60 25 136873.53
2 100 60 26 136022.25
2 100 60 27 156820.89
2 100 60 28 146413.42
2 100 60 29 161294.49
2 100 60 30 126997.32
2 100 60 31 128033.1
2 100 60 32 133353.67
2 100 60 33 113695.04
2 100 60 34 125410.94
2 100 60 35 144704.05
2 100 60 36 132243.99
2 100 60 37 130262.85
2 100 60 38 120761.97
2 100 60 39 173390.99
2 100 60 40 127473.24
2 100 60 41 142377.29
2 100 60 42 132025.05
2 100 60 43 140802.1
2 100 60 44 177279.88
2 100 60 45 130908.15
2 100 60 46 133200.16
2 100 60 47 130258.39
2 100 60 48 142316.55
2 100 60 49 130742.11
2 20 12 0 3375.47
2 20 12 1 3966.92
2 20 12 2 3999.67
2 20 12 3 7210.36
2 20 12 4 4839.86
2 20 12 5 4028.5
2 20 12 6 4181.91
2 20 12 7 4202.98
2 20 12 8 3677.69
2 20 12 9 7505.89
2 20 12 10 4967.52
2 20 12 11 5307.2
2 20 12 12 4461.74
2 20 12 13 5499.11
2 20 12 14 6292.26
2 20 12 15 5219.51
2 20 12 16 4902.19
2 20 12 17 5161.19
2 20 12 18 6378.37
2 20 12 19 3722.8
2 20 12 20 4327.85
2 20 12 21 5855.67
2 20 12 22 3932.73
2 20 12 23 4801.73
2 20 12 24 3693.98
2 20 12 25 2505.12
2 20 12 26 3594.82
2 20 12 27 4589.8
2 20 12 28 6668.13
2 20 12 29 4949.84
2 20 12 30 3508.38
2 20 12 31 4496.72
2 20 12 32 5343.3
2 20 12 33 2541.65
2 20 12 34 5298.57
2 20 12 35 3468.01
2 20 12 36 6099.66
2 20 12 37 3368.19
2 20 12 38 5212.7
2 20 12 39 4578.97
2 20 12 40 4843.47
2 20 12 41 5598.9
2 20 12 42 4614.27
2 20 12 43 5238.99
2 20 12 44 4569.04
2 20 12 45 4723.75
2 20 12 46 5679.47
2 20 12 47 6018.63
2 20 12 48 4502.97
2 20 12 49 2189.41
2 20 20 0 6430.51
2 20 20 1 10449.79
2 20 20 2 6776.59
2 20 20 3 9198.84
2 20 20 4 6509
2 20 20 5 6239.16
2 20 20 6 7109.29
2 20 20 7 12910.4
2 20 20 8 9969.12
2 20 20 9 6965.35
2 20 20 10 9549.83
2 20 20 11 5712.89
2 20 20 12 8675.97
2 20 20 13 7982.3
2 20 20 14 10225.18
2 20 20 15 8148.68
2 20 20 16 9125.5
2 20 20 17 7926.23
2 20 20 18 8031.48
2 20 20 19 8892.23
2 20 20 20 5815.01
2 20 20 21 7868.83
2 20 20 22 5408.74
2 20 20 23 9359.78
2 20 20 24 7640.41
2 20 20 25 5901.03
2 20 20 26 8605.77
2 20 20 27 7486.39
2 20 20 28 6160.68
2 20 20 29 11048.18
2 20 20 30 12790.86
2 20 20 31 7729.57
2 20 20 32 4718.82
2 20 20 33 8084.21
2 20 20 34 8371.47
2 20 20 35 8917.46
2 20 20 36 6960.66
2 20 20 37 8165.04
2 20 20 38 7802.64
2 20 20 39 7028.36
2 20 20 40 5183.47
2 20 20 41 7655.33
2 20 20 42 10419.17
2 20 20 43 7859.91
2 20 20 44 5666.43
2 20 20 45 7773.78
2 20 20 46 8876.86
2 20 20 47 9432.8
2 20 20 48 7063.3
2 20 20 49 8475
2 20 28 0 13413.99
2 20 28 1 12342.37
2 20 28 2 9995.08
2 20 28 3 13410.23
2 20 28 4 14676.25
2 20 28 5 11241.99
2 20 28 6 18515.17
2 20 28 7 16884.02
2 20 28 8 10514.19
2 20 28 9 10528.16
2 20 28 10 12600.47
2 20 28 11 13347.11
2 20 28 12 11398.07
2 20 28 13 13674.39
2 20 28 14 14584.4
2 20 28 15 12462.97
2 20 28 16 14442.32
2 20 28 17 10597.85
2 20 28 18 12955.97
2 20 28 19 14136.84
2 20 28 20 13179.14
2 20 28 21 13769.46
2 20 28 22 9331.33
2 20 28 23 10123.4
2 20 28 24 12683.52
2 20 28 25 7706.96
2 20 28 26 11228.34
2 20 28 27 10135.18
2 20 28 28 13564.29
2 20 28 29 10386.69
2 20 28 30 14057.49
2 20 28 31 11056.16
2 20 28 32 11888.56
2 20 28 33 13798.8
2 20 28 34 10788.91
2 20 28 35 8482.73
2 20 28 36 11978.49
2 20 28 37 12118.15
2 20 28 38 13336.92
2 20 28 39 12174
2 20 28 40 10642.24
2 20 28 41 15308.18
2 20 28 42 12348.4
2 20 28 43 13722.57
2 20 28 44 11751.41
2 20 28 45 11007.47
2 20 28 46 12520.14
2 20 28 47 13564.47
2 20 28 48 14092.44
2 20 28 49 11928.03
2 40 24 0 21117.33
2 40 24 1 21624.01
2 40 24 2 22399.93
2 40 24 3 20198.02
2 40 24 4 13427.38
2 40 24 5 20386.8
2 40 24 6 21524.91
2 40 24 7 24696.2
2 40 24 8 23256.88
2 40 24 9 19495.65
2 40 24 10 20696.68
2 40 24 11 28890.36
2 40 24 12 16904.83
2 40 24 13 17640.95
2 40 24 14 18885.69
2 40 24 15 18865.8
2 40 24 16 14153.68
2 40 24 17 19028.79
2 40 24 18 23475.02
2 40 24 19 18139.19
2 40 24 20 20472.74
2 40 24 21 24911.36
2 40 24 22 16336.23
2 40 24 23 18240.47
2 40 24 24 19666.47
2 40 24 25 24773.92
2 40 24 26 20980.17
2 40 24 27 22930.45
2 40 24 28 21269.23
2 40 24 29 25864.98
2 40 24 30 17560.43
2 40 24 31 18673.01
2 40 24 32 20449.23
2 40 24 33 15530.75
2 40 24 34 20077.04
2 40 24 35 20930.23
2 40 24 36 21826.37
2 40 24 37 16561.81
2 40 24 38 21282.43
2 40 24 39 28755.33
2 40 24 40 16337.48
2 40 24 41 21054.85
2 40 24 42 18999.31
2 40 24 43 18397.36
2 40 24 44 16859.66
2 40 24 45 17539.3
2 40 24 46 18439.37
2 40 24 47 24264.23
2 40 24 48 14637.65
2 40 24 49 20307.1
2 40 40 0 34049.2
2 40 40 1 37925.91
2 40 40 2 35142.77
2 40 40 3 28933.27
2 40 40 4 39689.97
2 40 40 5 40083.88
2 40 40 6 41965.75
2 40 40 7 33662.7
2 40 40 8 46890.83
2 40 40 9 40542.67
2 40 40 10 31777.92
2 40 40 11 38367.86
2 40 40 12 41311.18
2 40 40 13 36022.38
2 40 40 14 37577.44
2 40 40 15 42592.25
2 40 40 16 27106.28
2 40 40 17 34353.61
2 40 40 18 32826.04
2 40 40 19 34257.54
2 40 40 20 40134.26
2 40 40 21 44167.47
2 40 40 22 34646.24
2 40 40 23 34426.94
2 40 40 24 41965.59
2 40 40 25 33630.39
2 40 40 26 40421.27
2 40 40 27 38257.18
2 40 40 28 34100.91
2 40 40 29 41595.92
2 40 40 30 26625.86
2 40 40 31 37567.37
2 40 40 32 45270.86
2 40 40 33 36337.92
2 40 40 34 28555.52
2 40 40 35 32069.13
2 40 40 36 28513.3
2 40 40 37 35022.47
2 40 40 38 33748.02
2 40 40 39 34260.69
2 40 40 40 33475.22
2 40 40 41 47700.83
2 40 40 42 38422.55
2 40 40 43 36664.11
2 40 40 44 29896.32
2 40 40 45 31215.67
2 40 40 46 31824.8
2 40 40 47 35313.3
2 40 40 48 39424.6
2 40 40 49 41066.19
2 40 56 0 42588.41
2 40 56 1 49214.98
2 40 56 2 48137.19
2 40 56 3 46047.22
2 40 56 4 52858.22
2 40 56 5 54653.54
2 40 56 6 48821.14
2 40 56 7 41925.65
2 40 56 8 54335.68
2 40 56 9 41408.62
2 40 56 10 60494.86
2 40 56 11 47410.42
2 40 56 12 44417.38
2 40 56 13 54945.5
2 40 56 14 62545.76
2 40 56 15 44515.53
2 40 56 16 51048.67
2 40 56 17 56539.48
2 40 56 18 46316.13
2 40 56 19 57766.57
2 40 56 20 46792.18
2 40 56 21 46222.06
2 40 56 22 53606.95
2 40 56 23 34287.04
2 40 56 24 46749.96
2 40 56 25 40972.11
2 40 56 26 53129.4
2 40 56 27 59304.22
2 40 56 28 49286.68
2 40 56 29 69265.55
2 40 56 30 53210.19
2 40 56 31 48158.54
2 40 56 32 70131.92
2 40 56 33 55640.3
2 40 56 34 72892.17
2 40 56 35 61758
2 40 56 36 65267.18
2 40 56 37 56172.48
2 40 56 38 47675.24
2 40 56 39 37390.41
2 40 56 40 55533.96
2 40 56 41 57141.51
2 40 56 42 54932.67
2 40 56 43 50889.53
2 40 56 44 62253.42
2 40 56 45 47281.34
2 40 56 46 41698.62
2 40 56 47 55793.36
2 40 56 48 53337.56
2 40 56 49 46419.97
2 80 112 0 224234.39
2 80 112 1 228799.03
2 80 112 2 233404.12
2 80 112 3 229458.72
2 80 112 4 218870.16
2 80 112 5 224055.68
2 80 112 6 233497.27
2 80 112 7 194925.15
2 80 112 8 226766.21
2 80 112 9 209640.72
2 80 112 10 193386.61
2 80 112 11 214553.94
2 80 112 12 205553.86
2 80 112 13 218076.93
2 80 112 14 227570.05
2 80 112 15 182945.53
2 80 112 16 237282.79
2 80 112 17 211648.43
2 80 112 18 243783.52
2 80 112 19 230401.16
2 80 112 20 211288.6
2 80 112 21 195353.68
2 80 112 22 230068.12
2 80 112 23 192287.64
2 80 112 24 197374.73
2 80 112 25 219705.16
2 80 112 26 207878.76
2 80 112 27 212707.63
2 80 112 28 228966.96
2 80 112 29 195424.47
2 80 112 30 185598.58
2 80 112 31 174721.85
2 80 112 32 199198.23
2 80 112 33 225657.59
2 80 112 34 241197.91
2 80 112 35 220679.18
2 80 112 36 213482.14
2 80 112 37 216033.58
2 80 112 38 203013.99
2 80 112 39 243039.86
2 80 112 40 200006.99
2 80 112 41 189899.63
2 80 112 42 211939.54
2 80 112 43 237016.53
2 80 112 44 234190.12
2 80 112 45 244229.51
2 80 112 46 199150.95
2 80 112 47 222679.05
2 80 112 48 210200.21
2 80 112 49 209119
2 80 48 0 94860.3
2 80 48 1 95150.22
2 80 48 2 91124.91
2 80 48 3 73757.13
2 80 48 4 87823.4
2 80 48 5 96552.39
2 80 48 6 89788.68
2 80 48 7 87370.52
2 80 48 8 78618.82
2 80 48 9 78611.11
2 80 48 10 74997.74
2 80 48 11 101965.96
2 80 48 12 85118.93
2 80 48 13 95945.69
2 80 48 14 99386.44
2 80 48 15 96787.09
2 80 48 16 75957.78
2 80 48 17 77353.99
2 80 48 18 93824.63
2 80 48 19 91433.27
2 80 48 20 81412.6
2 80 48 21 85563.06
2 80 48 22 87065.02
2 80 48 23 96490.75
2 80 48 24 89682.31
2 80 48 25 89842.63
2 80 48 26 89107.05
2 80 48 27 98221.79
2 80 48 28 82391.45
2 80 48 29 89890.33
2 80 48 30 76869.19
2 80 48 31 106926.44
2 80 48 32 92535.46
2 80 48 33 83738.6
2 80 48 34 95526.17
2 80 48 35 76020.94
2 80 48 36 86490.93
2 80 48 37 99054.89
2 80 48 38 89743.62
2 80 48 39 106669.48
2 80 48 40 88325.35
2 80 48 41 93910.1
2 80 48 42 81603.47
2 80 48 43 76129.05
2 80 48 44 91692.34
2 80 48 45 82034.58
2 80 48 46 90261.34
2 80 48 47 84658.37
2 80 48 48 88111.22
2 80 48 49 84200.56
2 80 80 0 171125.78
2 80 80 1 156111.09
2 80 80 2 155731.96
2 80 80 3 164900.66
2 80 80 4 161010.19
2 80 80 5 161668.89
2 80 80 6 176324.96
2 80 80 7 139714.77
2 80 80 8 162498.26
2 80 80 9 140307.19
2 80 80 10 124167.6
2 80 80 11 163777.47
2 80 80 12 162791.96
2 80 80 13 136896.72
2 80 80 14 141775.18
2 80 80 15 146143.87
2 80 80 16 146129.12
2 80 80 17 141630.39
2 80 80 18 139967.16
2 80 80 19 139152.06
2 80 80 20 131003.51
2 80 80 21 153326.97
2 80 80 22 141924.25
2 80 80 23 135173.12
2 80 80 24 168148.85
2 80 80 25 128567.57
2 80 80 26 136095.7
2 80 80 27 146321.54
2 80 80 28 148010.48
2 80 80 29 146671.08
2 80 80 30 156018.63
2 80 80 31 166163.34
2 80 80 32 185730.9
2 80 80 33 149108.98
2 80 80 34 150038.39
2 80 80 35 162329.07
2 80 80 36 159840.43
2 80 80 37 135422.23
2 80 80 38 149009.38
2 80 80 39 137152.53
2 80 80 40 159520.92
2 80 80 41 134430.29
2 80 80 42 137568.3
2 80 80 43 171409.87
2 80 80 44 149703.36
2 80 80 45 189643.83
2 80 80 46 128244.84
2 80 80 47 143400.75
2 80 80 48 169097.58
2 80 80 49 150594.92
